DATETIME,RECIPE,ANGLE,RESULT,MOVEMENT_HEAD1_X,MOVEMENT_HEAD2_X,MOVEMENT_HEAD3_X,MOVEMENT_HEAD4_X,MOVEMENT_Y,MOVEMENT_T,HEAD1_RESULT,HEAD1_PIXEL_X,HEAD1_PIXEL_Y,HEAD1_FILE,HEAD2_RESULT,HEAD2_PIXEL_X,HEAD2_PIXEL_Y,HEAD2_FILE,HEAD3_RESULT,HEAD3_PIXEL_X,HEAD3_PIXEL_Y,HEAD3_FILE,HEAD4_RESULT,HEAD4_PIXEL_X,HEAD4_PIXEL_Y,HEAD4_FILE
STRING,STRING,STRING,STRING,DOUBLE,DOUBLE,DOUBLE,DOUBLE,DOUBLE,DOUBLE,BOOL,DOUBLE,DOUBLE,STRING,BOOL,DOUBLE,DOUBLE,STRING,BOOL,DOUBLE,DOUBLE,STRING,BOOL,DOUBLE,DOUBLE,STRING
2017.03.31 00:02:54 890,TFT_SIDE5.46,0,RETRY,-0.8154,-0.5466,-0.6906,-0.6647,0.59,0.0154,True,885.088831438978,659.688639849236,.\Image\Alignment\2017\03\31\00.02.54 890\Head1.jpg,True,827.526154082972,652.524343465124,.\Image\Alignment\2017\03\31\00.02.54 890\Head2.jpg,True,865.071248558771,630.195568364222,.\Image\Alignment\2017\03\31\00.02.54 890\Head3.jpg,True,843.390963925252,615.403176451375,.\Image\Alignment\2017\03\31\00.02.54 890\Head4.jpg
2017.03.31 00:02:56 744,TFT_SIDE5.46,0,RETRY,0.0169,-0.0449,-0.0455,0.0232,-0.0086,0.00286,True,640.530145184255,481.827623783413,.\Image\Alignment\2017\03\31\00.02.56 744\Head1.jpg,True,655.412088432563,481.468542992175,.\Image\Alignment\2017\03\31\00.02.56 744\Head2.jpg,True,655.56473528843,479.618350981646,.\Image\Alignment\2017\03\31\00.02.56 744\Head3.jpg,True,638.879063558891,473.550612236253,.\Image\Alignment\2017\03\31\00.02.56 744\Head4.jpg
2017.03.31 00:02:58 558,TFT_SIDE5.46,0,RETRY,0,0.0024,0.0036,0.0009,0.0007,-0.0001,True,639.818467376484,480.029962663776,.\Image\Alignment\2017\03\31\00.02.58 558\Head1.jpg,True,637.969197467307,482.738240419681,.\Image\Alignment\2017\03\31\00.02.58 558\Head2.jpg,True,637.658454972133,483.48775708198,.\Image\Alignment\2017\03\31\00.02.58 558\Head3.jpg,True,639.569136225226,480.319658708473,.\Image\Alignment\2017\03\31\00.02.58 558\Head4.jpg
2017.03.31 00:03:00 317,TFT_SIDE5.46,0,OK,0.0009,0.0032,0.0034,0.0003,0,0,True,639.768821798287,479.773843672273,.\Image\Alignment\2017\03\31\00.03.00 317\Head1.jpg,True,639.135403293304,482.242995176648,.\Image\Alignment\2017\03\31\00.03.00 317\Head2.jpg,True,639.081823677693,483.067426566925,.\Image\Alignment\2017\03\31\00.03.00 317\Head3.jpg,True,639.923293042985,479.767759914168,.\Image\Alignment\2017\03\31\00.03.00 317\Head4.jpg
2017.03.31 00:03:18 815,TFT_SIDE5.46,90,RETRY,-0.785,-0.6339,-0.775,-0.6263,0.0485,0.01041,True,864.771034574742,510.251438620709,.\Image\Alignment\2017\03\31\00.03.18 815\Head1.jpg,True,807.971905404817,500.5740892878,.\Image\Alignment\2017\03\31\00.03.18 815\Head2.jpg,True,845.239536597948,501.705152860624,.\Image\Alignment\2017\03\31\00.03.18 815\Head3.jpg,True,821.743343697842,481.824064844171,.\Image\Alignment\2017\03\31\00.03.18 815\Head4.jpg
2017.03.31 00:03:20 669,TFT_SIDE5.46,90,RETRY,-0.0232,0.0499,0.0514,-0.0228,0.0479,-0.00419,True,640.114675165567,485.804923268854,.\Image\Alignment\2017\03\31\00.03.20 669\Head1.jpg,True,623.966712819936,493.75740940305,.\Image\Alignment\2017\03\31\00.03.20 669\Head2.jpg,True,623.53561584322,496.244040544969,.\Image\Alignment\2017\03\31\00.03.20 669\Head3.jpg,True,639.933397263856,497.537770581493,.\Image\Alignment\2017\03\31\00.03.20 669\Head4.jpg
2017.03.31 00:03:22 550,TFT_SIDE5.46,90,RETRY,0.0022,-0.0133,-0.0127,0.0023,-0.0088,0.00039,True,639.973650683076,478.309999002525,.\Image\Alignment\2017\03\31\00.03.22 550\Head1.jpg,True,643.648975137612,481.30056817319,.\Image\Alignment\2017\03\31\00.03.22 550\Head2.jpg,True,643.489071208004,481.210673048343,.\Image\Alignment\2017\03\31\00.03.22 550\Head3.jpg,True,639.963119667967,477.213705405487,.\Image\Alignment\2017\03\31\00.03.22 550\Head4.jpg
2017.03.31 00:03:24 405,TFT_SIDE5.46,90,OK,0.0003,0.0035,0.0021,-0.0002,0,0,True,639.926145488689,480.325617611443,.\Image\Alignment\2017\03\31\00.03.24 405\Head1.jpg,True,639.063602121164,483.606975907938,.\Image\Alignment\2017\03\31\00.03.24 405\Head2.jpg,True,639.434074438909,483.675832001117,.\Image\Alignment\2017\03\31\00.03.24 405\Head3.jpg,True,640.050281414895,480.273931093518,.\Image\Alignment\2017\03\31\00.03.24 405\Head4.jpg
2017.03.31 00:07:02 893,TFT_SIDE5.46,0,RETRY,-0.7288,-0.458,-0.6026,-0.5765,0.4104,0.03176,True,890.813779429539,635.535120132365,.\Image\Alignment\2017\03\31\00.07.02 893\Head1.jpg,True,833.243223413356,622.5613648082,.\Image\Alignment\2017\03\31\00.07.02 893\Head2.jpg,True,871.12758263399,584.261754365273,.\Image\Alignment\2017\03\31\00.07.02 893\Head3.jpg,True,849.012008087055,544.012990263096,.\Image\Alignment\2017\03\31\00.07.02 893\Head4.jpg
2017.03.31 00:07:04 760,TFT_SIDE5.46,0,RETRY,0.0208,-0.0418,-0.039,0.0244,0.0577,0.00284,True,639.476232589019,499.518275724155,.\Image\Alignment\2017\03\31\00.07.04 760\Head1.jpg,True,655.474222742956,499.457334974361,.\Image\Alignment\2017\03\31\00.07.04 760\Head2.jpg,True,654.650530317958,497.11699685697,.\Image\Alignment\2017\03\31\00.07.04 760\Head3.jpg,True,638.45157626101,491.214785236422,.\Image\Alignment\2017\03\31\00.07.04 760\Head4.jpg
2017.03.31 00:07:06 532,TFT_SIDE5.46,0,RETRY,0.0009,-0.0001,-0.001,0.0013,-0.0008,0.00037,True,640.423356453327,480.327387824927,.\Image\Alignment\2017\03\31\00.07.06 532\Head1.jpg,True,639.405786864977,482.558999179112,.\Image\Alignment\2017\03\31\00.07.06 532\Head2.jpg,True,639.6207771645,482.901915837274,.\Image\Alignment\2017\03\31\00.07.06 532\Head3.jpg,True,640.303284830364,479.257773933283,.\Image\Alignment\2017\03\31\00.07.06 532\Head4.jpg
2017.03.31 00:07:08 304,TFT_SIDE5.46,0,OK,0,0.0039,0.0047,0.0001,0,0,True,640.008622524693,480.07967944543,.\Image\Alignment\2017\03\31\00.07.08 304\Head1.jpg,True,638.965353178236,482.691199031319,.\Image\Alignment\2017\03\31\00.07.08 304\Head2.jpg,True,638.757660817595,483.420010149884,.\Image\Alignment\2017\03\31\00.07.08 304\Head3.jpg,True,639.965023743857,480.125128132976,.\Image\Alignment\2017\03\31\00.07.08 304\Head4.jpg
2017.03.31 00:07:26 824,TFT_SIDE5.46,90,RETRY,-0.6793,-0.554,-0.692,-0.52,0.1228,0.026,True,859.190332021681,556.218600363697,.\Image\Alignment\2017\03\31\00.07.26 824\Head1.jpg,True,802.371684955497,530.516769930792,.\Image\Alignment\2017\03\31\00.07.26 824\Head2.jpg,True,838.746846294633,517.31278484707,.\Image\Alignment\2017\03\31\00.07.26 824\Head3.jpg,True,815.980320133962,483.79762612033,.\Image\Alignment\2017\03\31\00.07.26 824\Head4.jpg
2017.03.31 00:07:28 665,TFT_SIDE5.46,90,RETRY,-0.0139,0.078,0.079,-0.0133,0.0618,-0.00234,True,640.312238995631,492.583238958722,.\Image\Alignment\2017\03\31\00.07.28 665\Head1.jpg,True,617.821302174241,498.219057215262,.\Image\Alignment\2017\03\31\00.07.28 665\Head2.jpg,True,617.511566771587,499.468503571538,.\Image\Alignment\2017\03\31\00.07.28 665\Head3.jpg,True,640.065514912711,499.120271920592,.\Image\Alignment\2017\03\31\00.07.28 665\Head4.jpg
2017.03.31 00:07:30 436,TFT_SIDE5.46,90,OK,0.0009,-0.0079,-0.0073,-0.0003,0,0,True,639.770833882636,478.568170326485,.\Image\Alignment\2017\03\31\00.07.30 436\Head1.jpg,True,642.116156455969,481.502920156083,.\Image\Alignment\2017\03\31\00.07.30 436\Head2.jpg,True,641.941721162199,481.631207701214,.\Image\Alignment\2017\03\31\00.07.30 436\Head3.jpg,True,640.073185690415,478.376041437272,.\Image\Alignment\2017\03\31\00.07.30 436\Head4.jpg
2017.03.31 00:10:33 638,TFT_SIDE5.46,0,RETRY,-0.8584,-0.7261,-0.8696,-0.7056,0.4157,0.00318,True,874.967598603663,595.421943295901,.\Image\Alignment\2017\03\31\00.10.33 638\Head1.jpg,True,818.268687423994,592.021379701581,.\Image\Alignment\2017\03\31\00.10.33 638\Head2.jpg,True,855.787347336398,600.791686349791,.\Image\Alignment\2017\03\31\00.10.33 638\Head3.jpg,True,832.919000570246,586.734810510231,.\Image\Alignment\2017\03\31\00.10.33 638\Head4.jpg
2017.03.31 00:10:35 493,TFT_SIDE5.46,0,RETRY,0.0003,0.0756,0.0741,0.0036,0.0817,0.00014,True,640.177215233246,502.010492931612,.\Image\Alignment\2017\03\31\00.10.35 493\Head1.jpg,True,619.277867818418,504.368841155089,.\Image\Alignment\2017\03\31\00.10.35 493\Head2.jpg,True,619.597517520344,504.646771718686,.\Image\Alignment\2017\03\31\00.10.35 493\Head3.jpg,True,639.206457075873,501.506770865732,.\Image\Alignment\2017\03\31\00.10.35 493\Head4.jpg
2017.03.31 00:10:37 182,TFT_SIDE5.46,0,OK,0.0003,0.0032,0.0041,-0.0002,0,0,True,639.910613848223,480.181985409049,.\Image\Alignment\2017\03\31\00.10.37 182\Head1.jpg,True,639.144763438752,482.878296003235,.\Image\Alignment\2017\03\31\00.10.37 182\Head2.jpg,True,638.918454521533,483.188433501034,.\Image\Alignment\2017\03\31\00.10.37 182\Head3.jpg,True,640.053162994698,480.336588425748,.\Image\Alignment\2017\03\31\00.10.37 182\Head4.jpg
2017.03.31 00:10:55 678,TFT_SIDE5.46,90,RETRY,-0.7234,-0.499,-0.6374,-0.5664,0.0371,-0.0083,True,821.147114462824,475.854676585767,.\Image\Alignment\2017\03\31\00.10.55 678\Head1.jpg,True,765.266282678744,486.772637025626,.\Image\Alignment\2017\03\31\00.10.55 678\Head2.jpg,True,801.871234092086,494.038884119988,.\Image\Alignment\2017\03\31\00.10.55 678\Head3.jpg,True,778.652860455937,499.925771988204,.\Image\Alignment\2017\03\31\00.10.55 678\Head4.jpg
2017.03.31 00:10:57 449,TFT_SIDE5.46,90,RETRY,-0.0007,-0.0177,-0.0169,0.0007,-0.0123,0.00037,True,640.740845841095,477.340124652553,.\Image\Alignment\2017\03\31\00.10.57 449\Head1.jpg,True,644.670536741541,479.989052303431,.\Image\Alignment\2017\03\31\00.10.57 449\Head2.jpg,True,644.475079629207,480.025971372682,.\Image\Alignment\2017\03\31\00.10.57 449\Head3.jpg,True,640.380528953608,476.302161415364,.\Image\Alignment\2017\03\31\00.10.57 449\Head4.jpg
2017.03.31 00:10:59 276,TFT_SIDE5.46,90,OK,0.0005,0.0033,0.0016,-0.0008,0,0,True,639.876620563558,480.327647291375,.\Image\Alignment\2017\03\31\00.10.59 276\Head1.jpg,True,639.122291081112,483.2703213616,.\Image\Alignment\2017\03\31\00.10.59 276\Head2.jpg,True,639.567999461441,483.260861218614,.\Image\Alignment\2017\03\31\00.10.59 276\Head3.jpg,True,640.215866095882,480.279557770862,.\Image\Alignment\2017\03\31\00.10.59 276\Head4.jpg
2017.03.31 00:14:45 425,TFT_SIDE5.46,0,RETRY,-0.9732,-0.8679,-1.0115,-0.8189,0.2851,0.0199,True,935.121318954892,584.816132914003,.\Image\Alignment\2017\03\31\00.14.45 425\Head1.jpg,True,878.002498560262,570.908654905965,.\Image\Alignment\2017\03\31\00.14.45 425\Head2.jpg,True,915.64349540956,567.823304104474,.\Image\Alignment\2017\03\31\00.14.45 425\Head3.jpg,True,892.751077085966,528.073205623047,.\Image\Alignment\2017\03\31\00.14.45 425\Head4.jpg
2017.03.31 00:14:47 156,TFT_SIDE5.46,0,RETRY,-0.003,0.0987,0.0989,-0.0013,0.0944,-0.00034,True,640.198662711597,504.698985110922,.\Image\Alignment\2017\03\31\00.14.47 156\Head1.jpg,True,611.695531061918,507.677504851495,.\Image\Alignment\2017\03\31\00.14.47 156\Head2.jpg,True,611.560062792311,508.707082716093,.\Image\Alignment\2017\03\31\00.14.47 156\Head3.jpg,True,639.626634068743,505.601737833272,.\Image\Alignment\2017\03\31\00.14.47 156\Head4.jpg
2017.03.31 00:14:48 929,TFT_SIDE5.46,0,RETRY,-0.0004,0.0138,0.0106,-0.0008,0.0006,0.0001,True,640.271928617415,480.30176290037,.\Image\Alignment\2017\03\31\00.14.48 929\Head1.jpg,True,638.345195829816,483.522880485611,.\Image\Alignment\2017\03\31\00.14.48 929\Head2.jpg,True,639.17397783906,482.424368500785,.\Image\Alignment\2017\03\31\00.14.48 929\Head3.jpg,True,640.402272647899,480.011424119746,.\Image\Alignment\2017\03\31\00.14.48 929\Head4.jpg
2017.03.31 00:14:50 729,TFT_SIDE5.46,0,RETRY,0.0024,-0.0105,-0.0077,0.0022,-0.0028,-8E-05,True,639.235024094182,479.145533728482,.\Image\Alignment\2017\03\31\00.14.50 729\Head1.jpg,True,641.519581443665,482.372242430402,.\Image\Alignment\2017\03\31\00.14.50 729\Head2.jpg,True,640.773949034264,483.066141680757,.\Image\Alignment\2017\03\31\00.14.50 729\Head3.jpg,True,639.291550399732,479.365659094321,.\Image\Alignment\2017\03\31\00.14.50 729\Head4.jpg
2017.03.31 00:14:52 500,TFT_SIDE5.46,0,OK,0.0009,0.0041,0.005,0.0025,0,0,True,639.750709599133,480.325537346347,.\Image\Alignment\2017\03\31\00.14.52 500\Head1.jpg,True,638.908619668539,482.632908605634,.\Image\Alignment\2017\03\31\00.14.52 500\Head2.jpg,True,638.667500615506,483.849309209108,.\Image\Alignment\2017\03\31\00.14.52 500\Head3.jpg,True,639.322433824882,480.129681277644,.\Image\Alignment\2017\03\31\00.14.52 500\Head4.jpg
2017.03.31 00:15:10 891,TFT_SIDE5.46,90,RETRY,-0.5997,-0.4335,-0.5735,-0.4399,-0.1471,0.00906,True,813.285582766361,455.798449970357,.\Image\Alignment\2017\03\31\00.15.10 891\Head1.jpg,True,756.877837630937,454.339786118081,.\Image\Alignment\2017\03\31\00.15.10 891\Head2.jpg,True,794.046873386495,453.324419167258,.\Image\Alignment\2017\03\31\00.15.10 891\Head3.jpg,True,770.414596429156,431.123327792696,.\Image\Alignment\2017\03\31\00.15.10 891\Head4.jpg
2017.03.31 00:15:12 732,TFT_SIDE5.46,90,RETRY,-0.0059,0.0431,0.0433,-0.0057,0.0583,-0.00114,True,639.934659676974,493.662047565166,.\Image\Alignment\2017\03\31\00.15.12 732\Head1.jpg,True,628.027017181479,498.133987639535,.\Image\Alignment\2017\03\31\00.15.12 732\Head2.jpg,True,627.930281799514,498.566437023895,.\Image\Alignment\2017\03\31\00.15.12 732\Head3.jpg,True,639.810349125864,496.799865109322,.\Image\Alignment\2017\03\31\00.15.12 732\Head4.jpg
2017.03.31 00:15:14 519,TFT_SIDE5.46,90,RETRY,0.0003,-0.0048,-0.0052,-0.001,-0.0014,0.00021,True,640.226440038958,479.967430029368,.\Image\Alignment\2017\03\31\00.15.14 519\Head1.jpg,True,641.329861104476,482.749185597756,.\Image\Alignment\2017\03\31\00.15.14 519\Head2.jpg,True,641.437083500435,482.705425819514,.\Image\Alignment\2017\03\31\00.15.14 519\Head3.jpg,True,640.579923625499,479.375103648936,.\Image\Alignment\2017\03\31\00.15.14 519\Head4.jpg
2017.03.31 00:15:16 319,TFT_SIDE5.46,90,OK,0.0014,0.0009,0.002,-0.0006,0,0,True,639.636112607209,479.70678889065,.\Image\Alignment\2017\03\31\00.15.16 319\Head1.jpg,True,639.751843672956,482.82433540122,.\Image\Alignment\2017\03\31\00.15.16 319\Head2.jpg,True,639.459956371551,482.992014277489,.\Image\Alignment\2017\03\31\00.15.16 319\Head3.jpg,True,640.167200834098,479.648001781146,.\Image\Alignment\2017\03\31\00.15.16 319\Head4.jpg
2017.03.31 00:21:03 843,TFT_SIDE5.46,0,RETRY,-0.7842,-0.6358,-0.7792,-0.633,0.5322,0.03425,True,910.004138102588,671.664159748645,.\Image\Alignment\2017\03\31\00.21.03 843\Head1.jpg,True,852.777514176655,634.645256912856,.\Image\Alignment\2017\03\31\00.21.03 843\Head2.jpg,True,890.203139721827,611.563353630564,.\Image\Alignment\2017\03\31\00.21.03 843\Head3.jpg,True,868.274032492445,572.874875944493,.\Image\Alignment\2017\03\31\00.21.03 843\Head4.jpg
2017.03.31 00:21:05 615,TFT_SIDE5.46,0,RETRY,-0.0237,0.0353,0.0361,-0.02,-0.0075,-0.00355,True,640.066138569505,472.864855844512,.\Image\Alignment\2017\03\31\00.21.05 615\Head1.jpg,True,623.502230026768,479.017346929156,.\Image\Alignment\2017\03\31\00.21.05 615\Head2.jpg,True,623.302229508825,482.850039330447,.\Image\Alignment\2017\03\31\00.21.05 615\Head3.jpg,True,639.06673986397,483.15790581348,.\Image\Alignment\2017\03\31\00.21.05 615\Head4.jpg
2017.03.31 00:21:07 360,TFT_SIDE5.46,0,OK,0.0019,0.005,0.0037,0.0022,0,0,True,639.48401265992,479.673576129985,.\Image\Alignment\2017\03\31\00.21.07 360\Head1.jpg,True,638.67472174293,482.60385162142,.\Image\Alignment\2017\03\31\00.21.07 360\Head2.jpg,True,639.021784174014,483.304886429567,.\Image\Alignment\2017\03\31\00.21.07 360\Head3.jpg,True,639.402746153689,479.900630615372,.\Image\Alignment\2017\03\31\00.21.07 360\Head4.jpg
2017.03.31 00:21:25 846,TFT_SIDE5.46,90,RETRY,-0.7432,-0.6043,-0.7427,-0.5827,0.0319,0.02064,True,868.471105178053,522.961021759517,.\Image\Alignment\2017\03\31\00.21.25 846\Head1.jpg,True,811.492516336998,502.206878676693,.\Image\Alignment\2017\03\31\00.21.25 846\Head2.jpg,True,848.068793438135,492.912694245933,.\Image\Alignment\2017\03\31\00.21.25 846\Head3.jpg,True,825.015442261384,465.76458295362,.\Image\Alignment\2017\03\31\00.21.25 846\Head4.jpg
2017.03.31 00:21:27 754,TFT_SIDE5.46,90,RETRY,-0.0071,0.0686,0.0697,-0.0087,0.0478,-0.00128,True,640.040992989499,490.605597967525,.\Image\Alignment\2017\03\31\00.21.27 754\Head1.jpg,True,620.928786330378,495.078028721163,.\Image\Alignment\2017\03\31\00.21.27 754\Head2.jpg,True,620.588799608882,495.789887548428,.\Image\Alignment\2017\03\31\00.21.27 754\Head3.jpg,True,640.392688692455,494.171460765714,.\Image\Alignment\2017\03\31\00.21.27 754\Head4.jpg
2017.03.31 00:21:29 595,TFT_SIDE5.46,90,OK,0.001,-0.0033,-0.005,-0.0009,0,0,True,639.724693114358,479.146332030859,.\Image\Alignment\2017\03\31\00.21.29 595\Head1.jpg,True,640.887497709837,482.177096765081,.\Image\Alignment\2017\03\31\00.21.29 595\Head2.jpg,True,641.337892396812,482.432052983279,.\Image\Alignment\2017\03\31\00.21.29 595\Head3.jpg,True,640.231997778845,478.944484849054,.\Image\Alignment\2017\03\31\00.21.29 595\Head4.jpg
2017.03.31 00:24:24 778,TFT_SIDE5.46,0,RETRY,-0.9912,-0.8359,-0.9772,-0.8397,0.3756,0.01811,True,936.796197257052,606.378122491498,.\Image\Alignment\2017\03\31\00.24.24 778\Head1.jpg,True,879.676847482804,591.087258415234,.\Image\Alignment\2017\03\31\00.24.24 778\Head2.jpg,True,916.655883408154,582.448207397996,.\Image\Alignment\2017\03\31\00.24.24 778\Head3.jpg,True,895.009067697803,554.730509058786,.\Image\Alignment\2017\03\31\00.24.24 778\Head4.jpg
2017.03.31 00:24:26 674,TFT_SIDE5.46,0,RETRY,-0.0219,0.0305,0.0278,-0.0198,-0.0069,-0.00329,True,640.04472079107,473.402136864094,.\Image\Alignment\2017\03\31\00.24.26 674\Head1.jpg,True,624.977592925016,479.465909198805,.\Image\Alignment\2017\03\31\00.24.26 674\Head2.jpg,True,625.698628746819,483.20044390046,.\Image\Alignment\2017\03\31\00.24.26 674\Head3.jpg,True,639.473435334276,482.956549118885,.\Image\Alignment\2017\03\31\00.24.26 674\Head4.jpg
2017.03.31 00:24:28 418,TFT_SIDE5.46,0,RETRY,-0.0003,-0.0006,-0.0007,0.0019,0.0008,0.00021,True,640.442257667177,480.527590818132,.\Image\Alignment\2017\03\31\00.24.28 418\Head1.jpg,True,639.516623227901,483.048265188772,.\Image\Alignment\2017\03\31\00.24.28 418\Head2.jpg,True,639.522884911289,483.398843407248,.\Image\Alignment\2017\03\31\00.24.28 418\Head3.jpg,True,639.874740593112,479.920020510659,.\Image\Alignment\2017\03\31\00.24.28 418\Head4.jpg
2017.03.31 00:24:30 150,TFT_SIDE5.46,0,OK,0.0003,0.0025,0.0054,0.0003,0,0,True,639.929370026972,479.805216482956,.\Image\Alignment\2017\03\31\00.24.30 150\Head1.jpg,True,639.345951925324,482.638636553331,.\Image\Alignment\2017\03\31\00.24.30 150\Head2.jpg,True,638.556831758826,483.364258005502,.\Image\Alignment\2017\03\31\00.24.30 150\Head3.jpg,True,639.928324288525,479.948958058252,.\Image\Alignment\2017\03\31\00.24.30 150\Head4.jpg
2017.03.31 00:24:48 648,TFT_SIDE5.46,90,RETRY,-0.5917,-0.3967,-0.5366,-0.4328,-0.1443,0.00382,True,803.529432490441,447.754940219523,.\Image\Alignment\2017\03\31\00.24.48 648\Head1.jpg,True,747.351124834678,447.584680010328,.\Image\Alignment\2017\03\31\00.24.48 648\Head2.jpg,True,784.542236403986,446.287220876303,.\Image\Alignment\2017\03\31\00.24.48 648\Head3.jpg,True,760.907595894835,437.796593552956,.\Image\Alignment\2017\03\31\00.24.48 648\Head4.jpg
2017.03.31 00:24:50 434,TFT_SIDE5.46,90,RETRY,-0.0025,0.0137,0.014,-0.0031,0.0163,-0.00055,True,639.852863335393,483.435120487982,.\Image\Alignment\2017\03\31\00.24.50 434\Head1.jpg,True,635.689051172777,486.900163556536,.\Image\Alignment\2017\03\31\00.24.50 434\Head2.jpg,True,635.598060014742,487.496387842221,.\Image\Alignment\2017\03\31\00.24.50 434\Head3.jpg,True,640.007315952765,484.978433052062,.\Image\Alignment\2017\03\31\00.24.50 434\Head4.jpg
2017.03.31 00:24:52 234,TFT_SIDE5.46,90,OK,0.0011,-0.0005,-0.0014,-0.001,0,0,True,639.70555530849,479.858310539533,.\Image\Alignment\2017\03\31\00.24.52 234\Head1.jpg,True,640.136035081147,482.768494398429,.\Image\Alignment\2017\03\31\00.24.52 234\Head2.jpg,True,640.381632868312,482.874549550003,.\Image\Alignment\2017\03\31\00.24.52 234\Head3.jpg,True,640.253485313391,479.745526830023,.\Image\Alignment\2017\03\31\00.24.52 234\Head4.jpg
2017.03.31 00:28:03 391,TFT_SIDE5.46,0,RETRY,-0.8802,-0.6587,-0.8032,-0.7276,0.527,0.03494,True,936.86963847223,671.265388998641,.\Image\Alignment\2017\03\31\00.28.03 391\Head1.jpg,True,879.075755734253,641.951834731466,.\Image\Alignment\2017\03\31\00.28.03 391\Head2.jpg,True,916.829618211076,607.899813998943,.\Image\Alignment\2017\03\31\00.28.03 391\Head3.jpg,True,894.675248244477,570.609772827523,.\Image\Alignment\2017\03\31\00.28.03 391\Head4.jpg
2017.03.31 00:28:05 284,TFT_SIDE5.46,0,RETRY,-0.0192,-0.0347,-0.0329,-0.0156,-0.0087,-0.00281,True,640.178232576935,473.633853168038,.\Image\Alignment\2017\03\31\00.28.05 284\Head1.jpg,True,643.105027575679,479.32175155366,.\Image\Alignment\2017\03\31\00.28.05 284\Head2.jpg,True,642.615857484644,482.674026318647,.\Image\Alignment\2017\03\31\00.28.05 284\Head3.jpg,True,639.208418614102,481.776189059073,.\Image\Alignment\2017\03\31\00.28.05 284\Head4.jpg
2017.03.31 00:28:06 894,TFT_SIDE5.46,0,OK,-0.0006,0.0055,0.0028,-0.0008,0,0,True,640.170785347301,480.736674720713,.\Image\Alignment\2017\03\31\00.28.06 894\Head1.jpg,True,638.531134326353,483.332993687218,.\Image\Alignment\2017\03\31\00.28.06 894\Head2.jpg,True,639.256267746223,483.376733436237,.\Image\Alignment\2017\03\31\00.28.06 894\Head3.jpg,True,640.203311360927,480.519028505158,.\Image\Alignment\2017\03\31\00.28.06 894\Head4.jpg
2017.03.31 00:28:25 411,TFT_SIDE5.46,90,RETRY,-0.7335,-0.5962,-0.7361,-0.5755,-0.065,0.02267,True,868.799525250508,500.506716973567,.\Image\Alignment\2017\03\31\00.28.25 411\Head1.jpg,True,812.807255736825,478.993543086506,.\Image\Alignment\2017\03\31\00.28.25 411\Head2.jpg,True,849.882449290196,466.528580187986,.\Image\Alignment\2017\03\31\00.28.25 411\Head3.jpg,True,826.158749434428,437.706747142203,.\Image\Alignment\2017\03\31\00.28.25 411\Head4.jpg
2017.03.31 00:28:27 293,TFT_SIDE5.46,90,RETRY,-0.0117,0.067,0.0652,-0.0117,0.0543,-0.00186,True,640.426132756902,491.379664590048,.\Image\Alignment\2017\03\31\00.28.27 293\Head1.jpg,True,620.821299633295,496.832116567985,.\Image\Alignment\2017\03\31\00.28.27 293\Head2.jpg,True,621.223727115923,498.04062783487,.\Image\Alignment\2017\03\31\00.28.27 293\Head3.jpg,True,640.351996534352,496.55430376239,.\Image\Alignment\2017\03\31\00.28.27 293\Head4.jpg
2017.03.31 00:28:29 172,TFT_SIDE5.46,90,RETRY,0.0024,-0.0064,-0.0039,-0.0007,-0.004,0.00012,True,639.526920123947,479.142550253555,.\Image\Alignment\2017\03\31\00.28.29 172\Head1.jpg,True,641.660901526695,482.441726163095,.\Image\Alignment\2017\03\31\00.28.29 172\Head2.jpg,True,640.988395403052,482.472719240116,.\Image\Alignment\2017\03\31\00.28.29 172\Head3.jpg,True,640.375917937581,478.79755558278,.\Image\Alignment\2017\03\31\00.28.29 172\Head4.jpg
2017.03.31 00:28:30 887,TFT_SIDE5.46,90,RETRY,-0.0028,0.0011,-0.0006,0.001,0.0008,0.00014,True,640.937133337045,480.453073524879,.\Image\Alignment\2017\03\31\00.28.30 887\Head1.jpg,True,639.637646331702,483.520295266201,.\Image\Alignment\2017\03\31\00.28.30 887\Head2.jpg,True,640.096450012442,483.577037701888,.\Image\Alignment\2017\03\31\00.28.30 887\Head3.jpg,True,639.944787598479,480.062415966077,.\Image\Alignment\2017\03\31\00.28.30 887\Head4.jpg
2017.03.31 00:28:32 578,TFT_SIDE5.46,90,OK,0.001,-0.0006,0.0022,0.0015,0,0,True,639.742436549444,480.17913524116,.\Image\Alignment\2017\03\31\00.28.32 578\Head1.jpg,True,640.154275599186,483.379256174206,.\Image\Alignment\2017\03\31\00.28.32 578\Head2.jpg,True,639.409025693903,483.502642492557,.\Image\Alignment\2017\03\31\00.28.32 578\Head3.jpg,True,639.596671348458,480.18059115123,.\Image\Alignment\2017\03\31\00.28.32 578\Head4.jpg
2017.03.31 00:31:08 016,TFT_SIDE5.46,0,RETRY,-0.7871,-0.6278,-0.769,-0.6335,0.5433,0.03741,True,916.346261462759,679.209796210691,.\Image\Alignment\2017\03\31\00.31.08 016\Head1.jpg,True,859.081247764122,642.886831483133,.\Image\Alignment\2017\03\31\00.31.08 016\Head2.jpg,True,895.935034578297,615.207053789175,.\Image\Alignment\2017\03\31\00.31.08 016\Head3.jpg,True,873.970935498689,571.266788336075,.\Image\Alignment\2017\03\31\00.31.08 016\Head4.jpg
2017.03.31 00:31:09 911,TFT_SIDE5.46,0,RETRY,-0.0015,0.0491,0.0464,-0.0012,0.0022,-0.00048,True,639.558603799958,479.889705381566,.\Image\Alignment\2017\03\31\00.31.09 911\Head1.jpg,True,625.319850518618,483.099073153118,.\Image\Alignment\2017\03\31\00.31.09 911\Head2.jpg,True,626.033969675331,483.946192490363,.\Image\Alignment\2017\03\31\00.31.09 911\Head3.jpg,True,639.466148998861,481.272419510248,.\Image\Alignment\2017\03\31\00.31.09 911\Head4.jpg
2017.03.31 00:31:11 696,TFT_SIDE5.46,0,OK,-0.0013,0.0013,0.0014,0.0013,0,0,True,640.348765900219,479.835822034158,.\Image\Alignment\2017\03\31\00.31.11 696\Head1.jpg,True,639.650364826284,482.435947994335,.\Image\Alignment\2017\03\31\00.31.11 696\Head2.jpg,True,639.623416069508,483.051399756716,.\Image\Alignment\2017\03\31\00.31.11 696\Head3.jpg,True,639.640222277177,479.786063415802,.\Image\Alignment\2017\03\31\00.31.11 696\Head4.jpg
2017.03.31 00:31:30 083,TFT_SIDE5.46,90,RETRY,-0.7571,-0.6426,-0.7833,-0.6006,0.0381,0.02759,True,882.274633401463,536.287563900181,.\Image\Alignment\2017\03\31\00.31.30 083\Head1.jpg,True,825.827320819295,507.50827866044,.\Image\Alignment\2017\03\31\00.31.30 083\Head2.jpg,True,862.977082146413,494.473603989336,.\Image\Alignment\2017\03\31\00.31.30 083\Head3.jpg,True,839.850661490629,459.590058835993,.\Image\Alignment\2017\03\31\00.31.30 083\Head4.jpg
2017.03.31 00:31:31 923,TFT_SIDE5.46,90,RETRY,-0.0121,0.0896,0.0889,-0.0115,0.0623,-0.00205,True,640.264106603668,493.206192478672,.\Image\Alignment\2017\03\31\00.31.31 923\Head1.jpg,True,614.872507631011,498.535850151099,.\Image\Alignment\2017\03\31\00.31.31 923\Head2.jpg,True,615.00616991581,499.654333506731,.\Image\Alignment\2017\03\31\00.31.31 923\Head3.jpg,True,640.029873220253,498.906520515008,.\Image\Alignment\2017\03\31\00.31.31 923\Head4.jpg
2017.03.31 00:31:33 722,TFT_SIDE5.46,90,RETRY,0.0013,-0.0065,-0.0054,0.0017,-0.004,0.00021,True,639.943030556074,479.275765868868,.\Image\Alignment\2017\03\31\00.31.33 722\Head1.jpg,True,641.914626296311,482.341724133807,.\Image\Alignment\2017\03\31\00.31.33 722\Head2.jpg,True,641.619805855425,482.173680017909,.\Image\Alignment\2017\03\31\00.31.33 722\Head3.jpg,True,639.854632650459,478.696248682772,.\Image\Alignment\2017\03\31\00.31.33 722\Head4.jpg
2017.03.31 00:31:35 386,TFT_SIDE5.46,90,OK,-0.0011,0.0012,0.0023,-0.0004,0,0,True,640.295489571608,480.18830839851,.\Image\Alignment\2017\03\31\00.31.35 386\Head1.jpg,True,639.679242198127,483.122387662845,.\Image\Alignment\2017\03\31\00.31.35 386\Head2.jpg,True,639.388722609158,483.378641676372,.\Image\Alignment\2017\03\31\00.31.35 386\Head3.jpg,True,640.094617346027,480.349988996842,.\Image\Alignment\2017\03\31\00.31.35 386\Head4.jpg
2017.03.31 00:34:33 672,TFT_SIDE5.46,0,RETRY,-0.7948,-0.5692,-0.7133,-0.6407,0.5111,0.0224,True,891.913197220197,648.809358257265,.\Image\Alignment\2017\03\31\00.34.33 672\Head1.jpg,True,834.171044220413,635.457362410064,.\Image\Alignment\2017\03\31\00.34.33 672\Head2.jpg,True,871.810501530984,612.800309220732,.\Image\Alignment\2017\03\31\00.34.33 672\Head3.jpg,True,849.442493862477,584.33554038859,.\Image\Alignment\2017\03\31\00.34.33 672\Head4.jpg
2017.03.31 00:34:35 511,TFT_SIDE5.46,0,RETRY,-0.0015,-0.0193,-0.0181,0.0016,-0.0014,-0.00046,True,639.577752374653,478.970831848951,.\Image\Alignment\2017\03\31\00.34.35 511\Head1.jpg,True,642.946842782412,482.088685035448,.\Image\Alignment\2017\03\31\00.34.35 511\Head2.jpg,True,642.602410670476,483.291836990407,.\Image\Alignment\2017\03\31\00.34.35 511\Head3.jpg,True,638.761313502226,480.300667617407,.\Image\Alignment\2017\03\31\00.34.35 511\Head4.jpg
2017.03.31 00:34:37 283,TFT_SIDE5.46,0,OK,0.0013,0.0057,0.0062,0.0015,0,0,True,639.644172952299,479.713924273836,.\Image\Alignment\2017\03\31\00.34.37 283\Head1.jpg,True,638.479461863776,482.777392593169,.\Image\Alignment\2017\03\31\00.34.37 283\Head2.jpg,True,638.353913094103,483.229935551871,.\Image\Alignment\2017\03\31\00.34.37 283\Head3.jpg,True,639.6022066071,479.819138729813,.\Image\Alignment\2017\03\31\00.34.37 283\Head4.jpg
2017.03.31 00:34:55 771,TFT_SIDE5.46,90,RETRY,-0.7273,-0.5435,-0.6817,-0.5686,0.0569,0.01188,True,851.519293009495,514.962021052581,.\Image\Alignment\2017\03\31\00.34.55 771\Head1.jpg,True,795.121632607258,506.394095441011,.\Image\Alignment\2017\03\31\00.34.55 771\Head2.jpg,True,831.636281293382,497.242856199075,.\Image\Alignment\2017\03\31\00.34.55 771\Head3.jpg,True,808.525024886877,482.316164653987,.\Image\Alignment\2017\03\31\00.34.55 771\Head4.jpg
2017.03.31 00:34:57 542,TFT_SIDE5.46,90,RETRY,-0.0065,0.0235,0.0231,-0.007,0.0361,-0.00137,True,639.768394497194,487.344900833083,.\Image\Alignment\2017\03\31\00.34.57 542\Head1.jpg,True,632.797039493194,491.754185094126,.\Image\Alignment\2017\03\31\00.34.57 542\Head2.jpg,True,632.85711379965,492.62168182059,.\Image\Alignment\2017\03\31\00.34.57 542\Head3.jpg,True,639.831509812042,491.152253730323,.\Image\Alignment\2017\03\31\00.34.57 542\Head4.jpg
2017.03.31 00:34:59 219,TFT_SIDE5.46,90,OK,-0.0005,-0.004,-0.0038,-0.0001,0,0,True,640.142893777102,479.397315059054,.\Image\Alignment\2017\03\31\00.34.59 219\Head1.jpg,True,641.076741983284,482.142605486767,.\Image\Alignment\2017\03\31\00.34.59 219\Head2.jpg,True,641.015961950735,482.273340011348,.\Image\Alignment\2017\03\31\00.34.59 219\Head3.jpg,True,640.030885281743,479.299703544381,.\Image\Alignment\2017\03\31\00.34.59 219\Head4.jpg
2017.03.31 00:39:29 880,TFT_SIDE5.46,0,RETRY,-0.7194,-0.5629,-0.7056,-0.5651,0.461,0.03648,True,896.634729839964,655.885362427257,.\Image\Alignment\2017\03\31\00.39.29 880\Head1.jpg,True,839.504721622762,633.160710130881,.\Image\Alignment\2017\03\31\00.39.29 880\Head2.jpg,True,876.763330529611,606.699674822601,.\Image\Alignment\2017\03\31\00.39.29 880\Head3.jpg,True,854.249262212678,550.635477220118,.\Image\Alignment\2017\03\31\00.39.29 880\Head4.jpg
2017.03.31 00:39:31 652,TFT_SIDE5.46,0,RETRY,0.0002,0.0506,0.0484,0.0027,0.0951,-8E-05,True,639.820688984796,505.252218975278,.\Image\Alignment\2017\03\31\00.39.31 652\Head1.jpg,True,625.33830643597,507.692730199094,.\Image\Alignment\2017\03\31\00.39.31 652\Head2.jpg,True,625.825621111803,508.309231407772,.\Image\Alignment\2017\03\31\00.39.31 652\Head3.jpg,True,639.032286331954,505.381463567829,.\Image\Alignment\2017\03\31\00.39.31 652\Head4.jpg
2017.03.31 00:39:33 424,TFT_SIDE5.46,0,OK,-0.0011,0.0051,0.0059,-0.0008,0,0,True,640.287725715942,479.994877803339,.\Image\Alignment\2017\03\31\00.39.33 424\Head1.jpg,True,638.636542865861,482.80166877432,.\Image\Alignment\2017\03\31\00.39.33 424\Head2.jpg,True,638.43296482962,483.418759930747,.\Image\Alignment\2017\03\31\00.39.33 424\Head3.jpg,True,640.214924583714,479.84309508916,.\Image\Alignment\2017\03\31\00.39.33 424\Head4.jpg
2017.03.31 00:39:51 865,TFT_SIDE5.46,90,RETRY,-0.7688,-0.6471,-0.7871,-0.6114,0.1076,0.02666,True,884.068280216111,553.267432609748,.\Image\Alignment\2017\03\31\00.39.51 865\Head1.jpg,True,827.878571962782,526.445375162494,.\Image\Alignment\2017\03\31\00.39.51 865\Head2.jpg,True,864.792811877314,512.635412853277,.\Image\Alignment\2017\03\31\00.39.51 865\Head3.jpg,True,841.301075609202,479.116209187626,.\Image\Alignment\2017\03\31\00.39.51 865\Head4.jpg
2017.03.31 00:39:53 705,TFT_SIDE5.46,90,RETRY,-0.0123,0.0811,0.0813,-0.0114,0.061,-0.00175,True,640.74986709122,493.362123347088,.\Image\Alignment\2017\03\31\00.39.53 705\Head1.jpg,True,617.21501655043,498.639042852523,.\Image\Alignment\2017\03\31\00.39.53 705\Head2.jpg,True,617.104263004815,499.694785356329,.\Image\Alignment\2017\03\31\00.39.53 705\Head3.jpg,True,640.429505777069,498.23807289158,.\Image\Alignment\2017\03\31\00.39.53 705\Head4.jpg
2017.03.31 00:39:55 450,TFT_SIDE5.46,90,OK,0.0018,-0.0055,-0.0047,0.0014,0,0,True,639.527870116461,479.318555662156,.\Image\Alignment\2017\03\31\00.39.55 450\Head1.jpg,True,641.478601074378,482.263476131572,.\Image\Alignment\2017\03\31\00.39.55 450\Head2.jpg,True,641.256460187364,482.398845790397,.\Image\Alignment\2017\03\31\00.39.55 450\Head3.jpg,True,639.635656238581,479.156226711109,.\Image\Alignment\2017\03\31\00.39.55 450\Head4.jpg
2017.03.31 00:43:25 601,TFT_SIDE5.46,0,RETRY,-0.7836,-0.5793,-0.722,-0.6285,0.5832,0.02144,True,887.230044135939,666.670428779009,.\Image\Alignment\2017\03\31\00.43.25 601\Head1.jpg,True,829.464453522275,646.627802037226,.\Image\Alignment\2017\03\31\00.43.25 601\Head2.jpg,True,866.681566850818,627.99666288052,.\Image\Alignment\2017\03\31\00.43.25 601\Head3.jpg,True,844.408201398172,604.87045394873,.\Image\Alignment\2017\03\31\00.43.25 601\Head4.jpg
2017.03.31 00:43:27 494,TFT_SIDE5.46,0,RETRY,-0.0005,0.0048,0.0024,0.0018,0.0026,-0.00037,True,639.478965485322,480.154832256982,.\Image\Alignment\2017\03\31\00.43.27 494\Head1.jpg,True,636.845955207885,483.324350265088,.\Image\Alignment\2017\03\31\00.43.27 494\Head2.jpg,True,637.490793054603,484.339100266919,.\Image\Alignment\2017\03\31\00.43.27 494\Head3.jpg,True,638.858300762379,481.230353905323,.\Image\Alignment\2017\03\31\00.43.27 494\Head4.jpg
2017.03.31 00:43:29 212,TFT_SIDE5.46,0,OK,-0.0031,0.0013,0.0033,-0.002,0,0,True,640.822060348287,480.644732618307,.\Image\Alignment\2017\03\31\00.43.29 212\Head1.jpg,True,639.650117521892,483.391701657225,.\Image\Alignment\2017\03\31\00.43.29 212\Head2.jpg,True,639.13063349258,484.02242102518,.\Image\Alignment\2017\03\31\00.43.29 212\Head3.jpg,True,640.527876192589,480.752064367075,.\Image\Alignment\2017\03\31\00.43.29 212\Head4.jpg
2017.03.31 00:43:47 728,TFT_SIDE5.46,90,RETRY,-0.8062,-0.636,-0.7741,-0.6458,0.0705,0.01093,True,871.188968245069,516.971475579747,.\Image\Alignment\2017\03\31\00.43.47 728\Head1.jpg,True,815.352092460421,507.501151006185,.\Image\Alignment\2017\03\31\00.43.47 728\Head2.jpg,True,851.80077737429,502.408843407622,.\Image\Alignment\2017\03\31\00.43.47 728\Head3.jpg,True,827.66595597659,487.10256658094,.\Image\Alignment\2017\03\31\00.43.47 728\Head4.jpg
2017.03.31 00:43:49 472,TFT_SIDE5.46,90,RETRY,-0.0088,0.0363,0.0349,-0.0083,0.0313,-0.00148,True,640.197599518522,485.888011136341,.\Image\Alignment\2017\03\31\00.43.49 472\Head1.jpg,True,629.202487615843,490.31134446077,.\Image\Alignment\2017\03\31\00.43.49 472\Head2.jpg,True,629.550389401547,491.330673983573,.\Image\Alignment\2017\03\31\00.43.49 472\Head3.jpg,True,640.037043644417,490.019046021374,.\Image\Alignment\2017\03\31\00.43.49 472\Head4.jpg
2017.03.31 00:43:51 176,TFT_SIDE5.46,90,OK,0.002,-0.0031,-0.0031,0.0005,0,0,True,639.454679493005,479.308581927658,.\Image\Alignment\2017\03\31\00.43.51 176\Head1.jpg,True,640.815488229301,482.216501104887,.\Image\Alignment\2017\03\31\00.43.51 176\Head2.jpg,True,640.822629486024,482.36406249347,.\Image\Alignment\2017\03\31\00.43.51 176\Head3.jpg,True,639.859906392876,479.050612515121,.\Image\Alignment\2017\03\31\00.43.51 176\Head4.jpg
2017.03.31 00:47:32 101,TFT_SIDE5.46,0,RETRY,-0.6654,-0.4469,-0.5883,-0.5082,0.6311,0.03177,True,873.892870416421,694.469225533332,.\Image\Alignment\2017\03\31\00.47.32 101\Head1.jpg,True,815.657317547681,662.764510546159,.\Image\Alignment\2017\03\31\00.47.32 101\Head2.jpg,True,852.514205409594,632.396098573497,.\Image\Alignment\2017\03\31\00.47.32 101\Head3.jpg,True,830.56641907466,602.56451336876,.\Image\Alignment\2017\03\31\00.47.32 101\Head4.jpg
2017.03.31 00:47:33 943,TFT_SIDE5.46,0,RETRY,-0.0125,-0.0232,-0.0242,-0.0107,-0.0065,-0.00196,True,639.874052552681,475.438149550701,.\Image\Alignment\2017\03\31\00.47.33 943\Head1.jpg,True,640.881363889537,479.510187491747,.\Image\Alignment\2017\03\31\00.47.33 943\Head2.jpg,True,641.154894104668,482.402906015856,.\Image\Alignment\2017\03\31\00.47.33 943\Head3.jpg,True,639.405444841441,481.119678371261,.\Image\Alignment\2017\03\31\00.47.33 943\Head4.jpg
2017.03.31 00:47:35 809,TFT_SIDE5.46,0,RETRY,0.0024,-0.0009,0.0003,0.0004,0.0022,-0.00016,True,639.074645833658,480.341123953728,.\Image\Alignment\2017\03\31\00.47.35 809\Head1.jpg,True,638.291512206372,482.620122154864,.\Image\Alignment\2017\03\31\00.47.35 809\Head2.jpg,True,637.957160105288,483.679918793573,.\Image\Alignment\2017\03\31\00.47.35 809\Head3.jpg,True,639.608408744335,480.809489312221,.\Image\Alignment\2017\03\31\00.47.35 809\Head4.jpg
2017.03.31 00:47:37 650,TFT_SIDE5.46,0,RETRY,-0.0025,0.001,-0.0003,-0.0012,-0.0006,-0.00012,True,640.456024586142,479.67601710088,.\Image\Alignment\2017\03\31\00.47.37 650\Head1.jpg,True,637.961556709744,482.046870961958,.\Image\Alignment\2017\03\31\00.47.37 650\Head2.jpg,True,638.307024566446,483.005032772613,.\Image\Alignment\2017\03\31\00.47.37 650\Head3.jpg,True,640.104927219641,480.025110269774,.\Image\Alignment\2017\03\31\00.47.37 650\Head4.jpg
2017.03.31 00:47:39 354,TFT_SIDE5.46,0,RETRY,0.0014,-0.0001,-0.0008,0.0003,0.0001,0.00013,True,639.854532312292,480.234819902225,.\Image\Alignment\2017\03\31\00.47.39 354\Head1.jpg,True,638.786974725818,482.43647216038,.\Image\Alignment\2017\03\31\00.47.39 354\Head2.jpg,True,638.977112908543,483.108905232276,.\Image\Alignment\2017\03\31\00.47.39 354\Head3.jpg,True,640.145643667133,479.844162364168,.\Image\Alignment\2017\03\31\00.47.39 354\Head4.jpg
2017.03.31 00:47:41 003,TFT_SIDE5.46,0,OK,-0.0005,0.0049,0.0069,-0.0008,0,0,True,640.136371227444,479.941570218796,.\Image\Alignment\2017\03\31\00.47.41 003\Head1.jpg,True,638.701424648357,482.225113619973,.\Image\Alignment\2017\03\31\00.47.41 003\Head2.jpg,True,638.166488192335,483.254277404282,.\Image\Alignment\2017\03\31\00.47.41 003\Head3.jpg,True,640.209859816606,480.125038797517,.\Image\Alignment\2017\03\31\00.47.41 003\Head4.jpg
2017.03.31 00:47:59 551,TFT_SIDE5.46,90,RETRY,-0.8425,-0.695,-0.8357,-0.6832,0.1641,0.02009,True,894.206368229899,557.321761297023,.\Image\Alignment\2017\03\31\00.47.59 551\Head1.jpg,True,836.656643205295,538.191370677758,.\Image\Alignment\2017\03\31\00.47.59 551\Head2.jpg,True,873.706723656747,528.020038406625,.\Image\Alignment\2017\03\31\00.47.59 551\Head3.jpg,True,850.782652858605,501.653813425755,.\Image\Alignment\2017\03\31\00.47.59 551\Head4.jpg
2017.03.31 00:48:01 433,TFT_SIDE5.46,90,RETRY,-0.0093,0.0617,0.061,-0.0077,0.049,-0.00133,True,640.550522375134,490.851646456433,.\Image\Alignment\2017\03\31\00.48.01 433\Head1.jpg,True,622.816844895286,495.809718814882,.\Image\Alignment\2017\03\31\00.48.01 433\Head2.jpg,True,622.930602190045,496.486007110927,.\Image\Alignment\2017\03\31\00.48.01 433\Head3.jpg,True,640.063663515784,494.549566463433,.\Image\Alignment\2017\03\31\00.48.01 433\Head4.jpg
2017.03.31 00:48:03 246,TFT_SIDE5.46,90,OK,0.0012,-0.0038,-0.0031,0.0005,0,0,True,639.681137393899,479.181566934704,.\Image\Alignment\2017\03\31\00.48.03 246\Head1.jpg,True,641.006719055793,482.704487818708,.\Image\Alignment\2017\03\31\00.48.03 246\Head2.jpg,True,640.838639769428,482.68420324452,.\Image\Alignment\2017\03\31\00.48.03 246\Head3.jpg,True,639.873653643171,479.27714944646,.\Image\Alignment\2017\03\31\00.48.03 246\Head4.jpg
2017.03.31 00:51:00 567,TFT_SIDE5.46,0,RETRY,-0.8884,-0.6103,-0.7527,-0.7372,0.4395,0.03186,True,933.614412263835,643.448079912012,.\Image\Alignment\2017\03\31\00.51.00 567\Head1.jpg,True,876.05585101728,621.537992443655,.\Image\Alignment\2017\03\31\00.51.00 567\Head2.jpg,True,913.35219238188,582.094982602078,.\Image\Alignment\2017\03\31\00.51.00 567\Head3.jpg,True,891.907211179472,551.81828838348,.\Image\Alignment\2017\03\31\00.51.00 567\Head4.jpg
2017.03.31 00:51:02 367,TFT_SIDE5.46,0,RETRY,0.0081,-0.0629,-0.0667,0.0152,-0.0018,0.00139,True,640.294667017356,481.535315511609,.\Image\Alignment\2017\03\31\00.51.02 367\Head1.jpg,True,657.667515638649,482.787266383591,.\Image\Alignment\2017\03\31\00.51.02 367\Head2.jpg,True,658.627864972356,482.336170194569,.\Image\Alignment\2017\03\31\00.51.02 367\Head3.jpg,True,638.414667678037,477.495677758602,.\Image\Alignment\2017\03\31\00.51.02 367\Head4.jpg
2017.03.31 00:51:04 017,TFT_SIDE5.46,0,RETRY,-0.0043,0.001,0.0062,-0.0039,0.0033,-0.00024,True,640.714643997742,480.525708756051,.\Image\Alignment\2017\03\31\00.51.04 017\Head1.jpg,True,639.749798919931,483.761918899371,.\Image\Alignment\2017\03\31\00.51.04 017\Head2.jpg,True,638.335707072541,483.754170584113,.\Image\Alignment\2017\03\31\00.51.04 017\Head3.jpg,True,640.616590184989,481.218472706493,.\Image\Alignment\2017\03\31\00.51.04 017\Head4.jpg
2017.03.31 00:51:05 803,TFT_SIDE5.46,0,RETRY,0.0041,-0.0024,-0.0045,0.0019,-0.0012,0.00014,True,639.140941706311,479.880430987187,.\Image\Alignment\2017\03\31\00.51.05 803\Head1.jpg,True,639.856528089222,482.447578600041,.\Image\Alignment\2017\03\31\00.51.05 803\Head2.jpg,True,640.418128443445,482.870328388879,.\Image\Alignment\2017\03\31\00.51.05 803\Head3.jpg,True,639.731841300678,479.488139459223,.\Image\Alignment\2017\03\31\00.51.05 803\Head4.jpg
2017.03.31 00:51:07 604,TFT_SIDE5.46,0,OK,-0.0004,0.0049,0.0032,-0.0015,0,0,True,640.104816670432,479.893132870494,.\Image\Alignment\2017\03\31\00.51.07 604\Head1.jpg,True,638.681759526659,482.710790852565,.\Image\Alignment\2017\03\31\00.51.07 604\Head2.jpg,True,639.15328889212,483.203449420142,.\Image\Alignment\2017\03\31\00.51.07 604\Head3.jpg,True,640.396502991402,479.899649848625,.\Image\Alignment\2017\03\31\00.51.07 604\Head4.jpg
2017.03.31 00:51:26 185,TFT_SIDE5.46,90,RETRY,-0.6601,-0.526,-0.6644,-0.4973,-0.0478,0.02327,True,850.088710388671,506.118166799293,.\Image\Alignment\2017\03\31\00.51.26 185\Head1.jpg,True,792.984898352002,482.882061330188,.\Image\Alignment\2017\03\31\00.51.26 185\Head2.jpg,True,829.640622618694,471.424947403574,.\Image\Alignment\2017\03\31\00.51.26 185\Head3.jpg,True,806.202537681053,441.497997749661,.\Image\Alignment\2017\03\31\00.51.26 185\Head4.jpg
2017.03.31 00:51:27 999,TFT_SIDE5.46,90,RETRY,-0.0081,0.0747,0.0754,-0.0109,0.055,-0.0015,True,639.978767374907,492.171750988654,.\Image\Alignment\2017\03\31\00.51.27 999\Head1.jpg,True,619.167711054152,496.838688431002,.\Image\Alignment\2017\03\31\00.51.27 999\Head2.jpg,True,618.932647854706,497.668712022775,.\Image\Alignment\2017\03\31\00.51.27 999\Head3.jpg,True,640.665850529393,496.351228867043,.\Image\Alignment\2017\03\31\00.51.27 999\Head4.jpg
2017.03.31 00:51:29 716,TFT_SIDE5.46,90,OK,0.0025,-0.0037,-0.0047,0.0007,0,0,True,639.328562124048,479.007930602039,.\Image\Alignment\2017\03\31\00.51.29 716\Head1.jpg,True,640.973913196842,481.639998566286,.\Image\Alignment\2017\03\31\00.51.29 716\Head2.jpg,True,641.260082311518,481.934919565645,.\Image\Alignment\2017\03\31\00.51.29 716\Head3.jpg,True,639.803504147408,479.282542145729,.\Image\Alignment\2017\03\31\00.51.29 716\Head4.jpg
2017.03.31 00:54:29 858,TFT_SIDE5.46,0,RETRY,-0.8279,-0.597,-0.7375,-0.6765,0.3697,0.02031,True,897.07728742028,608.029485422904,.\Image\Alignment\2017\03\31\00.54.29 858\Head1.jpg,True,840.40361569283,593.876009496967,.\Image\Alignment\2017\03\31\00.54.29 858\Head2.jpg,True,877.247749156963,571.86894189095,.\Image\Alignment\2017\03\31\00.54.29 858\Head3.jpg,True,855.476240784359,549.79323248213,.\Image\Alignment\2017\03\31\00.54.29 858\Head4.jpg
2017.03.31 00:54:31 590,TFT_SIDE5.46,0,RETRY,0.0404,0.0134,0.013,0.0434,0.0535,0.00604,True,639.87681971802,503.01645959308,.\Image\Alignment\2017\03\31\00.54.31 590\Head1.jpg,True,645.540311279754,499.544449611171,.\Image\Alignment\2017\03\31\00.54.31 590\Head2.jpg,True,645.57631837107,494.582399341898,.\Image\Alignment\2017\03\31\00.54.31 590\Head3.jpg,True,639.054937325075,485.45156877968,.\Image\Alignment\2017\03\31\00.54.31 590\Head4.jpg
2017.03.31 00:54:33 458,TFT_SIDE5.46,0,RETRY,-0.0011,0.0006,0.0004,-0.0004,-0.0003,-0.00033,True,639.699486748556,479.431819258391,.\Image\Alignment\2017\03\31\00.54.33 458\Head1.jpg,True,637.746495774835,482.292048629239,.\Image\Alignment\2017\03\31\00.54.33 458\Head2.jpg,True,637.78479007104,483.431969951281,.\Image\Alignment\2017\03\31\00.54.33 458\Head3.jpg,True,639.515775622437,480.397978574189,.\Image\Alignment\2017\03\31\00.54.33 458\Head4.jpg
2017.03.31 00:54:35 122,TFT_SIDE5.46,0,RETRY,0.0029,-0.007,-0.0068,0.0029,0.0009,0.00039,True,639.916614627928,480.809339928832,.\Image\Alignment\2017\03\31\00.54.35 122\Head1.jpg,True,638.651043374934,482.366523160168,.\Image\Alignment\2017\03\31\00.54.35 122\Head2.jpg,True,638.601445995749,484.111327002089,.\Image\Alignment\2017\03\31\00.54.35 122\Head3.jpg,True,639.914965361303,479.678256077882,.\Image\Alignment\2017\03\31\00.54.35 122\Head4.jpg
2017.03.31 00:54:36 866,TFT_SIDE5.46,0,RETRY,-0.0002,0.0083,0.0094,-0.0001,-0.0025,-0.00031,True,639.523492103865,478.896329462445,.\Image\Alignment\2017\03\31\00.54.36 866\Head1.jpg,True,635.908828309374,481.768280971721,.\Image\Alignment\2017\03\31\00.54.36 866\Head2.jpg,True,635.599649082507,482.78632576092,.\Image\Alignment\2017\03\31\00.54.36 866\Head3.jpg,True,639.478776733068,479.786567918448,.\Image\Alignment\2017\03\31\00.54.36 866\Head4.jpg
2017.03.31 00:54:38 694,TFT_SIDE5.46,0,RETRY,0.002,0.0019,-0.001,0.0024,-0.0004,0.00021,True,639.828032669751,480.20703126009,.\Image\Alignment\2017\03\31\00.54.38 694\Head1.jpg,True,638.044749365377,482.191261182526,.\Image\Alignment\2017\03\31\00.54.38 694\Head2.jpg,True,638.805526168446,482.984919076594,.\Image\Alignment\2017\03\31\00.54.38 694\Head3.jpg,True,639.73615889668,479.601015964628,.\Image\Alignment\2017\03\31\00.54.38 694\Head4.jpg
2017.03.31 00:54:40 343,TFT_SIDE5.46,0,OK,-0.0006,0.0076,0.0074,-0.0007,0,0,True,640.166435225612,479.572375529764,.\Image\Alignment\2017\03\31\00.54.40 343\Head1.jpg,True,637.985729803852,482.481243241436,.\Image\Alignment\2017\03\31\00.54.40 343\Head2.jpg,True,638.029599287381,483.398305562195,.\Image\Alignment\2017\03\31\00.54.40 343\Head3.jpg,True,640.190737741982,479.805579977595,.\Image\Alignment\2017\03\31\00.54.40 343\Head4.jpg
2017.03.31 00:54:58 882,TFT_SIDE5.46,90,RETRY,-0.6389,-0.4868,-0.6264,-0.4807,0.0597,0.01657,True,834.707854899831,523.592296124244,.\Image\Alignment\2017\03\31\00.54.58 882\Head1.jpg,True,778.189184241451,507.538639858527,.\Image\Alignment\2017\03\31\00.54.58 882\Head2.jpg,True,815.051494305152,500.061289400413,.\Image\Alignment\2017\03\31\00.54.58 882\Head3.jpg,True,791.928922632265,477.656304041956,.\Image\Alignment\2017\03\31\00.54.58 882\Head4.jpg
2017.03.31 00:55:00 751,TFT_SIDE5.46,90,RETRY,-0.0101,0.0538,0.0551,-0.0102,0.0416,-0.0016,True,640.385956058138,488.430163489891,.\Image\Alignment\2017\03\31\00.55.00 751\Head1.jpg,True,624.760244144158,493.323966379582,.\Image\Alignment\2017\03\31\00.55.00 751\Head2.jpg,True,624.367946773796,494.146634494325,.\Image\Alignment\2017\03\31\00.55.00 751\Head3.jpg,True,640.344170653604,492.888332452411,.\Image\Alignment\2017\03\31\00.55.00 751\Head4.jpg
2017.03.31 00:55:02 563,TFT_SIDE5.46,90,OK,0.0037,-0.0055,-0.0061,0.0029,0,0,True,639.013732000475,478.846934722067,.\Image\Alignment\2017\03\31\00.55.02 563\Head1.jpg,True,641.457108909963,482.506823950125,.\Image\Alignment\2017\03\31\00.55.02 563\Head2.jpg,True,641.637156756506,482.537745996259,.\Image\Alignment\2017\03\31\00.55.02 563\Head3.jpg,True,639.228246392544,478.985596074531,.\Image\Alignment\2017\03\31\00.55.02 563\Head4.jpg
2017.03.31 00:57:53 098,TFT_SIDE5.46,0,RETRY,-0.9594,-0.697,-0.8399,-0.8078,0.4013,0.00987,True,913.75938643783,601.273491058573,.\Image\Alignment\2017\03\31\00.57.53 098\Head1.jpg,True,856.161784809544,608.343932132638,.\Image\Alignment\2017\03\31\00.57.53 098\Head2.jpg,True,893.56186002069,592.300729669926,.\Image\Alignment\2017\03\31\00.57.53 098\Head3.jpg,True,871.938865224899,573.383565963813,.\Image\Alignment\2017\03\31\00.57.53 098\Head4.jpg
2017.03.31 00:57:54 978,TFT_SIDE5.46,0,RETRY,0.0608,0.0057,0.0057,0.0649,0.0329,0.00938,True,640.343790541769,502.331198287379,.\Image\Alignment\2017\03\31\00.57.54 978\Head1.jpg,True,653.603403173758,495.778391528932,.\Image\Alignment\2017\03\31\00.57.54 978\Head2.jpg,True,653.563061186272,487.546928172386,.\Image\Alignment\2017\03\31\00.57.54 978\Head3.jpg,True,639.261556621547,475.084915017807,.\Image\Alignment\2017\03\31\00.57.54 978\Head4.jpg
2017.03.31 00:57:56 806,TFT_SIDE5.46,0,RETRY,-0.0004,-0.0004,-0.0002,-0.0006,0,-0.00034,True,639.509760958302,479.521600222452,.\Image\Alignment\2017\03\31\00.57.56 806\Head1.jpg,True,638.229744839068,482.55742616431,.\Image\Alignment\2017\03\31\00.57.56 806\Head2.jpg,True,638.166255682607,483.574374157222,.\Image\Alignment\2017\03\31\00.57.56 806\Head3.jpg,True,639.568508308537,480.505502400393,.\Image\Alignment\2017\03\31\00.57.56 806\Head4.jpg
2017.03.31 00:57:58 619,TFT_SIDE5.46,0,RETRY,0.0008,-0.0031,-0.0034,0.0009,0.0003,0.00022,True,640.18672422674,480.407964810038,.\Image\Alignment\2017\03\31\00.57.58 619\Head1.jpg,True,639.046463652545,482.395954216206,.\Image\Alignment\2017\03\31\00.57.58 619\Head2.jpg,True,639.111495678622,483.369385052563,.\Image\Alignment\2017\03\31\00.57.58 619\Head3.jpg,True,640.151810015831,479.7710567233,.\Image\Alignment\2017\03\31\00.57.58 619\Head4.jpg
2017.03.31 00:58:00 324,TFT_SIDE5.46,0,RETRY,0.0006,0.0095,0.012,0.0015,0,0,True,639.844441218994,479.403583379518,.\Image\Alignment\2017\03\31\00.58.00 324\Head1.jpg,True,637.46356187351,481.324434375112,.\Image\Alignment\2017\03\31\00.58.00 324\Head2.jpg,True,636.802966229669,482.983503971122,.\Image\Alignment\2017\03\31\00.58.00 324\Head3.jpg,True,639.593717829136,479.349032884079,.\Image\Alignment\2017\03\31\00.58.00 324\Head4.jpg
2017.03.31 00:58:01 742,TFT_SIDE5.46,0,OK,0.0004,0.001,-0.0027,0.0005,0,0,True,639.899865267432,479.308659129431,.\Image\Alignment\2017\03\31\00.58.01 742\Head1.jpg,True,639.72224685048,481.769712441319,.\Image\Alignment\2017\03\31\00.58.01 742\Head2.jpg,True,640.725380014504,482.29771301562,.\Image\Alignment\2017\03\31\00.58.01 742\Head3.jpg,True,639.869684280425,479.485131521513,.\Image\Alignment\2017\03\31\00.58.01 742\Head4.jpg
2017.03.31 00:58:20 403,TFT_SIDE5.46,90,RETRY,-0.6525,-0.4711,-0.6108,-0.4945,-0.0349,0.00849,True,826.58601843866,484.786556549393,.\Image\Alignment\2017\03\31\00.58.20 403\Head1.jpg,True,770.131029047832,479.454565065243,.\Image\Alignment\2017\03\31\00.58.20 403\Head2.jpg,True,807.165453522863,475.483333509296,.\Image\Alignment\2017\03\31\00.58.20 403\Head3.jpg,True,783.979977138902,461.66628410173,.\Image\Alignment\2017\03\31\00.58.20 403\Head4.jpg
2017.03.31 00:58:22 189,TFT_SIDE5.46,90,RETRY,-0.0054,0.0279,0.0273,-0.0066,0.0261,-0.00118,True,639.719030372887,484.981106328725,.\Image\Alignment\2017\03\31\00.58.22 189\Head1.jpg,True,631.809729458604,489.608148679218,.\Image\Alignment\2017\03\31\00.58.22 189\Head2.jpg,True,631.935750457527,490.289568786315,.\Image\Alignment\2017\03\31\00.58.22 189\Head3.jpg,True,640.004222714538,488.285105175201,.\Image\Alignment\2017\03\31\00.58.22 189\Head4.jpg
2017.03.31 00:58:23 908,TFT_SIDE5.46,90,RETRY,0.0004,-0.0034,-0.0035,0.0008,-0.0029,0.00011,True,640.035251869325,479.398262646368,.\Image\Alignment\2017\03\31\00.58.23 908\Head1.jpg,True,640.877729559691,482.73420974926,.\Image\Alignment\2017\03\31\00.58.23 908\Head2.jpg,True,640.874127727362,482.772498712949,.\Image\Alignment\2017\03\31\00.58.23 908\Head3.jpg,True,639.950566495389,479.101430749693,.\Image\Alignment\2017\03\31\00.58.23 908\Head4.jpg
2017.03.31 00:58:25 640,TFT_SIDE5.46,90,OK,-0.0001,-0.0001,0.0003,0.0004,0,0,True,640.034185620701,480.196062004673,.\Image\Alignment\2017\03\31\00.58.25 640\Head1.jpg,True,640.023514222388,483.396002817027,.\Image\Alignment\2017\03\31\00.58.25 640\Head2.jpg,True,639.922172059411,483.483500221023,.\Image\Alignment\2017\03\31\00.58.25 640\Head3.jpg,True,639.900895374011,479.982521376362,.\Image\Alignment\2017\03\31\00.58.25 640\Head4.jpg
2017.03.31 01:01:15 293,TFT_SIDE5.46,0,RETRY,-0.9322,-0.7312,-0.8725,-0.7782,0.4176,0.02613,True,935.217067197342,629.275752929381,.\Image\Alignment\2017\03\31\01.01.15 293\Head1.jpg,True,877.841002719814,608.636538214731,.\Image\Alignment\2017\03\31\01.01.15 293\Head2.jpg,True,914.807286795962,585.795601071883,.\Image\Alignment\2017\03\31\01.01.15 293\Head3.jpg,True,892.755219996885,554.279372682522,.\Image\Alignment\2017\03\31\01.01.15 293\Head4.jpg
2017.03.31 01:01:17 133,TFT_SIDE5.46,0,RETRY,-0.0014,0.0036,0.0042,0.0013,0.0059,-0.00061,True,639.29829463305,480.697489820038,.\Image\Alignment\2017\03\31\01.01.17 133\Head1.jpg,True,636.657455494975,483.848872495358,.\Image\Alignment\2017\03\31\01.01.17 133\Head2.jpg,True,636.488350218119,485.138031908399,.\Image\Alignment\2017\03\31\01.01.17 133\Head3.jpg,True,638.558985009474,482.459854462902,.\Image\Alignment\2017\03\31\01.01.17 133\Head4.jpg
2017.03.31 01:01:18 863,TFT_SIDE5.46,0,OK,0.0009,0.0039,0.0039,0.0006,0,0,True,639.769248379897,479.939521391329,.\Image\Alignment\2017\03\31\01.01.18 863\Head1.jpg,True,638.965466146749,482.502739273942,.\Image\Alignment\2017\03\31\01.01.18 863\Head2.jpg,True,638.951990556791,483.193536602667,.\Image\Alignment\2017\03\31\01.01.18 863\Head3.jpg,True,639.849968994823,479.829077829527,.\Image\Alignment\2017\03\31\01.01.18 863\Head4.jpg
2017.03.31 01:01:37 406,TFT_SIDE5.46,90,RETRY,-0.6417,-0.4856,-0.6226,-0.4848,-0.0887,0.01575,True,834.245936517571,482.610345809853,.\Image\Alignment\2017\03\31\01.01.37 406\Head1.jpg,True,778.139637290553,469.295319890609,.\Image\Alignment\2017\03\31\01.01.37 406\Head2.jpg,True,814.467832151788,461.554090311191,.\Image\Alignment\2017\03\31\01.01.37 406\Head3.jpg,True,792.005476225432,439.135918112423,.\Image\Alignment\2017\03\31\01.01.37 406\Head4.jpg
2017.03.31 01:01:39 150,TFT_SIDE5.46,90,RETRY,-0.0077,0.0517,0.0499,-0.0061,0.0431,-0.00137,True,640.064171245375,489.209890016,.\Image\Alignment\2017\03\31\01.01.39 150\Head1.jpg,True,625.214182070404,493.982033746606,.\Image\Alignment\2017\03\31\01.01.39 150\Head2.jpg,True,625.652089557201,494.886463458329,.\Image\Alignment\2017\03\31\01.01.39 150\Head3.jpg,True,639.591688391287,493.016886296057,.\Image\Alignment\2017\03\31\01.01.39 150\Head4.jpg
2017.03.31 01:01:40 948,TFT_SIDE5.46,90,OK,0.0015,-0.004,-0.0038,-0.0004,0,0,True,639.600519832667,479.16550788192,.\Image\Alignment\2017\03\31\01.01.40 948\Head1.jpg,True,641.061631574832,482.352805927793,.\Image\Alignment\2017\03\31\01.01.40 948\Head2.jpg,True,641.026402453073,482.466686260404,.\Image\Alignment\2017\03\31\01.01.40 948\Head3.jpg,True,640.102807738391,479.194810106704,.\Image\Alignment\2017\03\31\01.01.40 948\Head4.jpg
2017.03.31 01:04:58 434,TFT_SIDE5.46,0,RETRY,-0.8193,-0.5689,-0.7142,-0.667,0.4657,0.02628,True,905.326181445216,642.322203524946,.\Image\Alignment\2017\03\31\01.04.58 434\Head1.jpg,True,848.227414407731,618.720799118392,.\Image\Alignment\2017\03\31\01.04.58 434\Head2.jpg,True,886.241370449699,588.396117212295,.\Image\Alignment\2017\03\31\01.04.58 434\Head3.jpg,True,863.350403543451,566.698544804037,.\Image\Alignment\2017\03\31\01.04.58 434\Head4.jpg
2017.03.31 01:05:00 288,TFT_SIDE5.46,0,RETRY,-0.005,-0.0511,-0.0486,-0.0009,-0.0254,-0.00072,True,640.062076302941,472.165355983882,.\Image\Alignment\2017\03\31\01.05.00 288\Head1.jpg,True,650.700413395483,475.076873053041,.\Image\Alignment\2017\03\31\01.05.00 288\Head2.jpg,True,650.041560614773,476.684226645322,.\Image\Alignment\2017\03\31\01.05.00 288\Head3.jpg,True,638.996876766575,474.283185011763,.\Image\Alignment\2017\03\31\01.05.00 288\Head4.jpg
2017.03.31 01:05:02 061,TFT_SIDE5.46,0,OK,-0.0007,0.0061,0.0049,-0.0014,0,0,True,640.180101462094,480.26080179903,.\Image\Alignment\2017\03\31\01.05.02 061\Head1.jpg,True,638.380604135754,482.93416634014,.\Image\Alignment\2017\03\31\01.05.02 061\Head2.jpg,True,638.68021641524,483.295331387091,.\Image\Alignment\2017\03\31\01.05.02 061\Head3.jpg,True,640.368370247751,480.157888658823,.\Image\Alignment\2017\03\31\01.05.02 061\Head4.jpg
2017.03.31 01:05:20 600,TFT_SIDE5.46,90,RETRY,-0.6591,-0.5014,-0.6402,-0.5016,0.023,0.01571,True,838.841507273579,512.336518255929,.\Image\Alignment\2017\03\31\01.05.20 600\Head1.jpg,True,782.498692177413,498.08391526445,.\Image\Alignment\2017\03\31\01.05.20 600\Head2.jpg,True,819.202597843465,490.219974342756,.\Image\Alignment\2017\03\31\01.05.20 600\Head3.jpg,True,796.268701556135,468.903586519,.\Image\Alignment\2017\03\31\01.05.20 600\Head4.jpg
2017.03.31 01:05:22 413,TFT_SIDE5.46,90,RETRY,-0.0074,0.0474,0.0469,-0.0083,0.0383,-0.00139,True,639.980822615247,487.899309141316,.\Image\Alignment\2017\03\31\01.05.22 413\Head1.jpg,True,626.245396338692,492.482721270208,.\Image\Alignment\2017\03\31\01.05.22 413\Head2.jpg,True,626.343315005013,493.488372206052,.\Image\Alignment\2017\03\31\01.05.22 413\Head3.jpg,True,640.144056013748,491.764850708539,.\Image\Alignment\2017\03\31\01.05.22 413\Head4.jpg
2017.03.31 01:05:24 172,TFT_SIDE5.46,90,OK,0.0022,-0.0014,-0.0013,0.0037,0,0,True,639.41600933442,479.625947963137,.\Image\Alignment\2017\03\31\01.05.24 172\Head1.jpg,True,640.375155977499,482.481488611452,.\Image\Alignment\2017\03\31\01.05.24 172\Head2.jpg,True,640.350841580711,482.70681954244,.\Image\Alignment\2017\03\31\01.05.24 172\Head3.jpg,True,639.00354978828,479.545625307339,.\Image\Alignment\2017\03\31\01.05.24 172\Head4.jpg
2017.03.31 01:08:03 938,TFT_SIDE5.46,0,RETRY,-0.966,-0.9345,-1.0766,-0.813,0.381,0.02232,True,937.504194647502,613.966606302304,.\Image\Alignment\2017\03\31\01.08.03 938\Head1.jpg,True,880.319518381363,589.194490002443,.\Image\Alignment\2017\03\31\01.08.03 938\Head2.jpg,True,917.481854850297,594.520769068473,.\Image\Alignment\2017\03\31\01.08.03 938\Head3.jpg,True,895.323579862871,550.082195383351,.\Image\Alignment\2017\03\31\01.08.03 938\Head4.jpg
2017.03.31 01:08:05 683,TFT_SIDE5.46,0,RETRY,-0.006,0.1697,0.1694,-0.0041,0.046,-0.00106,True,639.748262866533,490.749631356792,.\Image\Alignment\2017\03\31\01.08.05 683\Head1.jpg,True,591.874840047907,494.251218022372,.\Image\Alignment\2017\03\31\01.08.05 683\Head2.jpg,True,591.932433540538,495.748641369322,.\Image\Alignment\2017\03\31\01.08.05 683\Head3.jpg,True,639.184808099612,493.766947419765,.\Image\Alignment\2017\03\31\01.08.05 683\Head4.jpg
2017.03.31 01:08:07 538,TFT_SIDE5.46,0,RETRY,0.0008,-0.0014,-0.0015,0.0013,0.0005,0.00013,True,640.013411588742,480.321776863475,.\Image\Alignment\2017\03\31\01.08.07 538\Head1.jpg,True,639.015894297595,482.522638356593,.\Image\Alignment\2017\03\31\01.08.07 538\Head2.jpg,True,639.043715830492,483.254154925024,.\Image\Alignment\2017\03\31\01.08.07 538\Head3.jpg,True,639.886053958812,479.930095160318,.\Image\Alignment\2017\03\31\01.08.07 538\Head4.jpg
2017.03.31 01:08:09 159,TFT_SIDE5.46,0,OK,-0.0003,0.0064,0.0045,0.0004,0,0,True,640.085502376571,479.880664963055,.\Image\Alignment\2017\03\31\01.08.09 159\Head1.jpg,True,638.300321110014,482.360346369711,.\Image\Alignment\2017\03\31\01.08.09 159\Head2.jpg,True,638.791588868198,483.041329654754,.\Image\Alignment\2017\03\31\01.08.09 159\Head3.jpg,True,639.886145093886,479.93934052842,.\Image\Alignment\2017\03\31\01.08.09 159\Head4.jpg
2017.03.31 01:08:27 569,TFT_SIDE5.46,90,RETRY,-0.6441,-0.4756,-0.6165,-0.4872,-0.116,0.01113,True,828.148148075004,467.54670710836,.\Image\Alignment\2017\03\31\01.08.27 569\Head1.jpg,True,771.952823189451,458.652043476237,.\Image\Alignment\2017\03\31\01.08.27 569\Head2.jpg,True,809.37923137169,454.114645739436,.\Image\Alignment\2017\03\31\01.08.27 569\Head3.jpg,True,785.961352637001,437.10196045544,.\Image\Alignment\2017\03\31\01.08.27 569\Head4.jpg
2017.03.31 01:08:29 409,TFT_SIDE5.46,90,RETRY,-0.0077,0.0383,0.0391,-0.0071,0.0323,-0.00124,True,640.253210996032,486.545120311735,.\Image\Alignment\2017\03\31\01.08.29 409\Head1.jpg,True,628.761249345744,491.103665162989,.\Image\Alignment\2017\03\31\01.08.29 409\Head2.jpg,True,628.507052444714,492.047357076006,.\Image\Alignment\2017\03\31\01.08.29 409\Head3.jpg,True,640.044430475532,490.004664594489,.\Image\Alignment\2017\03\31\01.08.29 409\Head4.jpg
2017.03.31 01:08:31 222,TFT_SIDE5.46,90,OK,0.0004,-0.0021,-0.0039,0.0011,0,0,True,639.885263199179,479.24087131364,.\Image\Alignment\2017\03\31\01.08.31 222\Head1.jpg,True,640.572643686869,482.499857477372,.\Image\Alignment\2017\03\31\01.08.31 222\Head2.jpg,True,641.041298916077,482.854562016586,.\Image\Alignment\2017\03\31\01.08.31 222\Head3.jpg,True,639.706021859894,479.256982307967,.\Image\Alignment\2017\03\31\01.08.31 222\Head4.jpg
2017.03.31 01:11:32 526,TFT_SIDE5.46,0,RETRY,-0.9703,-0.7107,-0.8532,-0.8159,0.426,0.01609,True,927.655039789736,616.902268174007,.\Image\Alignment\2017\03\31\01.11.32 526\Head1.jpg,True,870.134048324159,594.058467040217,.\Image\Alignment\2017\03\31\01.11.32 526\Head2.jpg,True,907.469344305279,572.418702302654,.\Image\Alignment\2017\03\31\01.11.32 526\Head3.jpg,True,885.03491110371,571.015118989871,.\Image\Alignment\2017\03\31\01.11.32 526\Head4.jpg
2017.03.31 01:11:34 393,TFT_SIDE5.46,0,RETRY,0.061,0.0109,0.012,0.0647,0.0415,0.00935,True,640.228477557626,504.573203583929,.\Image\Alignment\2017\03\31\01.11.34 393\Head1.jpg,True,652.924652356461,498.197301688791,.\Image\Alignment\2017\03\31\01.11.34 393\Head2.jpg,True,652.588098733892,489.581000953097,.\Image\Alignment\2017\03\31\01.11.34 393\Head3.jpg,True,639.240469212856,477.418203302562,.\Image\Alignment\2017\03\31\01.11.34 393\Head4.jpg
2017.03.31 01:11:36 247,TFT_SIDE5.46,0,RETRY,-0.0003,-0.004,-0.0051,-0.0003,-0.0006,-0.00052,True,639.156189974909,479.100796910255,.\Image\Alignment\2017\03\31\01.11.36 247\Head1.jpg,True,638.408019073747,481.993522334998,.\Image\Alignment\2017\03\31\01.11.36 247\Head2.jpg,True,638.684940497293,483.445962616647,.\Image\Alignment\2017\03\31\01.11.36 247\Head3.jpg,True,639.153545493964,480.60416713693,.\Image\Alignment\2017\03\31\01.11.36 247\Head4.jpg
2017.03.31 01:11:37 978,TFT_SIDE5.46,0,RETRY,0.0037,-0.0048,-0.0028,0.0023,-0.0012,0.00016,True,639.291893845555,479.90683901338,.\Image\Alignment\2017\03\31\01.11.37 978\Head1.jpg,True,638.274966628165,482.206655632219,.\Image\Alignment\2017\03\31\01.11.37 978\Head2.jpg,True,637.721147184338,483.84586919271,.\Image\Alignment\2017\03\31\01.11.37 978\Head3.jpg,True,639.674463704817,479.442255487229,.\Image\Alignment\2017\03\31\01.11.37 978\Head4.jpg
2017.03.31 01:11:39 804,TFT_SIDE5.46,0,RETRY,-0.0009,0.0129,0.0115,-0.0001,0,0,True,640.236406700079,479.847676624595,.\Image\Alignment\2017\03\31\01.11.39 804\Head1.jpg,True,636.551663375406,482.470843781933,.\Image\Alignment\2017\03\31\01.11.39 804\Head2.jpg,True,636.940994796711,483.458930294463,.\Image\Alignment\2017\03\31\01.11.39 804\Head3.jpg,True,640.013934385573,479.789429865201,.\Image\Alignment\2017\03\31\01.11.39 804\Head4.jpg
2017.03.31 01:11:41 140,TFT_SIDE5.46,0,OK,0.0002,0.0012,-0.0013,-0.0011,0,0,True,639.942604129291,479.767984570601,.\Image\Alignment\2017\03\31\01.11.41 140\Head1.jpg,True,639.66879189428,482.414437552785,.\Image\Alignment\2017\03\31\01.11.41 140\Head2.jpg,True,640.357117987673,483.245414080148,.\Image\Alignment\2017\03\31\01.11.41 140\Head3.jpg,True,640.299330354456,479.800533437738,.\Image\Alignment\2017\03\31\01.11.41 140\Head4.jpg
2017.03.31 01:11:59 835,TFT_SIDE5.46,90,RETRY,-0.6837,-0.5224,-0.6626,-0.5239,-0.0588,0.01504,True,844.423024353154,489.385685111971,.\Image\Alignment\2017\03\31\01.11.59 835\Head1.jpg,True,787.706140707867,475.987922124561,.\Image\Alignment\2017\03\31\01.11.59 835\Head2.jpg,True,824.865158256596,468.466002577579,.\Image\Alignment\2017\03\31\01.11.59 835\Head3.jpg,True,801.33698257079,447.939958370169,.\Image\Alignment\2017\03\31\01.11.59 835\Head4.jpg
2017.03.31 01:12:01 717,TFT_SIDE5.46,90,RETRY,-0.0103,0.0469,0.0459,-0.0097,0.0393,-0.0016,True,640.440066669311,487.808565365627,.\Image\Alignment\2017\03\31\01.12.01 717\Head1.jpg,True,626.720802275055,492.6524627565,.\Image\Alignment\2017\03\31\01.12.01 717\Head2.jpg,True,626.940172834569,493.366989545696,.\Image\Alignment\2017\03\31\01.12.01 717\Head3.jpg,True,640.224126119843,492.268230654884,.\Image\Alignment\2017\03\31\01.12.01 717\Head4.jpg
2017.03.31 01:12:03 516,TFT_SIDE5.46,90,OK,0.0018,-0.0061,-0.0048,-0.0005,0,0,True,639.508219698612,478.854605390634,.\Image\Alignment\2017\03\31\01.12.03 516\Head1.jpg,True,641.626671122727,481.956039635819,.\Image\Alignment\2017\03\31\01.12.03 516\Head2.jpg,True,641.273551785915,482.233668840719,.\Image\Alignment\2017\03\31\01.12.03 516\Head3.jpg,True,640.135592643091,478.765728480139,.\Image\Alignment\2017\03\31\01.12.03 516\Head4.jpg
2017.03.31 01:14:59 026,TFT_SIDE5.46,0,RETRY,-0.9949,-0.7492,-0.8899,-0.8406,0.4389,0.01617,True,934.378101042757,620.463606185312,.\Image\Alignment\2017\03\31\01.14.59 026\Head1.jpg,True,876.131330194519,607.855624368903,.\Image\Alignment\2017\03\31\01.14.59 026\Head2.jpg,True,912.937983711422,588.549396698401,.\Image\Alignment\2017\03\31\01.14.59 026\Head3.jpg,True,891.751496809105,574.349192065641,.\Image\Alignment\2017\03\31\01.14.59 026\Head4.jpg
2017.03.31 01:15:00 960,TFT_SIDE5.46,0,RETRY,-0.0016,-0.0398,-0.0407,0.0034,-0.0179,-0.00022,True,640.029486493315,474.896366440922,.\Image\Alignment\2017\03\31\01.15.00 960\Head1.jpg,True,648.824283825328,477.625499514516,.\Image\Alignment\2017\03\31\01.15.00 960\Head2.jpg,True,649.053724523942,478.618543126186,.\Image\Alignment\2017\03\31\01.15.00 960\Head3.jpg,True,638.717941030628,475.541483418287,.\Image\Alignment\2017\03\31\01.15.00 960\Head4.jpg
2017.03.31 01:15:02 651,TFT_SIDE5.46,0,OK,0.001,0.0051,0.0043,-0.0013,0,0,True,639.745091760906,480.241529694495,.\Image\Alignment\2017\03\31\01.15.02 651\Head1.jpg,True,638.646718283011,482.863161922863,.\Image\Alignment\2017\03\31\01.15.02 651\Head2.jpg,True,638.843260878421,483.475981403383,.\Image\Alignment\2017\03\31\01.15.02 651\Head3.jpg,True,640.334131698067,480.057538704055,.\Image\Alignment\2017\03\31\01.15.02 651\Head4.jpg
2017.03.31 01:15:21 060,TFT_SIDE5.46,90,RETRY,-0.6424,-0.3965,-0.5331,-0.4801,-0.1266,0.00515,True,819.005822435711,454.69570893487,.\Image\Alignment\2017\03\31\01.15.21 060\Head1.jpg,True,762.333237456249,452.376968037667,.\Image\Alignment\2017\03\31\01.15.21 060\Head2.jpg,True,798.664750553522,437.366563217826,.\Image\Alignment\2017\03\31\01.15.21 060\Head3.jpg,True,775.41696886324,441.052370953375,.\Image\Alignment\2017\03\31\01.15.21 060\Head4.jpg
2017.03.31 01:15:22 871,TFT_SIDE5.46,90,RETRY,-0.0051,-0.0375,-0.0395,-0.0058,0.0181,-0.00102,True,639.886537188672,483.128126311391,.\Image\Alignment\2017\03\31\01.15.22 871\Head1.jpg,True,649.104356541422,487.304717159565,.\Image\Alignment\2017\03\31\01.15.22 871\Head2.jpg,True,649.600549714575,488.122806449949,.\Image\Alignment\2017\03\31\01.15.22 871\Head3.jpg,True,640.022722686818,485.992971526733,.\Image\Alignment\2017\03\31\01.15.22 871\Head4.jpg
2017.03.31 01:15:24 671,TFT_SIDE5.46,90,RETRY,0.0012,-0.0027,-0.001,0.0009,-0.0028,0.00017,True,639.913043106764,479.545789356049,.\Image\Alignment\2017\03\31\01.15.24 671\Head1.jpg,True,640.739268390557,482.572268578511,.\Image\Alignment\2017\03\31\01.15.24 671\Head2.jpg,True,640.264168800047,482.555785166273,.\Image\Alignment\2017\03\31\01.15.24 671\Head3.jpg,True,640.014693614302,479.077250791375,.\Image\Alignment\2017\03\31\01.15.24 671\Head4.jpg
2017.03.31 01:15:26 456,TFT_SIDE5.46,90,RETRY,-0.0002,-0.0002,-0.0018,0.0002,-0.0001,0.00016,True,640.274970216339,480.233962412792,.\Image\Alignment\2017\03\31\01.15.26 456\Head1.jpg,True,639.788256097383,483.210897198645,.\Image\Alignment\2017\03\31\01.15.26 456\Head2.jpg,True,640.20551349622,483.449365216909,.\Image\Alignment\2017\03\31\01.15.26 456\Head3.jpg,True,640.177588621712,479.780799388599,.\Image\Alignment\2017\03\31\01.15.26 456\Head4.jpg
2017.03.31 01:15:28 147,TFT_SIDE5.46,90,OK,0.0005,0.0015,0.0017,0.0002,0,0,True,639.865580690897,480.046731393928,.\Image\Alignment\2017\03\31\01.15.28 147\Head1.jpg,True,639.605533133051,483.270650205423,.\Image\Alignment\2017\03\31\01.15.28 147\Head2.jpg,True,639.548182499462,483.292524177812,.\Image\Alignment\2017\03\31\01.15.28 147\Head3.jpg,True,639.959461065587,480.170500469362,.\Image\Alignment\2017\03\31\01.15.28 147\Head4.jpg
2017.03.31 01:18:17 787,TFT_SIDE5.46,0,RETRY,-0.9924,-0.7809,-0.9231,-0.8381,0.4222,0.01518,True,931.967402161372,614.567069194439,.\Image\Alignment\2017\03\31\01.18.17 787\Head1.jpg,True,874.482888221208,602.180474046479,.\Image\Alignment\2017\03\31\01.18.17 787\Head2.jpg,True,911.673650362036,588.380932282446,.\Image\Alignment\2017\03\31\01.18.17 787\Head3.jpg,True,889.343880557283,571.328533402004,.\Image\Alignment\2017\03\31\01.18.17 787\Head4.jpg
2017.03.31 01:18:19 601,TFT_SIDE5.46,0,RETRY,-0.006,-0.0087,-0.0086,-0.0038,-0.02,-0.00025,True,641.163814710826,474.299452228521,.\Image\Alignment\2017\03\31\01.18.19 601\Head1.jpg,True,641.103975039478,477.310410394338,.\Image\Alignment\2017\03\31\01.18.19 601\Head2.jpg,True,641.077074757803,477.976110674152,.\Image\Alignment\2017\03\31\01.18.19 601\Head3.jpg,True,640.586554850922,475.036983662384,.\Image\Alignment\2017\03\31\01.18.19 601\Head4.jpg
2017.03.31 01:18:21 374,TFT_SIDE5.46,0,OK,-0.0019,0.0019,0.0021,0.001,0,0,True,640.513800833197,479.910720297072,.\Image\Alignment\2017\03\31\01.18.21 374\Head1.jpg,True,639.503092589393,482.510416744095,.\Image\Alignment\2017\03\31\01.18.21 374\Head2.jpg,True,639.440349932384,483.269424948085,.\Image\Alignment\2017\03\31\01.18.21 374\Head3.jpg,True,639.720986697411,480.069689868659,.\Image\Alignment\2017\03\31\01.18.21 374\Head4.jpg
2017.03.31 01:18:39 834,TFT_SIDE5.46,90,RETRY,-0.6245,-0.4695,-0.6102,-0.4646,-0.1277,0.00382,True,812.306115159583,452.206997205377,.\Image\Alignment\2017\03\31\01.18.39 834\Head1.jpg,True,755.481807827549,440.442766725854,.\Image\Alignment\2017\03\31\01.18.39 834\Head2.jpg,True,792.873559347449,449.445238012652,.\Image\Alignment\2017\03\31\01.18.39 834\Head3.jpg,True,769.364146482545,442.258505017177,.\Image\Alignment\2017\03\31\01.18.39 834\Head4.jpg
2017.03.31 01:18:41 687,TFT_SIDE5.46,90,RETRY,-0.0045,0.0536,0.0552,-0.0052,0.0151,-0.00079,True,640.036934708478,482.703920100283,.\Image\Alignment\2017\03\31\01.18.41 687\Head1.jpg,True,625.067939477018,486.552269786678,.\Image\Alignment\2017\03\31\01.18.41 687\Head2.jpg,True,624.63353512181,487.131428584326,.\Image\Alignment\2017\03\31\01.18.41 687\Head3.jpg,True,640.210923853045,484.927414583024,.\Image\Alignment\2017\03\31\01.18.41 687\Head4.jpg
2017.03.31 01:18:43 445,TFT_SIDE5.46,90,OK,0.0021,-0.0019,-0.0016,0.0018,0,0,True,639.447634243344,479.667405410458,.\Image\Alignment\2017\03\31\01.18.43 445\Head1.jpg,True,640.505384789033,482.673382025665,.\Image\Alignment\2017\03\31\01.18.43 445\Head2.jpg,True,640.432726088843,482.737702477956,.\Image\Alignment\2017\03\31\01.18.43 445\Head3.jpg,True,639.511889062088,479.447696341972,.\Image\Alignment\2017\03\31\01.18.43 445\Head4.jpg
2017.03.31 01:21:03 039,TFT_SIDE5.46,90,RETRY,-0.6244,-0.4303,-0.5704,-0.4663,-0.1218,0.00366,True,812.042100718131,453.486939493909,.\Image\Alignment\2017\03\31\01.21.03 039\Head1.jpg,True,755.854512719084,452.852829212569,.\Image\Alignment\2017\03\31\01.21.03 039\Head2.jpg,True,793.068476162991,451.987940309919,.\Image\Alignment\2017\03\31\01.21.03 039\Head3.jpg,True,769.573373548156,443.997668850094,.\Image\Alignment\2017\03\31\01.21.03 039\Head4.jpg
2017.03.31 01:21:04 889,TFT_SIDE5.46,90,RETRY,-0.0042,0.0136,0.0147,-0.0032,0.0094,-0.00068,True,640.138596092791,481.3829563708,.\Image\Alignment\2017\03\31\01.21.04 889\Head1.jpg,True,635.654932813765,485.103637079051,.\Image\Alignment\2017\03\31\01.21.04 889\Head2.jpg,True,635.342481842955,485.754901586468,.\Image\Alignment\2017\03\31\01.21.04 889\Head3.jpg,True,639.841949974355,483.288805720591,.\Image\Alignment\2017\03\31\01.21.04 889\Head4.jpg
2017.03.31 01:21:06 593,TFT_SIDE5.46,90,OK,-0.0005,-0.0025,-0.0008,-0.0013,0,0,True,640.129261060341,479.459020769353,.\Image\Alignment\2017\03\31\01.21.06 593\Head1.jpg,True,640.656547250575,482.519365359221,.\Image\Alignment\2017\03\31\01.21.06 593\Head2.jpg,True,640.224367139424,482.690943792417,.\Image\Alignment\2017\03\31\01.21.06 593\Head3.jpg,True,640.34091147938,479.354105498028,.\Image\Alignment\2017\03\31\01.21.06 593\Head4.jpg
2017.03.31 01:22:51 329,TFT_SIDE5.46,0,RETRY,-1.024,-0.7657,-0.908,-0.8695,0.4136,0.01157,True,934.003095600903,607.011998192411,.\Image\Alignment\2017\03\31\01.22.51 329\Head1.jpg,True,876.277952597678,603.552167733942,.\Image\Alignment\2017\03\31\01.22.51 329\Head2.jpg,True,913.520506303083,586.559091258761,.\Image\Alignment\2017\03\31\01.22.51 329\Head3.jpg,True,891.343153602707,574.287354626411,.\Image\Alignment\2017\03\31\01.22.51 329\Head4.jpg
2017.03.31 01:22:53 156,TFT_SIDE5.46,0,RETRY,0.0158,-0.037,-0.0392,0.0197,-0.0128,0.00257,True,640.329170587126,480.312168679553,.\Image\Alignment\2017\03\31\01.22.53 156\Head1.jpg,True,652.551839190598,480.213687581743,.\Image\Alignment\2017\03\31\01.22.53 156\Head2.jpg,True,653.134397611872,478.769781689786,.\Image\Alignment\2017\03\31\01.22.53 156\Head3.jpg,True,639.305267015633,472.862072285354,.\Image\Alignment\2017\03\31\01.22.53 156\Head4.jpg
2017.03.31 01:22:54 944,TFT_SIDE5.46,0,RETRY,-0.0037,-0.0058,-0.0009,-0.0069,0.0017,-0.00031,True,640.434377534357,480.001882193271,.\Image\Alignment\2017\03\31\01.22.54 944\Head1.jpg,True,639.359982577063,483.037103346546,.\Image\Alignment\2017\03\31\01.22.54 944\Head2.jpg,True,638.031708503002,484.223520097785,.\Image\Alignment\2017\03\31\01.22.54 944\Head3.jpg,True,641.300963902038,480.896475546856,.\Image\Alignment\2017\03\31\01.22.54 944\Head4.jpg
2017.03.31 01:22:56 650,TFT_SIDE5.46,0,RETRY,0.0015,0.0029,0.0013,0.0034,-0.0003,0.00019,True,639.929027303837,480.187562249187,.\Image\Alignment\2017\03\31\01.22.56 650\Head1.jpg,True,637.941522759786,482.689418041822,.\Image\Alignment\2017\03\31\01.22.56 650\Head2.jpg,True,638.366551610819,483.386981040699,.\Image\Alignment\2017\03\31\01.22.56 650\Head3.jpg,True,639.445724515962,479.631040435287,.\Image\Alignment\2017\03\31\01.22.56 650\Head4.jpg
2017.03.31 01:22:58 422,TFT_SIDE5.46,0,OK,-0.0004,0.0061,0.0055,-0.0004,0,0,True,640.109856008806,480.184096304457,.\Image\Alignment\2017\03\31\01.22.58 422\Head1.jpg,True,638.365990920784,482.957151016467,.\Image\Alignment\2017\03\31\01.22.58 422\Head2.jpg,True,638.526469663176,483.630068486239,.\Image\Alignment\2017\03\31\01.22.58 422\Head3.jpg,True,640.110349296175,480.452002496327,.\Image\Alignment\2017\03\31\01.22.58 422\Head4.jpg
2017.03.31 01:23:19 293,TFT_SIDE5.46,90,RETRY,-0.6244,-0.4337,-0.5724,-0.4638,-0.1391,0.00316,True,811.316010742628,448.05054424507,.\Image\Alignment\2017\03\31\01.23.19 293\Head1.jpg,True,754.756339868525,447.068105464574,.\Image\Alignment\2017\03\31\01.23.19 293\Head2.jpg,True,791.602986971785,448.032484448354,.\Image\Alignment\2017\03\31\01.23.19 293\Head3.jpg,True,768.187368154204,439.974234934686,.\Image\Alignment\2017\03\31\01.23.19 293\Head4.jpg
2017.03.31 01:23:21 118,TFT_SIDE5.46,90,RETRY,-0.004,0.0192,0.0193,-0.0053,0.014,-0.00091,True,639.751836852168,482.22468936314,.\Image\Alignment\2017\03\31\01.23.21 118\Head1.jpg,True,633.975224074177,486.001226923858,.\Image\Alignment\2017\03\31\01.23.21 118\Head2.jpg,True,633.906262023821,486.836528594785,.\Image\Alignment\2017\03\31\01.23.21 118\Head3.jpg,True,640.070498121228,484.778667015096,.\Image\Alignment\2017\03\31\01.23.21 118\Head4.jpg
2017.03.31 01:23:22 837,TFT_SIDE5.46,90,OK,-0.0001,-0.0039,-0.003,-0.0008,0,0,True,640.019147102565,479.372009603511,.\Image\Alignment\2017\03\31\01.23.22 837\Head1.jpg,True,641.041543323088,482.291478667979,.\Image\Alignment\2017\03\31\01.23.22 837\Head2.jpg,True,640.78815993554,482.337094858953,.\Image\Alignment\2017\03\31\01.23.22 837\Head3.jpg,True,640.216165927184,479.51567000306,.\Image\Alignment\2017\03\31\01.23.22 837\Head4.jpg
2017.03.31 01:26:30 246,TFT_SIDE5.46,0,RETRY,-1.0343,-0.5943,-0.7371,-0.8814,0.3924,0.01126,True,936.21807774477,600.904309866116,.\Image\Alignment\2017\03\31\01.26.30 246\Head1.jpg,True,878.555438822248,606.063331030782,.\Image\Alignment\2017\03\31\01.26.30 246\Head2.jpg,True,916.012360620529,562.947764817613,.\Image\Alignment\2017\03\31\01.26.30 246\Head3.jpg,True,894.000052548436,569.098591260281,.\Image\Alignment\2017\03\31\01.26.30 246\Head4.jpg
2017.03.31 01:26:32 141,TFT_SIDE5.46,0,RETRY,0.0443,-0.1899,-0.1907,0.0467,0.0127,0.00713,True,640.75557286564,493.679127012449,.\Image\Alignment\2017\03\31\01.26.32 141\Head1.jpg,True,701.404120637814,489.105315922585,.\Image\Alignment\2017\03\31\01.26.32 141\Head2.jpg,True,701.538761750578,483.334085067556,.\Image\Alignment\2017\03\31\01.26.32 141\Head3.jpg,True,640.155120142474,472.98447737804,.\Image\Alignment\2017\03\31\01.26.32 141\Head4.jpg
2017.03.31 01:26:34 010,TFT_SIDE5.46,0,RETRY,-0.003,-0.0003,-0.0004,-0.0029,0.0008,-0.00051,True,639.906976708854,479.475116248062,.\Image\Alignment\2017\03\31\01.26.34 010\Head1.jpg,True,638.351534163075,482.935900109419,.\Image\Alignment\2017\03\31\01.26.34 010\Head2.jpg,True,638.361860486615,483.879248171371,.\Image\Alignment\2017\03\31\01.26.34 010\Head3.jpg,True,639.861597527636,480.96025743287,.\Image\Alignment\2017\03\31\01.26.34 010\Head4.jpg
2017.03.31 01:26:35 818,TFT_SIDE5.46,0,OK,-0.0002,0.0031,0.0026,0.0014,0,0,True,640.053652703386,480.141667943858,.\Image\Alignment\2017\03\31\01.26.35 818\Head1.jpg,True,639.182548501636,482.848048859033,.\Image\Alignment\2017\03\31\01.26.35 818\Head2.jpg,True,639.312507811172,483.378674141103,.\Image\Alignment\2017\03\31\01.26.35 818\Head3.jpg,True,639.637627757377,479.971452329822,.\Image\Alignment\2017\03\31\01.26.35 818\Head4.jpg
2017.03.31 01:26:54 360,TFT_SIDE5.46,90,RETRY,-0.6266,-0.4454,-0.5823,-0.4688,-0.1255,0.00728,True,817.906573923825,458.5881271632,.\Image\Alignment\2017\03\31\01.26.54 360\Head1.jpg,True,762.117642794507,453.268952922073,.\Image\Alignment\2017\03\31\01.26.54 360\Head2.jpg,True,798.487510308824,450.347265146258,.\Image\Alignment\2017\03\31\01.26.54 360\Head3.jpg,True,775.504611538037,438.918407668293,.\Image\Alignment\2017\03\31\01.26.54 360\Head4.jpg
2017.03.31 01:26:56 215,TFT_SIDE5.46,90,RETRY,-0.0071,0.0267,0.0243,-0.0058,0.0203,-0.00132,True,639.981349846723,483.194946879638,.\Image\Alignment\2017\03\31\01.26.56 215\Head1.jpg,True,631.933730735312,487.353981746028,.\Image\Alignment\2017\03\31\01.26.56 215\Head2.jpg,True,632.5334470333,488.227490684127,.\Image\Alignment\2017\03\31\01.26.56 215\Head3.jpg,True,639.595586489115,486.896723794819,.\Image\Alignment\2017\03\31\01.26.56 215\Head4.jpg
2017.03.31 01:26:57 961,TFT_SIDE5.46,90,RETRY,0.0018,-0.0067,-0.0048,0.0009,-0.0041,0.00016,True,639.756338353808,479.163698160406,.\Image\Alignment\2017\03\31\01.26.57 961\Head1.jpg,True,641.544489571083,481.809758476269,.\Image\Alignment\2017\03\31\01.26.57 961\Head2.jpg,True,641.045816328285,482.024171389437,.\Image\Alignment\2017\03\31\01.26.57 961\Head3.jpg,True,639.986288397171,478.713373214675,.\Image\Alignment\2017\03\31\01.26.57 961\Head4.jpg
2017.03.31 01:26:59 774,TFT_SIDE5.46,90,OK,-0.0019,0.0033,0.0025,-0.0003,0,0,True,640.49536330852,480.511386035091,.\Image\Alignment\2017\03\31\01.26.59 774\Head1.jpg,True,639.11768826071,483.08447377978,.\Image\Alignment\2017\03\31\01.26.59 774\Head2.jpg,True,639.336555518145,483.186256402628,.\Image\Alignment\2017\03\31\01.26.59 774\Head3.jpg,True,640.084952151123,480.313002455683,.\Image\Alignment\2017\03\31\01.26.59 774\Head4.jpg
2017.03.31 01:30:05 238,TFT_SIDE5.46,0,RETRY,-1.0069,-0.57,-0.7107,-0.854,0.4172,0.00923,True,925.333999393465,604.573847096504,.\Image\Alignment\2017\03\31\01.30.05 238\Head1.jpg,True,868.11743031889,610.91473179101,.\Image\Alignment\2017\03\31\01.30.05 238\Head2.jpg,True,905.003578314259,569.932949915377,.\Image\Alignment\2017\03\31\01.30.05 238\Head3.jpg,True,883.107144681886,578.571466437994,.\Image\Alignment\2017\03\31\01.30.05 238\Head4.jpg
2017.03.31 01:30:07 160,TFT_SIDE5.46,0,RETRY,0.0427,-0.188,-0.1901,0.049,0.0114,0.00682,True,640.617955397445,492.890843168875,.\Image\Alignment\2017\03\31\01.30.07 160\Head1.jpg,True,700.237256945884,488.598207901748,.\Image\Alignment\2017\03\31\01.30.07 160\Head2.jpg,True,700.716819654778,483.18422447853,.\Image\Alignment\2017\03\31\01.30.07 160\Head3.jpg,True,638.971013750285,473.108644313722,.\Image\Alignment\2017\03\31\01.30.07 160\Head4.jpg
2017.03.31 01:30:08 906,TFT_SIDE5.46,0,OK,0.0002,0.006,0.0061,-0.0009,0,0,True,639.938615498961,479.565038129081,.\Image\Alignment\2017\03\31\01.30.08 906\Head1.jpg,True,638.412414632534,482.218232672915,.\Image\Alignment\2017\03\31\01.30.08 906\Head2.jpg,True,638.379452861661,482.94681676719,.\Image\Alignment\2017\03\31\01.30.08 906\Head3.jpg,True,640.253063207894,479.829505115279,.\Image\Alignment\2017\03\31\01.30.08 906\Head4.jpg
2017.03.31 01:30:27 400,TFT_SIDE5.46,90,RETRY,-0.6456,-0.4578,-0.5956,-0.4858,-0.0947,0.00556,True,820.484276612828,463.910472368301,.\Image\Alignment\2017\03\31\01.30.27 400\Head1.jpg,True,764.266403027062,460.70205212181,.\Image\Alignment\2017\03\31\01.30.27 400\Head2.jpg,True,800.851153776228,458.847576930244,.\Image\Alignment\2017\03\31\01.30.27 400\Head3.jpg,True,777.499825216053,449.065101590806,.\Image\Alignment\2017\03\31\01.30.27 400\Head4.jpg
2017.03.31 01:30:29 158,TFT_SIDE5.46,90,RETRY,-0.0076,0.0188,0.019,-0.0076,0.0191,-0.0014,True,640.011028132759,482.766946971852,.\Image\Alignment\2017\03\31\01.30.29 158\Head1.jpg,True,633.763605859287,487.157889483486,.\Image\Alignment\2017\03\31\01.30.29 158\Head2.jpg,True,633.665671487652,488.282489895943,.\Image\Alignment\2017\03\31\01.30.29 158\Head3.jpg,True,639.979309046553,486.685391499127,.\Image\Alignment\2017\03\31\01.30.29 158\Head4.jpg
2017.03.31 01:30:31 067,TFT_SIDE5.46,90,RETRY,0.0033,-0.0056,-0.005,0.0009,-0.0036,0.00027,True,639.503783848917,479.493280062122,.\Image\Alignment\2017\03\31\01.30.31 067\Head1.jpg,True,641.23165106732,482.013295547855,.\Image\Alignment\2017\03\31\01.30.31 067\Head2.jpg,True,641.0634741314,482.257794835656,.\Image\Alignment\2017\03\31\01.30.31 067\Head3.jpg,True,640.162696712488,478.749857819251,.\Image\Alignment\2017\03\31\01.30.31 067\Head4.jpg
2017.03.31 01:30:32 757,TFT_SIDE5.46,90,OK,-0.0019,0.0033,0.0028,-0.0009,0,0,True,640.505048791027,479.900776515364,.\Image\Alignment\2017\03\31\01.30.32 757\Head1.jpg,True,639.126559923626,482.94633176846,.\Image\Alignment\2017\03\31\01.30.32 757\Head2.jpg,True,639.265651884796,483.32177144053,.\Image\Alignment\2017\03\31\01.30.32 757\Head3.jpg,True,640.245858172496,480.083790094979,.\Image\Alignment\2017\03\31\01.30.32 757\Head4.jpg
2017.03.31 01:33:25 793,TFT_SIDE5.46,0,RETRY,-0.8733,-0.6108,-0.7545,-0.7227,0.3852,0.03253,True,930.775034838226,629.915157748909,.\Image\Alignment\2017\03\31\01.33.25 793\Head1.jpg,True,873.817990016797,601.193415988647,.\Image\Alignment\2017\03\31\01.33.25 793\Head2.jpg,True,911.512670068994,563.045271553262,.\Image\Alignment\2017\03\31\01.33.25 793\Head3.jpg,True,889.302938385063,536.384879041332,.\Image\Alignment\2017\03\31\01.33.25 793\Head4.jpg
2017.03.31 01:33:27 661,TFT_SIDE5.46,0,RETRY,-0.0206,-0.0782,-0.0777,-0.0141,0.0535,-0.00305,True,640.128313640479,489.874984304106,.\Image\Alignment\2017\03\31\01.33.27 661\Head1.jpg,True,653.70056621936,495.191544128213,.\Image\Alignment\2017\03\31\01.33.27 661\Head2.jpg,True,653.476899815175,499.109546868243,.\Image\Alignment\2017\03\31\01.33.27 661\Head3.jpg,True,638.31478077115,498.646193477164,.\Image\Alignment\2017\03\31\01.33.27 661\Head4.jpg
2017.03.31 01:33:29 474,TFT_SIDE5.46,0,OK,0.0013,0.0079,0.0087,0.0009,0,0,True,639.652402284601,479.695199307788,.\Image\Alignment\2017\03\31\01.33.29 474\Head1.jpg,True,637.886796692627,481.922979770896,.\Image\Alignment\2017\03\31\01.33.29 474\Head2.jpg,True,637.670767076337,483.014214340811,.\Image\Alignment\2017\03\31\01.33.29 474\Head3.jpg,True,639.748125236284,479.766063478525,.\Image\Alignment\2017\03\31\01.33.29 474\Head4.jpg
2017.03.31 01:33:47 903,TFT_SIDE5.46,90,RETRY,-0.6512,-0.5038,-0.6397,-0.4951,-0.0555,0.01981,True,842.680956648278,498.247094176915,.\Image\Alignment\2017\03\31\01.33.47 903\Head1.jpg,True,787.110220757809,479.572455557707,.\Image\Alignment\2017\03\31\01.33.47 903\Head2.jpg,True,823.135810979004,468.0780963678,.\Image\Alignment\2017\03\31\01.33.47 903\Head3.jpg,True,800.601621817496,443.358247455782,.\Image\Alignment\2017\03\31\01.33.47 903\Head4.jpg
2017.03.31 01:33:49 729,TFT_SIDE5.46,90,RETRY,-0.0109,0.0569,0.0541,-0.0091,0.051,-0.00161,True,640.567397967478,490.925897117929,.\Image\Alignment\2017\03\31\01.33.49 729\Head1.jpg,True,623.874088819966,496.002652862613,.\Image\Alignment\2017\03\31\01.33.49 729\Head2.jpg,True,624.578201966709,496.865615233547,.\Image\Alignment\2017\03\31\01.33.49 729\Head3.jpg,True,640.017534651188,495.40926575628,.\Image\Alignment\2017\03\31\01.33.49 729\Head4.jpg
2017.03.31 01:33:51 489,TFT_SIDE5.46,90,RETRY,0.0007,-0.0069,-0.0063,0.0005,-0.0046,0.00013,True,639.994533148325,478.983117492381,.\Image\Alignment\2017\03\31\01.33.51 489\Head1.jpg,True,641.534072201084,482.049574884982,.\Image\Alignment\2017\03\31\01.33.51 489\Head2.jpg,True,641.357708426156,482.333008345136,.\Image\Alignment\2017\03\31\01.33.51 489\Head3.jpg,True,640.043656402165,478.634432977055,.\Image\Alignment\2017\03\31\01.33.51 489\Head4.jpg
2017.03.31 01:33:53 178,TFT_SIDE5.46,90,OK,-0.0009,0.0015,0.0015,-0.0011,0,0,True,640.243789156743,480.337734722404,.\Image\Alignment\2017\03\31\01.33.53 178\Head1.jpg,True,639.60742010496,483.477634720222,.\Image\Alignment\2017\03\31\01.33.53 178\Head2.jpg,True,639.605691351466,483.568900385456,.\Image\Alignment\2017\03\31\01.33.53 178\Head3.jpg,True,640.287974276268,480.157315045259,.\Image\Alignment\2017\03\31\01.33.53 178\Head4.jpg
2017.03.31 01:37:45 218,TFT_SIDE5.46,0,RETRY,-0.9464,-0.7504,-0.8916,-0.7945,0.4436,0.02211,True,931.911087088353,630.367202843262,.\Image\Alignment\2017\03\31\01.37.45 218\Head1.jpg,True,875.13671446762,615.785894753659,.\Image\Alignment\2017\03\31\01.37.45 218\Head2.jpg,True,912.036864996546,597.192268675676,.\Image\Alignment\2017\03\31\01.37.45 218\Head3.jpg,True,889.944248038581,567.009376921319,.\Image\Alignment\2017\03\31\01.37.45 218\Head4.jpg
2017.03.31 01:37:47 032,TFT_SIDE5.46,0,RETRY,0.0164,0.0268,0.0269,0.0221,0.0018,0.00267,True,640.337298907634,484.347926794647,.\Image\Alignment\2017\03\31\01.37.47 032\Head1.jpg,True,636.57495178176,484.390946643761,.\Image\Alignment\2017\03\31\01.37.47 032\Head2.jpg,True,636.54819763686,482.354812946661,.\Image\Alignment\2017\03\31\01.37.47 032\Head3.jpg,True,638.827421001876,476.600066133773,.\Image\Alignment\2017\03\31\01.37.47 032\Head4.jpg
2017.03.31 01:37:48 831,TFT_SIDE5.46,0,RETRY,-0.0024,-0.0043,-0.0083,-0.0042,0.0025,-0.00044,True,639.873464722875,480.02403101458,.\Image\Alignment\2017\03\31\01.37.48 831\Head1.jpg,True,638.683062787844,482.71936284177,.\Image\Alignment\2017\03\31\01.37.48 831\Head2.jpg,True,639.747047092935,484.061773049443,.\Image\Alignment\2017\03\31\01.37.48 831\Head3.jpg,True,640.347666815502,481.302361714951,.\Image\Alignment\2017\03\31\01.37.48 831\Head4.jpg
2017.03.31 01:37:50 645,TFT_SIDE5.46,0,RETRY,-0.0001,0.002,0.007,0.0017,-0.0006,0.00015,True,640.28885051378,480.041012875688,.\Image\Alignment\2017\03\31\01.37.50 645\Head1.jpg,True,638.723324103393,482.612096648379,.\Image\Alignment\2017\03\31\01.37.50 645\Head2.jpg,True,637.399012886324,483.007183355041,.\Image\Alignment\2017\03\31\01.37.50 645\Head3.jpg,True,639.807125793897,479.615761919815,.\Image\Alignment\2017\03\31\01.37.50 645\Head4.jpg
2017.03.31 01:37:52 294,TFT_SIDE5.46,0,OK,0.0017,0.0048,0.0033,-0.001,0,0,True,639.544953484716,480.144445251975,.\Image\Alignment\2017\03\31\01.37.52 294\Head1.jpg,True,638.728939170806,482.846550137014,.\Image\Alignment\2017\03\31\01.37.52 294\Head2.jpg,True,639.120359060847,483.370318825802,.\Image\Alignment\2017\03\31\01.37.52 294\Head3.jpg,True,640.255087888009,480.073452006416,.\Image\Alignment\2017\03\31\01.37.52 294\Head4.jpg
2017.03.31 01:38:10 683,TFT_SIDE5.46,90,RETRY,-0.6894,-0.5033,-0.6411,-0.5305,-0.1068,0.0097,True,838.193496657554,467.610535584577,.\Image\Alignment\2017\03\31\01.38.10 683\Head1.jpg,True,782.083432210794,456.310228073509,.\Image\Alignment\2017\03\31\01.38.10 683\Head2.jpg,True,818.688384261132,449.267025671208,.\Image\Alignment\2017\03\31\01.38.10 683\Head3.jpg,True,795.407507761714,441.222278919896,.\Image\Alignment\2017\03\31\01.38.10 683\Head4.jpg
2017.03.31 01:38:12 456,TFT_SIDE5.46,90,RETRY,0.0175,0.0316,0.0311,0.0189,0.0537,0.00378,True,640.836939873573,500.630670379009,.\Image\Alignment\2017\03\31\01.38.12 456\Head1.jpg,True,634.059924063498,499.724659310016,.\Image\Alignment\2017\03\31\01.38.12 456\Head2.jpg,True,634.137153666667,497.448222691301,.\Image\Alignment\2017\03\31\01.38.12 456\Head3.jpg,True,640.387438896902,489.944029281023,.\Image\Alignment\2017\03\31\01.38.12 456\Head4.jpg
2017.03.31 01:38:14 242,TFT_SIDE5.46,90,RETRY,-0.0016,0.0112,0.009,-0.0026,0.0078,-1E-05,True,640.409206410076,482.070827730799,.\Image\Alignment\2017\03\31\01.38.14 242\Head1.jpg,True,637.054074448639,485.186378339582,.\Image\Alignment\2017\03\31\01.38.14 242\Head2.jpg,True,637.602970388909,485.160086882655,.\Image\Alignment\2017\03\31\01.38.14 242\Head3.jpg,True,640.682084362434,482.083040691893,.\Image\Alignment\2017\03\31\01.38.14 242\Head4.jpg
2017.03.31 01:38:15 904,TFT_SIDE5.46,90,OK,0.002,0.0001,0.0003,0.0023,0,0,True,639.462863066449,479.526922831661,.\Image\Alignment\2017\03\31\01.38.15 904\Head1.jpg,True,639.985230808415,482.954204806768,.\Image\Alignment\2017\03\31\01.38.15 904\Head2.jpg,True,639.908938177369,483.180462130842,.\Image\Alignment\2017\03\31\01.38.15 904\Head3.jpg,True,639.390114498186,479.730392188549,.\Image\Alignment\2017\03\31\01.38.15 904\Head4.jpg
2017.03.31 01:43:04 380,TFT_SIDE5.46,0,RETRY,-0.8971,-0.7595,-0.9003,-0.7478,0.4038,0.02986,True,932.420842289673,630.993646014815,.\Image\Alignment\2017\03\31\01.43.04 380\Head1.jpg,True,875.021329493424,611.813478669901,.\Image\Alignment\2017\03\31\01.43.04 380\Head2.jpg,True,911.816155819129,594.613470243172,.\Image\Alignment\2017\03\31\01.43.04 380\Head3.jpg,True,891.259551965886,545.193445906688,.\Image\Alignment\2017\03\31\01.43.04 380\Head4.jpg
2017.03.31 01:43:06 193,TFT_SIDE5.46,0,RETRY,-0.0065,0.065,0.0627,0.0007,0.0381,-0.0013,True,639.461777662528,488.285623476933,.\Image\Alignment\2017\03\31\01.43.06 193\Head1.jpg,True,619.929372241212,492.486202305856,.\Image\Alignment\2017\03\31\01.43.06 193\Head2.jpg,True,620.498688352984,493.949989342087,.\Image\Alignment\2017\03\31\01.43.06 193\Head3.jpg,True,637.477525915254,491.997144099858,.\Image\Alignment\2017\03\31\01.43.06 193\Head4.jpg
2017.03.31 01:43:08 060,TFT_SIDE5.46,0,RETRY,-0.0009,-0.0018,-0.0023,-0.0024,0.0008,-0.00013,True,640.013389493083,480.039090471713,.\Image\Alignment\2017\03\31\01.43.08 060\Head1.jpg,True,639.671614715802,483.164235976393,.\Image\Alignment\2017\03\31\01.43.08 060\Head2.jpg,True,639.810036854543,483.598498240029,.\Image\Alignment\2017\03\31\01.43.08 060\Head3.jpg,True,640.416334942597,480.408946980096,.\Image\Alignment\2017\03\31\01.43.08 060\Head4.jpg
2017.03.31 01:43:09 845,TFT_SIDE5.46,0,OK,0.0004,0.0022,0.0027,0.0015,0,0,True,639.903332961429,480.220797869277,.\Image\Alignment\2017\03\31\01.43.09 845\Head1.jpg,True,639.42216361123,482.707722876127,.\Image\Alignment\2017\03\31\01.43.09 845\Head2.jpg,True,639.289352010895,483.383947164367,.\Image\Alignment\2017\03\31\01.43.09 845\Head3.jpg,True,639.608793236283,479.950355516781,.\Image\Alignment\2017\03\31\01.43.09 845\Head4.jpg
2017.03.31 01:43:30 782,TFT_SIDE5.46,90,RETRY,-0.6614,-0.5044,-0.6434,-0.5034,-0.0623,0.01855,True,843.582985264985,494.333264712387,.\Image\Alignment\2017\03\31\01.43.30 782\Head1.jpg,True,786.898019322201,476.926542566339,.\Image\Alignment\2017\03\31\01.43.30 782\Head2.jpg,True,823.749298993493,465.77134264188,.\Image\Alignment\2017\03\31\01.43.30 782\Head3.jpg,True,800.990421382723,442.99779594792,.\Image\Alignment\2017\03\31\01.43.30 782\Head4.jpg
2017.03.31 01:43:32 608,TFT_SIDE5.46,90,RETRY,-0.0077,0.0487,0.0496,-0.0068,0.0455,-0.00115,True,640.382464784294,490.203304778282,.\Image\Alignment\2017\03\31\01.43.32 608\Head1.jpg,True,625.923178986701,494.141976786201,.\Image\Alignment\2017\03\31\01.43.32 608\Head2.jpg,True,625.622249053424,495.146715647756,.\Image\Alignment\2017\03\31\01.43.32 608\Head3.jpg,True,640.08453104701,493.408157383914,.\Image\Alignment\2017\03\31\01.43.32 608\Head4.jpg
2017.03.31 01:43:34 285,TFT_SIDE5.46,90,OK,0.0017,-0.0019,-0.0038,0.0022,0,0,True,639.535891917062,479.343309137734,.\Image\Alignment\2017\03\31\01.43.34 285\Head1.jpg,True,640.511770230897,482.271038243809,.\Image\Alignment\2017\03\31\01.43.34 285\Head2.jpg,True,641.016241736234,482.435191546192,.\Image\Alignment\2017\03\31\01.43.34 285\Head3.jpg,True,639.424327907748,479.461096318,.\Image\Alignment\2017\03\31\01.43.34 285\Head4.jpg
2017.03.31 01:47:35 401,TFT_SIDE5.46,0,RETRY,-0.8925,-0.7271,-0.8715,-0.739,0.4269,0.02971,True,930.922169867148,636.948000867396,.\Image\Alignment\2017\03\31\01.47.35 401\Head1.jpg,True,873.111281656405,604.622797124895,.\Image\Alignment\2017\03\31\01.47.35 401\Head2.jpg,True,910.907773651955,583.758077362118,.\Image\Alignment\2017\03\31\01.47.35 401\Head3.jpg,True,888.629284397816,551.551486523966,.\Image\Alignment\2017\03\31\01.47.35 401\Head4.jpg
2017.03.31 01:47:37 337,TFT_SIDE5.46,0,RETRY,-0.0168,0.0251,0.0293,-0.0134,-0.0082,-0.00274,True,639.643056928966,473.837033614274,.\Image\Alignment\2017\03\31\01.47.37 337\Head1.jpg,True,627.682652614763,479.515448283749,.\Image\Alignment\2017\03\31\01.47.37 337\Head2.jpg,True,626.564486081106,482.566359336053,.\Image\Alignment\2017\03\31\01.47.37 337\Head3.jpg,True,638.739667329449,481.796321553032,.\Image\Alignment\2017\03\31\01.47.37 337\Head4.jpg
2017.03.31 01:47:39 163,TFT_SIDE5.46,0,OK,-0.0012,0.0025,0.0007,0.0009,0,0,True,640.317286412458,480.200131501928,.\Image\Alignment\2017\03\31\01.47.39 163\Head1.jpg,True,639.345506262531,483.280091927523,.\Image\Alignment\2017\03\31\01.47.39 163\Head2.jpg,True,639.821394588981,483.037941773763,.\Image\Alignment\2017\03\31\01.47.39 163\Head3.jpg,True,639.751678215796,480.23090232357,.\Image\Alignment\2017\03\31\01.47.39 163\Head4.jpg
2017.03.31 01:47:57 619,TFT_SIDE5.46,90,RETRY,-0.6356,-0.4881,-0.6294,-0.4729,-0.0708,0.01789,True,835.734600159303,490.957630349241,.\Image\Alignment\2017\03\31\01.47.57 619\Head1.jpg,True,778.331055793541,474.741941448859,.\Image\Alignment\2017\03\31\01.47.57 619\Head2.jpg,True,815.786014228487,467.433127062874,.\Image\Alignment\2017\03\31\01.47.57 619\Head3.jpg,True,791.920442834663,441.43659708078,.\Image\Alignment\2017\03\31\01.47.57 619\Head4.jpg
2017.03.31 01:47:59 446,TFT_SIDE5.46,90,RETRY,-0.0125,0.0583,0.059,-0.0131,0.0493,-0.00231,True,639.987117625551,489.300289110447,.\Image\Alignment\2017\03\31\01.47.59 446\Head1.jpg,True,622.859166653174,494.819023000057,.\Image\Alignment\2017\03\31\01.47.59 446\Head2.jpg,True,622.636640210731,496.26582378699,.\Image\Alignment\2017\03\31\01.47.59 446\Head3.jpg,True,640.074050040296,495.740056352867,.\Image\Alignment\2017\03\31\01.47.59 446\Head4.jpg
2017.03.31 01:48:01 272,TFT_SIDE5.46,90,OK,0.001,-0.0073,-0.0065,-0.0001,0,0,True,639.732839269161,478.622677509821,.\Image\Alignment\2017\03\31\01.48.01 272\Head1.jpg,True,641.943148942619,481.865672369513,.\Image\Alignment\2017\03\31\01.48.01 272\Head2.jpg,True,641.740791672799,481.796389507836,.\Image\Alignment\2017\03\31\01.48.01 272\Head3.jpg,True,640.037078202247,478.387642527058,.\Image\Alignment\2017\03\31\01.48.01 272\Head4.jpg
2017.03.31 01:51:31 714,TFT_SIDE5.46,0,RETRY,-0.9465,-0.5941,-0.7351,-0.7933,0.5634,0.01951,True,927.348995654785,658.554767314713,.\Image\Alignment\2017\03\31\01.51.31 714\Head1.jpg,True,869.879077807374,646.7995696332,.\Image\Alignment\2017\03\31\01.51.31 714\Head2.jpg,True,906.699903407041,608.359048589457,.\Image\Alignment\2017\03\31\01.51.31 714\Head3.jpg,True,884.882181122624,602.56959574589,.\Image\Alignment\2017\03\31\01.51.31 714\Head4.jpg
2017.03.31 01:51:33 608,TFT_SIDE5.46,0,RETRY,0.0275,-0.1191,-0.1188,0.0299,0.0018,0.00372,True,639.224389894,485.844184406652,.\Image\Alignment\2017\03\31\01.51.33 608\Head1.jpg,True,677.262084856206,484.977211427941,.\Image\Alignment\2017\03\31\01.51.33 608\Head2.jpg,True,677.136044979447,482.036867124629,.\Image\Alignment\2017\03\31\01.51.33 608\Head3.jpg,True,638.607682530141,475.054636930813,.\Image\Alignment\2017\03\31\01.51.33 608\Head4.jpg
2017.03.31 01:51:35 326,TFT_SIDE5.46,0,OK,0.0002,0.0052,0.0052,0.0001,0,0,True,639.938527537007,479.736519932043,.\Image\Alignment\2017\03\31\01.51.35 326\Head1.jpg,True,638.608362986851,482.801032370393,.\Image\Alignment\2017\03\31\01.51.35 326\Head2.jpg,True,638.606311562768,483.288443070419,.\Image\Alignment\2017\03\31\01.51.35 326\Head3.jpg,True,639.974107670411,479.890878844497,.\Image\Alignment\2017\03\31\01.51.35 326\Head4.jpg
2017.03.31 01:51:53 825,TFT_SIDE5.46,90,RETRY,-0.7839,-0.6163,-0.7539,-0.6231,-0.0616,0.0132,True,868.506352148116,485.525277962799,.\Image\Alignment\2017\03\31\01.51.53 825\Head1.jpg,True,811.817015782138,473.930967312618,.\Image\Alignment\2017\03\31\01.51.53 825\Head2.jpg,True,848.296417979544,467.255153520622,.\Image\Alignment\2017\03\31\01.51.53 825\Head3.jpg,True,825.069673520363,449.384391781357,.\Image\Alignment\2017\03\31\01.51.53 825\Head4.jpg
2017.03.31 01:51:55 597,TFT_SIDE5.46,90,RETRY,-0.0074,0.0412,0.0408,-0.0071,0.0308,-0.00141,True,639.917640717526,485.860765783103,.\Image\Alignment\2017\03\31\01.51.55 597\Head1.jpg,True,628.113018500059,490.323460659182,.\Image\Alignment\2017\03\31\01.51.55 597\Head2.jpg,True,628.178506429435,491.147024792038,.\Image\Alignment\2017\03\31\01.51.55 597\Head3.jpg,True,639.789995950973,489.809653936627,.\Image\Alignment\2017\03\31\01.51.55 597\Head4.jpg
2017.03.31 01:51:57 397,TFT_SIDE5.46,90,OK,0.0013,-0.005,-0.005,-0.0002,0,0,True,639.655391653069,479.222385526415,.\Image\Alignment\2017\03\31\01.51.57 397\Head1.jpg,True,641.328534197359,482.109980195991,.\Image\Alignment\2017\03\31\01.51.57 397\Head2.jpg,True,641.335441138604,482.385613121994,.\Image\Alignment\2017\03\31\01.51.57 397\Head3.jpg,True,640.062183452532,479.126116243472,.\Image\Alignment\2017\03\31\01.51.57 397\Head4.jpg
2017.03.31 02:01:17 640,TFT_SIDE5.46,0,RETRY,-0.9271,-0.6257,-0.7682,-0.7716,0.4421,0.02715,True,935.664933918516,637.287175873102,.\Image\Alignment\2017\03\31\02.01.17 640\Head1.jpg,True,877.760202290501,613.251646032008,.\Image\Alignment\2017\03\31\02.01.17 640\Head2.jpg,True,915.120056024194,575.117937245983,.\Image\Alignment\2017\03\31\02.01.17 640\Head3.jpg,True,892.752358449257,559.304190368768,.\Image\Alignment\2017\03\31\02.01.17 640\Head4.jpg
2017.03.31 02:01:19 413,TFT_SIDE5.46,0,RETRY,0.0181,-0.0724,-0.0732,0.0205,-0.0027,0.00237,True,639.346547015352,482.697424866353,.\Image\Alignment\2017\03\31\02.01.19 413\Head1.jpg,True,661.964631583468,482.843746132266,.\Image\Alignment\2017\03\31\02.01.19 413\Head2.jpg,True,662.128165683428,481.434411770394,.\Image\Alignment\2017\03\31\02.01.19 413\Head3.jpg,True,638.745781556869,475.809533577698,.\Image\Alignment\2017\03\31\02.01.19 413\Head4.jpg
2017.03.31 02:01:21 199,TFT_SIDE5.46,0,OK,-0.0005,0.0023,0.0037,0.0011,0,0,True,640.141624671152,480.059316644913,.\Image\Alignment\2017\03\31\02.01.21 199\Head1.jpg,True,639.392356947932,482.505329163829,.\Image\Alignment\2017\03\31\02.01.21 199\Head2.jpg,True,639.01600349584,483.348074805894,.\Image\Alignment\2017\03\31\02.01.21 199\Head3.jpg,True,639.7177167384,479.801695119548,.\Image\Alignment\2017\03\31\02.01.21 199\Head4.jpg
2017.03.31 02:01:39 741,TFT_SIDE5.46,90,RETRY,-0.6576,-0.515,-0.6561,-0.4985,-0.0643,0.01983,True,844.420154604204,495.955247043971,.\Image\Alignment\2017\03\31\02.01.39 741\Head1.jpg,True,787.639203037469,477.009275535893,.\Image\Alignment\2017\03\31\02.01.39 741\Head2.jpg,True,825.031901644272,467.752573599048,.\Image\Alignment\2017\03\31\02.01.39 741\Head3.jpg,True,801.538143219721,441.026190759922,.\Image\Alignment\2017\03\31\02.01.39 741\Head4.jpg
2017.03.31 02:01:41 607,TFT_SIDE5.46,90,RETRY,-0.0118,0.0636,0.0642,-0.0125,0.0433,-0.00168,True,640.72261693491,488.75612498225,.\Image\Alignment\2017\03\31\02.01.41 607\Head1.jpg,True,621.837896652025,493.632519452508,.\Image\Alignment\2017\03\31\02.01.41 607\Head2.jpg,True,621.650337757338,494.722864330464,.\Image\Alignment\2017\03\31\02.01.41 607\Head3.jpg,True,640.843972307938,493.43241747323,.\Image\Alignment\2017\03\31\02.01.41 607\Head4.jpg
2017.03.31 02:01:43 381,TFT_SIDE5.46,90,RETRY,0.0007,-0.0062,-0.0061,0.0012,-0.0029,0.00013,True,639.993512868453,479.443153125069,.\Image\Alignment\2017\03\31\02.01.43 381\Head1.jpg,True,641.591678700863,482.455549276232,.\Image\Alignment\2017\03\31\02.01.43 381\Head2.jpg,True,641.560175603941,482.507272069511,.\Image\Alignment\2017\03\31\02.01.43 381\Head3.jpg,True,639.855942679558,479.09040163761,.\Image\Alignment\2017\03\31\02.01.43 381\Head4.jpg
2017.03.31 02:01:45 195,TFT_SIDE5.46,90,RETRY,0.0005,0.0006,-0.0004,0.0008,-0.0006,0.00012,True,640.045658080789,480.046179252494,.\Image\Alignment\2017\03\31\02.01.45 195\Head1.jpg,True,639.594388842788,483.101334997302,.\Image\Alignment\2017\03\31\02.01.45 195\Head2.jpg,True,639.863607422524,483.316854457361,.\Image\Alignment\2017\03\31\02.01.45 195\Head3.jpg,True,639.978414241152,479.696854597206,.\Image\Alignment\2017\03\31\02.01.45 195\Head4.jpg
2017.03.31 02:01:46 926,TFT_SIDE5.46,90,OK,-0.0001,0.0002,0.0014,0.0002,0,0,True,640.038847996415,480.073993339835,.\Image\Alignment\2017\03\31\02.01.46 926\Head1.jpg,True,639.952461625838,483.183318629068,.\Image\Alignment\2017\03\31\02.01.46 926\Head2.jpg,True,639.634477969968,483.419546894879,.\Image\Alignment\2017\03\31\02.01.46 926\Head3.jpg,True,639.948272465223,480.208859869328,.\Image\Alignment\2017\03\31\02.01.46 926\Head4.jpg
2017.03.31 05:19:17 577,TFT_SIDE5.46,0,LEFT_NG,,,,,,,False,,,.\Image\Alignment\2017\03\31\05.19.17 577\Head1.jpg,False,,,.\Image\Alignment\2017\03\31\05.19.17 577\Head2.jpg,False,,,.\Image\Alignment\2017\03\31\05.19.17 577\Head3.jpg,False,,,.\Image\Alignment\2017\03\31\05.19.17 577\Head4.jpg
2017.03.31 05:20:57 806,TFT_SIDE5.46,90,RIGHT_NG,,,,,,,True,674.133790422665,657.124004265221,.\Image\Alignment\2017\03\31\05.20.57 806\Head1.jpg,True,617.596602364347,654.595028844157,.\Image\Alignment\2017\03\31\05.20.57 806\Head2.jpg,True,654.811919327351,681.128732817783,.\Image\Alignment\2017\03\31\05.20.57 806\Head3.jpg,False,,,.\Image\Alignment\2017\03\31\05.20.57 806\Head4.jpg
2017.03.31 05:21:11 606,TFT_SIDE5.46,90,RETRY,-0.1265,-0.0241,-0.167,0.0055,0.6627,0.00016,True,674.133790422665,657.124004265221,.\Image\Alignment\2017\03\31\05.21.11 606\Head1.jpg,True,617.596602364347,654.595028844157,.\Image\Alignment\2017\03\31\05.21.11 606\Head2.jpg,True,654.811919327351,681.128732817783,.\Image\Alignment\2017\03\31\05.21.11 606\Head3.jpg,True,638,656,.\Image\Alignment\2017\03\31\05.21.11 606\Head4.jpg
2017.03.31 05:21:12 956,TFT_SIDE5.46,90,RIGHT_NG,,,,,,,True,640.421892852999,479.310685236071,.\Image\Alignment\2017\03\31\05.21.12 956\Head1.jpg,True,611.252661903325,496.69324047144,.\Image\Alignment\2017\03\31\05.21.12 956\Head2.jpg,True,610.718696796235,504.637276550763,.\Image\Alignment\2017\03\31\05.21.12 956\Head3.jpg,False,,,.\Image\Alignment\2017\03\31\05.21.12 956\Head4.jpg
2017.03.31 05:21:22 935,TFT_SIDE5.46,90,RETRY,-0.0688,0.0752,0.077,0.0599,0.0752,-0.0124,True,640.421892852999,479.310685236071,.\Image\Alignment\2017\03\31\05.21.22 935\Head1.jpg,True,611.252661903325,496.69324047144,.\Image\Alignment\2017\03\31\05.21.22 935\Head2.jpg,True,610.718696796235,504.637276550763,.\Image\Alignment\2017\03\31\05.21.22 935\Head3.jpg,True,606,514,.\Image\Alignment\2017\03\31\05.21.22 935\Head4.jpg
2017.03.31 05:21:24 193,TFT_SIDE5.46,90,RIGHT_NG,,,,,,,True,640.167604535877,474.612495617122,.\Image\Alignment\2017\03\31\05.21.24 193\Head1.jpg,True,649.23508324538,477.156293694526,.\Image\Alignment\2017\03\31\05.21.24 193\Head2.jpg,True,649.365253437553,477.508385421769,.\Image\Alignment\2017\03\31\05.21.24 193\Head3.jpg,False,,,.\Image\Alignment\2017\03\31\05.21.24 193\Head4.jpg
2017.03.31 05:21:43 396,TFT_SIDE5.46,90,RETRY,-0.0188,-0.0361,-0.0365,0.0118,0.0008,-0.00335,True,640.167604535877,474.612495617122,.\Image\Alignment\2017\03\31\05.21.43 396\Head1.jpg,True,649.23508324538,477.156293694526,.\Image\Alignment\2017\03\31\05.21.43 396\Head2.jpg,True,649.365253437553,477.508385421769,.\Image\Alignment\2017\03\31\05.21.43 396\Head3.jpg,True,632,484,.\Image\Alignment\2017\03\31\05.21.43 396\Head4.jpg
2017.03.31 05:21:44 558,TFT_SIDE5.46,90,RIGHT_NG,,,,,,,True,639.772188566648,478.70278709349,.\Image\Alignment\2017\03\31\05.21.44 558\Head1.jpg,True,644.584059667292,477.19632584855,.\Image\Alignment\2017\03\31\05.21.44 558\Head2.jpg,True,644.306758256537,475.477937354089,.\Image\Alignment\2017\03\31\05.21.44 558\Head3.jpg,False,,,.\Image\Alignment\2017\03\31\05.21.44 558\Head4.jpg
2017.03.31 05:21:49 784,TFT_SIDE5.46,90,RETRY,-0.0016,-0.0102,-0.0091,-0.0025,-0.002,-0.00046,True,639.772188566648,478.70278709349,.\Image\Alignment\2017\03\31\05.21.49 784\Head1.jpg,True,644.584059667292,477.19632584855,.\Image\Alignment\2017\03\31\05.21.49 784\Head2.jpg,True,644.306758256537,475.477937354089,.\Image\Alignment\2017\03\31\05.21.49 784\Head3.jpg,True,640,480,.\Image\Alignment\2017\03\31\05.21.49 784\Head4.jpg
2017.03.31 05:21:50 881,TFT_SIDE5.46,90,RIGHT_NG,,,,,,,True,640.273702234508,479.534587896713,.\Image\Alignment\2017\03\31\05.21.50 881\Head1.jpg,True,642.408960194644,477.53129293626,.\Image\Alignment\2017\03\31\05.21.50 881\Head2.jpg,True,642.611890440626,475.573421127827,.\Image\Alignment\2017\03\31\05.21.50 881\Head3.jpg,False,,,.\Image\Alignment\2017\03\31\05.21.50 881\Head4.jpg
2017.03.31 05:21:55 933,TFT_SIDE5.46,90,RETRY,-0.0019,-0.001,-0.0017,-0.0009,-0.0007,-0.00017,True,640.273702234508,479.534587896713,.\Image\Alignment\2017\03\31\05.21.55 933\Head1.jpg,True,642.408960194644,477.53129293626,.\Image\Alignment\2017\03\31\05.21.55 933\Head2.jpg,True,642.611890440626,475.573421127827,.\Image\Alignment\2017\03\31\05.21.55 933\Head3.jpg,True,640,480,.\Image\Alignment\2017\03\31\05.21.55 933\Head4.jpg
2017.03.31 05:21:57 162,TFT_SIDE5.46,90,RIGHT_NG,,,,,,,True,639.956345692643,480.16593781696,.\Image\Alignment\2017\03\31\05.21.57 162\Head1.jpg,True,642.63078571983,477.93964749389,.\Image\Alignment\2017\03\31\05.21.57 162\Head2.jpg,True,642.812926666244,475.798217887553,.\Image\Alignment\2017\03\31\05.21.57 162\Head3.jpg,False,,,.\Image\Alignment\2017\03\31\05.21.57 162\Head4.jpg
2017.03.31 05:22:00 054,TFT_SIDE5.46,90,OK,0.0005,-0.0011,-0.0017,0.0003,0.0003,6E-05,True,639.956345692643,480.16593781696,.\Image\Alignment\2017\03\31\05.22.00 054\Head1.jpg,True,642.63078571983,477.93964749389,.\Image\Alignment\2017\03\31\05.22.00 054\Head2.jpg,True,642.812926666244,475.798217887553,.\Image\Alignment\2017\03\31\05.22.00 054\Head3.jpg,True,640,480,.\Image\Alignment\2017\03\31\05.22.00 054\Head4.jpg
2017.03.31 05:29:51 517,TFT_SIDE5.46,90,RIGHT_NG,,,,,,,True,643.257154566104,605.697411243333,.\Image\Alignment\2017\03\31\05.29.51 517\Head1.jpg,True,586.044938975944,644.358836419514,.\Image\Alignment\2017\03\31\05.29.51 517\Head2.jpg,True,622.516454506072,663.235626482029,.\Image\Alignment\2017\03\31\05.29.51 517\Head3.jpg,False,,,.\Image\Alignment\2017\03\31\05.29.51 517\Head4.jpg
2017.03.31 05:30:10 369,TFT_SIDE5.46,90,RETRY,-0.0792,0.1256,-0.0143,-0.0023,0.5488,-0.01241,True,643.257154566104,605.697411243333,.\Image\Alignment\2017\03\31\05.30.10 369\Head1.jpg,True,586.044938975944,644.358836419514,.\Image\Alignment\2017\03\31\05.30.10 369\Head2.jpg,True,622.516454506072,663.235626482029,.\Image\Alignment\2017\03\31\05.30.10 369\Head3.jpg,True,622,640,.\Image\Alignment\2017\03\31\05.30.10 369\Head4.jpg
2017.03.31 05:30:11 610,TFT_SIDE5.46,90,RIGHT_NG,,,,,,,True,639.851179237375,474.945048475148,.\Image\Alignment\2017\03\31\05.30.11 610\Head1.jpg,True,637.367125391521,498.817626514979,.\Image\Alignment\2017\03\31\05.30.11 610\Head2.jpg,True,637.343610438949,509.967572022492,.\Image\Alignment\2017\03\31\05.30.11 610\Head3.jpg,False,,,.\Image\Alignment\2017\03\31\05.30.11 610\Head4.jpg
2017.03.31 05:30:26 118,TFT_SIDE5.46,90,RETRY,-0.071,-0.0358,-0.0361,-0.0645,0.0638,-0.01319,True,639.851179237375,474.945048475148,.\Image\Alignment\2017\03\31\05.30.26 118\Head1.jpg,True,637.367125391521,498.817626514979,.\Image\Alignment\2017\03\31\05.30.26 118\Head2.jpg,True,637.343610438949,509.967572022492,.\Image\Alignment\2017\03\31\05.30.26 118\Head3.jpg,True,638,512,.\Image\Alignment\2017\03\31\05.30.26 118\Head4.jpg
2017.03.31 05:30:27 303,TFT_SIDE5.46,90,RIGHT_NG,,,,,,,True,639.721625823373,473.586512808748,.\Image\Alignment\2017\03\31\05.30.27 303\Head1.jpg,True,646.874376681791,482.211635321057,.\Image\Alignment\2017\03\31\05.30.27 303\Head2.jpg,True,646.719259690781,485.397755594605,.\Image\Alignment\2017\03\31\05.30.27 303\Head3.jpg,False,,,.\Image\Alignment\2017\03\31\05.30.27 303\Head4.jpg
2017.03.31 05:30:40 932,TFT_SIDE5.46,90,RETRY,-0.0229,-0.0388,-0.0383,-0.024,0.0036,-0.00441,True,639.721625823373,473.586512808748,.\Image\Alignment\2017\03\31\05.30.40 932\Head1.jpg,True,646.874376681791,482.211635321057,.\Image\Alignment\2017\03\31\05.30.40 932\Head2.jpg,True,646.719259690781,485.397755594605,.\Image\Alignment\2017\03\31\05.30.40 932\Head3.jpg,True,640,486,.\Image\Alignment\2017\03\31\05.30.40 932\Head4.jpg
2017.03.31 05:30:42 100,TFT_SIDE5.46,90,RIGHT_NG,,,,,,,True,639.985214538705,478.293329533583,.\Image\Alignment\2017\03\31\05.30.42 100\Head1.jpg,True,643.016551202595,481.647053610665,.\Image\Alignment\2017\03\31\05.30.42 100\Head2.jpg,True,642.662815068589,482.176853492999,.\Image\Alignment\2017\03\31\05.30.42 100\Head3.jpg,False,,,.\Image\Alignment\2017\03\31\05.30.42 100\Head4.jpg
2017.03.31 05:30:49 865,TFT_SIDE5.46,90,RETRY,-0.0032,-0.0135,-0.0122,-0.0033,-0.0026,-0.00061,True,639.985214538705,478.293329533583,.\Image\Alignment\2017\03\31\05.30.49 865\Head1.jpg,True,643.016551202595,481.647053610665,.\Image\Alignment\2017\03\31\05.30.49 865\Head2.jpg,True,642.662815068589,482.176853492999,.\Image\Alignment\2017\03\31\05.30.49 865\Head3.jpg,True,640,480,.\Image\Alignment\2017\03\31\05.30.49 865\Head4.jpg
2017.03.31 05:30:51 160,TFT_SIDE5.46,90,RIGHT_NG,,,,,,,True,639.863833870738,479.329154638933,.\Image\Alignment\2017\03\31\05.30.51 160\Head1.jpg,True,640.250112782902,482.157509656164,.\Image\Alignment\2017\03\31\05.30.51 160\Head2.jpg,True,640.206454082667,482.229921525178,.\Image\Alignment\2017\03\31\05.30.51 160\Head3.jpg,False,,,.\Image\Alignment\2017\03\31\05.30.51 160\Head4.jpg
2017.03.31 05:30:53 872,TFT_SIDE5.46,90,RETRY,-0.0008,-0.0012,-0.0011,-0.0013,-0.001,-0.00024,True,639.863833870738,479.329154638933,.\Image\Alignment\2017\03\31\05.30.53 872\Head1.jpg,True,640.250112782902,482.157509656164,.\Image\Alignment\2017\03\31\05.30.53 872\Head2.jpg,True,640.206454082667,482.229921525178,.\Image\Alignment\2017\03\31\05.30.53 872\Head3.jpg,True,640,480,.\Image\Alignment\2017\03\31\05.30.53 872\Head4.jpg
2017.03.31 05:30:55 003,TFT_SIDE5.46,90,RIGHT_NG,,,,,,,True,640.304122639011,479.999287076666,.\Image\Alignment\2017\03\31\05.30.55 003\Head1.jpg,True,640.662664753194,482.47939515575,.\Image\Alignment\2017\03\31\05.30.55 003\Head2.jpg,True,640.523633175884,482.229436037191,.\Image\Alignment\2017\03\31\05.30.55 003\Head3.jpg,False,,,.\Image\Alignment\2017\03\31\05.30.55 003\Head4.jpg
2017.03.31 05:30:57 555,TFT_SIDE5.46,90,OK,-0.0011,-0.0015,-0.001,0,0,0,True,640.304122639011,479.999287076666,.\Image\Alignment\2017\03\31\05.30.57 555\Head1.jpg,True,640.662664753194,482.47939515575,.\Image\Alignment\2017\03\31\05.30.57 555\Head2.jpg,True,640.523633175884,482.229436037191,.\Image\Alignment\2017\03\31\05.30.57 555\Head3.jpg,True,640,480,.\Image\Alignment\2017\03\31\05.30.57 555\Head4.jpg
2017.03.31 05:35:53 630,TFT_SIDE5.46,90,RIGHT_NG,,,,,,,True,674.020623791276,663.549541004788,.\Image\Alignment\2017\03\31\05.35.53 630\Head1.jpg,True,617.422012566115,700.111315591241,.\Image\Alignment\2017\03\31\05.35.53 630\Head2.jpg,True,652.963758051427,692.395939000773,.\Image\Alignment\2017\03\31\05.35.53 630\Head3.jpg,False,,,.\Image\Alignment\2017\03\31\05.35.53 630\Head4.jpg
2017.03.31 05:36:04 301,TFT_SIDE5.46,90,RETRY,-0.1908,0.1171,-0.0198,-0.1275,0.7617,-0.01178,True,674.020623791276,663.549541004788,.\Image\Alignment\2017\03\31\05.36.04 301\Head1.jpg,True,617.422012566115,700.111315591241,.\Image\Alignment\2017\03\31\05.36.04 301\Head2.jpg,True,652.963758051427,692.395939000773,.\Image\Alignment\2017\03\31\05.36.04 301\Head3.jpg,True,656,696,.\Image\Alignment\2017\03\31\05.36.04 301\Head4.jpg
2017.03.31 05:36:05 537,TFT_SIDE5.46,90,RIGHT_NG,,,,,,,True,640.555752704637,477.505702014228,.\Image\Alignment\2017\03\31\05.36.05 537\Head1.jpg,True,665.577872089324,483.302672316935,.\Image\Alignment\2017\03\31\05.36.05 537\Head2.jpg,True,665.662965610633,485.656104720547,.\Image\Alignment\2017\03\31\05.36.05 537\Head3.jpg,False,,,.\Image\Alignment\2017\03\31\05.36.05 537\Head4.jpg
2017.03.31 05:36:20 901,TFT_SIDE5.46,90,RETRY,-0.0183,-0.1055,-0.106,-0.0989,0.0094,-0.00299,True,640.555752704637,477.505702014228,.\Image\Alignment\2017\03\31\05.36.20 901\Head1.jpg,True,665.577872089324,483.302672316935,.\Image\Alignment\2017\03\31\05.36.20 901\Head2.jpg,True,665.662965610633,485.656104720547,.\Image\Alignment\2017\03\31\05.36.20 901\Head3.jpg,True,662,486,.\Image\Alignment\2017\03\31\05.36.20 901\Head4.jpg
2017.03.31 05:36:22 141,TFT_SIDE5.46,90,RIGHT_NG,,,,,,,True,639.631414748108,478.551554545225,.\Image\Alignment\2017\03\31\05.36.22 141\Head1.jpg,True,641.705546734096,481.086053412855,.\Image\Alignment\2017\03\31\05.36.22 141\Head2.jpg,True,642.017333397518,481.428667099851,.\Image\Alignment\2017\03\31\05.36.22 141\Head3.jpg,False,,,.\Image\Alignment\2017\03\31\05.36.22 141\Head4.jpg
2017.03.31 05:36:28 136,TFT_SIDE5.46,90,RETRY,-0.0014,-0.0078,-0.009,-0.0028,-0.0022,-0.00051,True,639.631414748108,478.551554545225,.\Image\Alignment\2017\03\31\05.36.28 136\Head1.jpg,True,641.705546734096,481.086053412855,.\Image\Alignment\2017\03\31\05.36.28 136\Head2.jpg,True,642.017333397518,481.428667099851,.\Image\Alignment\2017\03\31\05.36.28 136\Head3.jpg,True,640,480,.\Image\Alignment\2017\03\31\05.36.28 136\Head4.jpg
2017.03.31 05:36:29 390,TFT_SIDE5.46,90,RIGHT_NG,,,,,,,True,640.322754774293,479.678430719111,.\Image\Alignment\2017\03\31\05.36.29 390\Head1.jpg,True,640.402739409108,481.53421281296,.\Image\Alignment\2017\03\31\05.36.29 390\Head2.jpg,True,640.321075430026,481.504483159268,.\Image\Alignment\2017\03\31\05.36.29 390\Head3.jpg,False,,,.\Image\Alignment\2017\03\31\05.36.29 390\Head4.jpg
2017.03.31 05:36:32 014,TFT_SIDE5.46,90,RETRY,-0.0018,-0.0014,-0.0011,-0.0006,-0.0005,-0.00011,True,640.322754774293,479.678430719111,.\Image\Alignment\2017\03\31\05.36.32 014\Head1.jpg,True,640.402739409108,481.53421281296,.\Image\Alignment\2017\03\31\05.36.32 014\Head2.jpg,True,640.321075430026,481.504483159268,.\Image\Alignment\2017\03\31\05.36.32 014\Head3.jpg,True,640,480,.\Image\Alignment\2017\03\31\05.36.32 014\Head4.jpg
2017.03.31 05:36:33 152,TFT_SIDE5.46,90,RIGHT_NG,,,,,,,True,639.84195776901,480.278922304631,.\Image\Alignment\2017\03\31\05.36.33 152\Head1.jpg,True,640.479371188446,481.891882498891,.\Image\Alignment\2017\03\31\05.36.33 152\Head2.jpg,True,640.304316553099,481.819425534274,.\Image\Alignment\2017\03\31\05.36.33 152\Head3.jpg,False,,,.\Image\Alignment\2017\03\31\05.36.33 152\Head4.jpg
2017.03.31 05:36:35 801,TFT_SIDE5.46,90,OK,0.0011,-0.0015,-0.0009,0.0005,0.0004,0.0001,True,639.84195776901,480.278922304631,.\Image\Alignment\2017\03\31\05.36.35 801\Head1.jpg,True,640.479371188446,481.891882498891,.\Image\Alignment\2017\03\31\05.36.35 801\Head2.jpg,True,640.304316553099,481.819425534274,.\Image\Alignment\2017\03\31\05.36.35 801\Head3.jpg,True,640,480,.\Image\Alignment\2017\03\31\05.36.35 801\Head4.jpg
2017.03.31 06:06:48 172,TFT_SIDE5.46,0,RETRY,-1.0579,-0.8591,-0.9991,-0.8978,0.4242,0.00953,True,939.477081241681,606.886891397144,.\Image\Alignment\2017\03\31\06.06.48 172\Head1.jpg,True,880.810958980964,600.363583037593,.\Image\Alignment\2017\03\31\06.06.48 172\Head2.jpg,True,917.381453215173,594.48312094926,.\Image\Alignment\2017\03\31\06.06.48 172\Head3.jpg,True,895.277302334836,580.069922923829,.\Image\Alignment\2017\03\31\06.06.48 172\Head4.jpg
2017.03.31 06:06:50 065,TFT_SIDE5.46,0,RETRY,-0.0004,0.0099,0.0099,0.0039,-0.0246,-0.00011,True,639.890047470166,473.260673240358,.\Image\Alignment\2017\03\31\06.06.50 065\Head1.jpg,True,635.682847643732,475.944477356615,.\Image\Alignment\2017\03\31\06.06.50 065\Head2.jpg,True,635.694163395014,476.853438396633,.\Image\Alignment\2017\03\31\06.06.50 065\Head3.jpg,True,638.786144445357,473.612474360157,.\Image\Alignment\2017\03\31\06.06.50 065\Head4.jpg
2017.03.31 06:06:51 837,TFT_SIDE5.46,0,OK,0.0008,0.006,0.0055,0.0002,0,0,True,639.793027772117,479.88480109942,.\Image\Alignment\2017\03\31\06.06.51 837\Head1.jpg,True,638.402112148443,482.528179418474,.\Image\Alignment\2017\03\31\06.06.51 837\Head2.jpg,True,638.526219789234,483.365684502907,.\Image\Alignment\2017\03\31\06.06.51 837\Head3.jpg,True,639.958777973713,479.895081093216,.\Image\Alignment\2017\03\31\06.06.51 837\Head4.jpg
2017.03.31 06:07:10 373,TFT_SIDE5.46,90,RETRY,-0.6395,-0.4223,-0.561,-0.4727,-0.1718,-0.00231,True,807.375979400042,430.160343891984,.\Image\Alignment\2017\03\31\06.07.10 373\Head1.jpg,True,749.930904979391,436.162935654895,.\Image\Alignment\2017\03\31\06.07.10 373\Head2.jpg,True,786.840891330034,438.735561932443,.\Image\Alignment\2017\03\31\06.07.10 373\Head3.jpg,True,762.671217152618,437.495185878883,.\Image\Alignment\2017\03\31\06.07.10 373\Head4.jpg
2017.03.31 06:07:12 102,TFT_SIDE5.46,90,OK,-0.0014,-0.0028,-0.003,-0.0023,0,0,True,640.386404378042,479.814583396856,.\Image\Alignment\2017\03\31\06.07.12 102\Head1.jpg,True,640.737796500106,482.682821435071,.\Image\Alignment\2017\03\31\06.07.12 102\Head2.jpg,True,640.806787991439,482.963711238201,.\Image\Alignment\2017\03\31\06.07.12 102\Head3.jpg,True,640.614465561732,479.734270361966,.\Image\Alignment\2017\03\31\06.07.12 102\Head4.jpg
2017.03.31 06:08:50 213,TFT_SIDE5.46,0,RETRY,-0.902,-0.895,-1.0321,-0.7385,0.3359,0.03027,True,934.448090844351,613.47453689171,.\Image\Alignment\2017\03\31\06.08.50 213\Head1.jpg,True,876.105236184007,568.276640714035,.\Image\Alignment\2017\03\31\06.08.50 213\Head2.jpg,True,912.034993617941,570.150590288346,.\Image\Alignment\2017\03\31\06.08.50 213\Head3.jpg,True,889.60222938752,526.54656571996,.\Image\Alignment\2017\03\31\06.08.50 213\Head4.jpg
2017.03.31 06:08:52 108,TFT_SIDE5.46,0,RETRY,-0.0627,0.1379,0.1362,-0.0626,0.0246,-0.0102,True,638.721688788867,471.828895657488,.\Image\Alignment\2017\03\31\06.08.52 108\Head1.jpg,True,583.80478735478,483.981861112116,.\Image\Alignment\2017\03\31\06.08.52 108\Head2.jpg,True,584.259962335244,494.48735996274,.\Image\Alignment\2017\03\31\06.08.52 108\Head3.jpg,True,638.614830122178,501.387558414963,.\Image\Alignment\2017\03\31\06.08.52 108\Head4.jpg
2017.03.31 06:08:53 785,TFT_SIDE5.46,0,OK,-0.0002,0.0054,0.0045,-0.0003,0,0,True,640.045415422251,479.931318314387,.\Image\Alignment\2017\03\31\06.08.53 785\Head1.jpg,True,638.572599701835,482.454897523585,.\Image\Alignment\2017\03\31\06.08.53 785\Head2.jpg,True,638.809915399232,483.176162977259,.\Image\Alignment\2017\03\31\06.08.53 785\Head3.jpg,True,640.083062304103,479.778701541584,.\Image\Alignment\2017\03\31\06.08.53 785\Head4.jpg
2017.03.31 06:09:12 337,TFT_SIDE5.46,90,RETRY,-0.595,-0.4171,-0.5556,-0.4278,-0.1045,0.00971,True,812.970200198288,468.254527368266,.\Image\Alignment\2017\03\31\06.09.12 337\Head1.jpg,True,755.440717012196,460.492520524162,.\Image\Alignment\2017\03\31\06.09.12 337\Head2.jpg,True,792.218716701408,456.788002789086,.\Image\Alignment\2017\03\31\06.09.12 337\Head3.jpg,True,768.071368871078,441.706135234056,.\Image\Alignment\2017\03\31\06.09.12 337\Head4.jpg
2017.03.31 06:09:14 191,TFT_SIDE5.46,90,RETRY,-0.0072,0.0323,0.0355,-0.0072,0.0253,-0.00138,True,639.932117896234,484.43347457648,.\Image\Alignment\2017\03\31\06.09.14 191\Head1.jpg,True,630.373716958914,488.92933718279,.\Image\Alignment\2017\03\31\06.09.14 191\Head2.jpg,True,629.482198643935,489.849916653475,.\Image\Alignment\2017\03\31\06.09.14 191\Head3.jpg,True,639.874953002738,488.296686079113,.\Image\Alignment\2017\03\31\06.09.14 191\Head4.jpg
2017.03.31 06:09:15 937,TFT_SIDE5.46,90,RETRY,0.0018,-0.0031,-0.0046,0.0001,-0.003,0.0001,True,639.656927200227,479.370469219139,.\Image\Alignment\2017\03\31\06.09.15 937\Head1.jpg,True,640.785325542294,482.170502541077,.\Image\Alignment\2017\03\31\06.09.15 937\Head2.jpg,True,641.178365676531,482.212564660367,.\Image\Alignment\2017\03\31\06.09.15 937\Head3.jpg,True,640.133538173192,479.085607285247,.\Image\Alignment\2017\03\31\06.09.15 937\Head4.jpg
2017.03.31 06:09:17 790,TFT_SIDE5.46,90,RETRY,-0.0006,-0.0011,0.0004,0.0009,-0.0001,0.00015,True,640.36099387138,480.220053762636,.\Image\Alignment\2017\03\31\06.09.17 790\Head1.jpg,True,639.949059998623,482.950992415529,.\Image\Alignment\2017\03\31\06.09.17 790\Head2.jpg,True,639.531227735064,483.269137801093,.\Image\Alignment\2017\03\31\06.09.17 790\Head3.jpg,True,639.975704523153,479.811314720796,.\Image\Alignment\2017\03\31\06.09.17 790\Head4.jpg
2017.03.31 06:09:19 507,TFT_SIDE5.46,90,OK,0.0005,0.0025,0.0015,0.0002,0,0,True,639.860232740906,480.108097551467,.\Image\Alignment\2017\03\31\06.09.19 507\Head1.jpg,True,639.337587447287,483.04328569836,.\Image\Alignment\2017\03\31\06.09.19 507\Head2.jpg,True,639.590774660566,483.404592428672,.\Image\Alignment\2017\03\31\06.09.19 507\Head3.jpg,True,639.94208433917,480.299147691079,.\Image\Alignment\2017\03\31\06.09.19 507\Head4.jpg
2017.03.31 06:14:07 305,TFT_SIDE5.46,0,RETRY,-0.7605,-0.5297,-0.6697,-0.5994,0.4277,0.02863,True,893.736666735178,635.613727930213,.\Image\Alignment\2017\03\31\06.14.07 305\Head1.jpg,True,835.929531168473,611.935594500883,.\Image\Alignment\2017\03\31\06.14.07 305\Head2.jpg,True,872.581105554792,582.585736777052,.\Image\Alignment\2017\03\31\06.14.07 305\Head3.jpg,True,849.559127188933,553.152109924212,.\Image\Alignment\2017\03\31\06.14.07 305\Head4.jpg
2017.03.31 06:14:09 120,TFT_SIDE5.46,0,RETRY,0.0012,-0.0195,-0.0203,0.0013,0.0064,0.0001,True,639.855420090613,481.853170746207,.\Image\Alignment\2017\03\31\06.14.09 120\Head1.jpg,True,644.683393511015,484.38883320407,.\Image\Alignment\2017\03\31\06.14.09 120\Head2.jpg,True,644.882641658535,484.674640808759,.\Image\Alignment\2017\03\31\06.14.09 120\Head3.jpg,True,639.82682768981,481.549843566824,.\Image\Alignment\2017\03\31\06.14.09 120\Head4.jpg
2017.03.31 06:14:10 823,TFT_SIDE5.46,0,RETRY,-0.001,-0.004,-0.0037,0.0014,0.0023,0.00024,True,640.701992921091,480.975102853058,.\Image\Alignment\2017\03\31\06.14.10 823\Head1.jpg,True,639.691712546646,483.017755102912,.\Image\Alignment\2017\03\31\06.14.10 823\Head2.jpg,True,639.599176983649,483.763317314576,.\Image\Alignment\2017\03\31\06.14.10 823\Head3.jpg,True,640.062369115947,480.265564086097,.\Image\Alignment\2017\03\31\06.14.10 823\Head4.jpg
2017.03.31 06:14:12 705,TFT_SIDE5.46,0,RETRY,0,0.0015,0.0022,-0.0008,0.0002,-0.00014,True,639.749633343841,479.857087333547,.\Image\Alignment\2017\03\31\06.14.12 705\Head1.jpg,True,638.279711437225,482.68493308372,.\Image\Alignment\2017\03\31\06.14.12 705\Head2.jpg,True,638.074675018346,483.401042257175,.\Image\Alignment\2017\03\31\06.14.12 705\Head3.jpg,True,639.96066634461,480.257508048539,.\Image\Alignment\2017\03\31\06.14.12 705\Head4.jpg
2017.03.31 06:14:14 341,TFT_SIDE5.46,0,OK,-0.0002,0.0036,0.0038,-0.001,0,0,True,640.064983999549,479.688191437621,.\Image\Alignment\2017\03\31\06.14.14 341\Head1.jpg,True,639.049317323588,482.463698298513,.\Image\Alignment\2017\03\31\06.14.14 341\Head2.jpg,True,638.973387773545,483.084688415009,.\Image\Alignment\2017\03\31\06.14.14 341\Head3.jpg,True,640.274808613667,479.814342285892,.\Image\Alignment\2017\03\31\06.14.14 341\Head4.jpg
2017.03.31 06:14:32 838,TFT_SIDE5.46,90,RETRY,-0.6894,-0.4431,-0.5792,-0.5263,0.0687,0.01407,True,844.56338545568,521.781835303471,.\Image\Alignment\2017\03\31\06.14.32 838\Head1.jpg,True,787.596677745437,518.375841460279,.\Image\Alignment\2017\03\31\06.14.32 838\Head2.jpg,True,823.577234940472,491.661750589953,.\Image\Alignment\2017\03\31\06.14.32 838\Head3.jpg,True,800.425532468158,482.91424619,.\Image\Alignment\2017\03\31\06.14.32 838\Head4.jpg
2017.03.31 06:14:34 719,TFT_SIDE5.46,90,RETRY,0.0188,-0.0268,-0.0288,0.0195,0.0513,0.00373,True,640.389938199913,499.908050677078,.\Image\Alignment\2017\03\31\06.14.34 719\Head1.jpg,True,649.17964188508,498.840597477655,.\Image\Alignment\2017\03\31\06.14.34 719\Head2.jpg,True,649.646546791604,496.985617494066,.\Image\Alignment\2017\03\31\06.14.34 719\Head3.jpg,True,640.148755545541,489.36573785894,.\Image\Alignment\2017\03\31\06.14.34 719\Head4.jpg
2017.03.31 06:14:36 600,TFT_SIDE5.46,90,RETRY,-0.0019,0.0112,0.0108,-0.0006,0.007,2E-05,True,640.547480964483,481.887703505349,.\Image\Alignment\2017\03\31\06.14.36 600\Head1.jpg,True,636.784113078244,485.116017424623,.\Image\Alignment\2017\03\31\06.14.36 600\Head2.jpg,True,636.872612398228,485.33069589724,.\Image\Alignment\2017\03\31\06.14.36 600\Head3.jpg,True,640.180799766871,481.826843646393,.\Image\Alignment\2017\03\31\06.14.36 600\Head4.jpg
2017.03.31 06:14:38 427,TFT_SIDE5.46,90,OK,0.0005,0.0006,0.0006,-0.0003,0,0,True,639.86895670202,479.959788254603,.\Image\Alignment\2017\03\31\06.14.38 427\Head1.jpg,True,639.842654400922,483.091253861963,.\Image\Alignment\2017\03\31\06.14.38 427\Head2.jpg,True,639.840911579921,483.367178464162,.\Image\Alignment\2017\03\31\06.14.38 427\Head3.jpg,True,640.086164324015,480.076342081869,.\Image\Alignment\2017\03\31\06.14.38 427\Head4.jpg
2017.03.31 06:16:53 060,TFT_SIDE5.46,0,RETRY,-0.781,-0.5783,-0.7187,-0.6239,0.5898,0.02541,True,893.553598722612,674.203089738468,.\Image\Alignment\2017\03\31\06.16.53 060\Head1.jpg,True,835.739506936884,651.140674922611,.\Image\Alignment\2017\03\31\06.16.53 060\Head2.jpg,True,872.328293759525,628.95120357391,.\Image\Alignment\2017\03\31\06.16.53 060\Head3.jpg,True,850.206387446633,600.893643199179,.\Image\Alignment\2017\03\31\06.16.53 060\Head4.jpg
2017.03.31 06:16:54 942,TFT_SIDE5.46,0,RETRY,-0.0021,0.0051,0.0038,0.0022,-0.028,-0.00067,True,639.393704900235,471.556607897286,.\Image\Alignment\2017\03\31\06.16.54 942\Head1.jpg,True,636.221828462714,474.58941686472,.\Image\Alignment\2017\03\31\06.16.54 942\Head2.jpg,True,636.580301537034,475.907541448265,.\Image\Alignment\2017\03\31\06.16.54 942\Head3.jpg,True,638.259139249607,473.506527251481,.\Image\Alignment\2017\03\31\06.16.54 942\Head4.jpg
2017.03.31 06:16:56 781,TFT_SIDE5.46,0,OK,0.0004,0.0029,0.0056,0.0001,0,0,True,639.901970095043,480.139530369675,.\Image\Alignment\2017\03\31\06.16.56 781\Head1.jpg,True,639.220216658978,482.458176184177,.\Image\Alignment\2017\03\31\06.16.56 781\Head2.jpg,True,638.494355338122,483.202211686061,.\Image\Alignment\2017\03\31\06.16.56 781\Head3.jpg,True,639.970534168413,479.85477248553,.\Image\Alignment\2017\03\31\06.16.56 781\Head4.jpg
2017.03.31 06:17:15 344,TFT_SIDE5.46,90,RETRY,-0.7852,-0.6259,-0.7633,-0.6243,0.0697,0.01532,True,871.974501577767,524.146508599313,.\Image\Alignment\2017\03\31\06.17.15 344\Head1.jpg,True,815.344966992397,510.29270479807,.\Image\Alignment\2017\03\31\06.17.15 344\Head2.jpg,True,851.634819650511,502.737944281243,.\Image\Alignment\2017\03\31\06.17.15 344\Head3.jpg,True,828.311769843685,481.895941351442,.\Image\Alignment\2017\03\31\06.17.15 344\Head4.jpg
2017.03.31 06:17:17 075,TFT_SIDE5.46,90,RETRY,-0.0108,0.0477,0.046,-0.0086,0.0375,-0.00157,True,640.605114759422,487.38194178035,.\Image\Alignment\2017\03\31\06.17.17 075\Head1.jpg,True,626.269403514613,492.323755422447,.\Image\Alignment\2017\03\31\06.17.17 075\Head2.jpg,True,626.68222711335,493.258314838272,.\Image\Alignment\2017\03\31\06.17.17 075\Head3.jpg,True,639.98168396289,491.751945689734,.\Image\Alignment\2017\03\31\06.17.17 075\Head4.jpg
2017.03.31 06:17:18 930,TFT_SIDE5.46,90,RETRY,0.0021,-0.0062,-0.0052,0.0004,-0.0029,0.00011,True,639.595196140456,479.402681665819,.\Image\Alignment\2017\03\31\06.17.18 930\Head1.jpg,True,641.299031185224,482.459251784725,.\Image\Alignment\2017\03\31\06.17.18 930\Head2.jpg,True,641.022648307806,482.793586024355,.\Image\Alignment\2017\03\31\06.17.18 930\Head3.jpg,True,640.050254426346,479.101997132386,.\Image\Alignment\2017\03\31\06.17.18 930\Head4.jpg
2017.03.31 06:17:20 633,TFT_SIDE5.46,90,OK,-0.0022,0.0023,0.0018,-0.001,0,0,True,640.574490108884,480.279051745683,.\Image\Alignment\2017\03\31\06.17.20 633\Head1.jpg,True,639.383682549872,483.442949624472,.\Image\Alignment\2017\03\31\06.17.20 633\Head2.jpg,True,639.528743191501,483.599772839478,.\Image\Alignment\2017\03\31\06.17.20 633\Head3.jpg,True,640.259901589393,480.150067879863,.\Image\Alignment\2017\03\31\06.17.20 633\Head4.jpg
2017.03.31 06:19:47 179,TFT_SIDE5.46,0,RETRY,-0.7904,-0.5811,-0.7199,-0.6323,0.6166,0.03512,True,913.203279120741,695.475340866459,.\Image\Alignment\2017\03\31\06.19.47 179\Head1.jpg,True,855.833753299185,663.578943625322,.\Image\Alignment\2017\03\31\06.19.47 179\Head2.jpg,True,891.969747740142,630.885836364523,.\Image\Alignment\2017\03\31\06.19.47 179\Head3.jpg,True,869.534223533748,594.055206036797,.\Image\Alignment\2017\03\31\06.19.47 179\Head4.jpg
2017.03.31 06:19:48 936,TFT_SIDE5.46,0,RETRY,-0.004,-0.0029,-0.0017,-0.0003,0.0061,-0.00044,True,640.289404332523,480.976879509728,.\Image\Alignment\2017\03\31\06.19.48 936\Head1.jpg,True,639.660847837101,483.904654380018,.\Image\Alignment\2017\03\31\06.19.48 936\Head2.jpg,True,639.31716647556,484.513453857159,.\Image\Alignment\2017\03\31\06.19.48 936\Head3.jpg,True,639.284861112783,482.25298263414,.\Image\Alignment\2017\03\31\06.19.48 936\Head4.jpg
2017.03.31 06:19:50 709,TFT_SIDE5.46,0,RETRY,-0.0002,-0.0076,-0.012,-0.0003,0.0007,0,True,640.048585567941,480.173344397758,.\Image\Alignment\2017\03\31\06.19.50 709\Head1.jpg,True,639.556191567604,482.214741556057,.\Image\Alignment\2017\03\31\06.19.50 709\Head2.jpg,True,640.712244440494,483.568962657072,.\Image\Alignment\2017\03\31\06.19.50 709\Head3.jpg,True,640.077168461151,480.183618775973,.\Image\Alignment\2017\03\31\06.19.50 709\Head4.jpg
2017.03.31 06:19:52 495,TFT_SIDE5.46,0,RETRY,0,0.0102,0.0113,-0.0009,0,0,True,639.993645931591,480.011250674665,.\Image\Alignment\2017\03\31\06.19.52 495\Head1.jpg,True,637.26683516529,482.185864837696,.\Image\Alignment\2017\03\31\06.19.52 495\Head2.jpg,True,636.995285287609,483.428562353792,.\Image\Alignment\2017\03\31\06.19.52 495\Head3.jpg,True,640.241020487259,480.232732833104,.\Image\Alignment\2017\03\31\06.19.52 495\Head4.jpg
2017.03.31 06:19:54 036,TFT_SIDE5.46,0,OK,-0.0001,-0.002,-0.0006,0.0003,0,0,True,640.020800198633,479.989451134883,.\Image\Alignment\2017\03\31\06.19.54 036\Head1.jpg,True,640.524399176016,482.346106571087,.\Image\Alignment\2017\03\31\06.19.54 036\Head2.jpg,True,640.148215656772,483.379431877816,.\Image\Alignment\2017\03\31\06.19.54 036\Head3.jpg,True,639.91368518146,480.127649848117,.\Image\Alignment\2017\03\31\06.19.54 036\Head4.jpg
2017.03.31 06:20:12 520,TFT_SIDE5.46,90,RETRY,-0.8474,-0.7213,-0.8577,-0.6838,0.0403,0.02516,True,902.863616833355,532.776373643137,.\Image\Alignment\2017\03\31\06.20.12 520\Head1.jpg,True,845.873972005887,507.770688464887,.\Image\Alignment\2017\03\31\06.20.12 520\Head2.jpg,True,881.89391976731,495.57443747945,.\Image\Alignment\2017\03\31\06.20.12 520\Head3.jpg,True,858.462497405209,463.004802310616,.\Image\Alignment\2017\03\31\06.20.12 520\Head4.jpg
2017.03.31 06:20:14 389,TFT_SIDE5.46,90,RETRY,-0.0108,0.0814,0.081,-0.0117,0.0548,-0.00207,True,639.894467204522,491.154879342241,.\Image\Alignment\2017\03\31\06.20.14 389\Head1.jpg,True,617.151862645844,496.744508659909,.\Image\Alignment\2017\03\31\06.20.14 389\Head2.jpg,True,617.206743428083,497.787046797472,.\Image\Alignment\2017\03\31\06.20.14 389\Head3.jpg,True,640.040839489507,496.925492647185,.\Image\Alignment\2017\03\31\06.20.14 389\Head4.jpg
2017.03.31 06:20:16 134,TFT_SIDE5.46,90,RETRY,0.0011,-0.009,-0.0082,0.0008,-0.0048,0.00029,True,640.123848925808,479.210080546971,.\Image\Alignment\2017\03\31\06.20.16 134\Head1.jpg,True,642.201135904276,482.233870983581,.\Image\Alignment\2017\03\31\06.20.16 134\Head2.jpg,True,641.987142317153,482.418485889692,.\Image\Alignment\2017\03\31\06.20.16 134\Head3.jpg,True,640.212833471725,478.40909925277,.\Image\Alignment\2017\03\31\06.20.16 134\Head4.jpg
2017.03.31 06:20:17 961,TFT_SIDE5.46,90,OK,0.0001,0.003,0.0021,-0.0001,0,0,True,639.96347181182,480.414798332862,.\Image\Alignment\2017\03\31\06.20.17 961\Head1.jpg,True,639.202853809102,483.811999701681,.\Image\Alignment\2017\03\31\06.20.17 961\Head2.jpg,True,639.437007950071,483.671713905334,.\Image\Alignment\2017\03\31\06.20.17 961\Head3.jpg,True,640.021146197475,480.542871911367,.\Image\Alignment\2017\03\31\06.20.17 961\Head4.jpg
2017.03.31 06:23:15 125,TFT_SIDE5.46,0,RETRY,-0.6603,-0.613,-0.7536,-0.5003,0.5274,0.03426,True,876.933385338271,670.396552579297,.\Image\Alignment\2017\03\31\06.23.15 125\Head1.jpg,True,819.383344557341,640.876938099294,.\Image\Alignment\2017\03\31\06.23.15 125\Head2.jpg,True,856.026119139543,632.616559532132,.\Image\Alignment\2017\03\31\06.23.15 125\Head3.jpg,True,833.007823414684,571.405236158601,.\Image\Alignment\2017\03\31\06.23.15 125\Head4.jpg
2017.03.31 06:23:17 005,TFT_SIDE5.46,0,RETRY,-0.0047,0.1561,0.1579,-0.0027,0.0971,-0.00049,True,640.419580819419,505.21278843526,.\Image\Alignment\2017\03\31\06.23.17 005\Head1.jpg,True,596.440073479895,508.228260196273,.\Image\Alignment\2017\03\31\06.23.17 005\Head2.jpg,True,595.901379922608,509.206921830045,.\Image\Alignment\2017\03\31\06.23.17 005\Head3.jpg,True,639.754469470253,506.528618291712,.\Image\Alignment\2017\03\31\06.23.17 005\Head4.jpg
2017.03.31 06:23:18 764,TFT_SIDE5.46,0,OK,0.0014,0.0051,0.0054,0.0012,0,0,True,639.62293721936,480.002288206074,.\Image\Alignment\2017\03\31\06.23.18 764\Head1.jpg,True,638.64621482594,482.690698229318,.\Image\Alignment\2017\03\31\06.23.18 764\Head2.jpg,True,638.55361831063,483.356991409322,.\Image\Alignment\2017\03\31\06.23.18 764\Head3.jpg,True,639.681105790645,479.989678910057,.\Image\Alignment\2017\03\31\06.23.18 764\Head4.jpg
2017.03.31 06:23:39 694,TFT_SIDE5.46,90,RETRY,-0.8493,-0.7183,-0.8544,-0.6851,0.1702,0.0242,True,901.989923446875,565.837288510737,.\Image\Alignment\2017\03\31\06.23.39 694\Head1.jpg,True,844.873947877221,542.230144776062,.\Image\Alignment\2017\03\31\06.23.39 694\Head2.jpg,True,880.686836433731,530.231384877032,.\Image\Alignment\2017\03\31\06.23.39 694\Head3.jpg,True,857.2504022619,498.623444556496,.\Image\Alignment\2017\03\31\06.23.39 694\Head4.jpg
2017.03.31 06:23:41 507,TFT_SIDE5.46,90,RETRY,-0.0109,0.0768,0.0754,-0.01,0.0577,-0.00183,True,640.266366029638,492.35351689132,.\Image\Alignment\2017\03\31\06.23.41 507\Head1.jpg,True,618.382230618476,497.295861550771,.\Image\Alignment\2017\03\31\06.23.41 507\Head2.jpg,True,618.683352715425,498.345360475928,.\Image\Alignment\2017\03\31\06.23.41 507\Head3.jpg,True,639.933725710119,497.442063032237,.\Image\Alignment\2017\03\31\06.23.41 507\Head4.jpg
2017.03.31 06:23:43 321,TFT_SIDE5.46,90,RETRY,0.0015,-0.0064,-0.0059,0.0008,-0.0052,0.00017,True,639.834346858837,478.898642416106,.\Image\Alignment\2017\03\31\06.23.43 321\Head1.jpg,True,641.708713331963,481.792071030502,.\Image\Alignment\2017\03\31\06.23.43 321\Head2.jpg,True,641.563573471131,481.792820713753,.\Image\Alignment\2017\03\31\06.23.43 321\Head3.jpg,True,640.038721308358,478.421498871348,.\Image\Alignment\2017\03\31\06.23.43 321\Head4.jpg
2017.03.31 06:23:45 106,TFT_SIDE5.46,90,OK,-0.0019,0.001,0.0013,-0.0003,0,0,True,640.500215723503,480.224758877452,.\Image\Alignment\2017\03\31\06.23.45 106\Head1.jpg,True,639.729587186257,483.176565715259,.\Image\Alignment\2017\03\31\06.23.45 106\Head2.jpg,True,639.640990480238,483.361729556654,.\Image\Alignment\2017\03\31\06.23.45 106\Head3.jpg,True,640.070832424401,480.211060588187,.\Image\Alignment\2017\03\31\06.23.45 106\Head4.jpg
2017.03.31 06:26:39 557,TFT_SIDE5.46,0,RETRY,-0.8934,-0.6253,-0.7637,-0.7394,0.4861,0.00177,True,881.830744844139,612.163723524281,.\Image\Alignment\2017\03\31\06.26.39 557\Head1.jpg,True,825.123401227916,616.471719113654,.\Image\Alignment\2017\03\31\06.26.39 557\Head2.jpg,True,861.262281242109,606.882362612019,.\Image\Alignment\2017\03\31\06.26.39 557\Head3.jpg,True,839.349152622023,607.511255932038,.\Image\Alignment\2017\03\31\06.26.39 557\Head4.jpg
2017.03.31 06:26:41 410,TFT_SIDE5.46,0,RETRY,0.018,-0.0451,-0.0471,0.0239,-0.0064,0.00292,True,640.331349959947,482.496897368391,.\Image\Alignment\2017\03\31\06.26.41 410\Head1.jpg,True,655.464476491093,482.098133136402,.\Image\Alignment\2017\03\31\06.26.41 410\Head2.jpg,True,655.977682913369,480.255301042493,.\Image\Alignment\2017\03\31\06.26.41 410\Head3.jpg,True,638.796041305016,474.043119589422,.\Image\Alignment\2017\03\31\06.26.41 410\Head4.jpg
2017.03.31 06:26:43 237,TFT_SIDE5.46,0,OK,-0.0008,0.0071,0.0067,0.0002,0,0,True,640.200204266815,479.860987578847,.\Image\Alignment\2017\03\31\06.26.43 237\Head1.jpg,True,638.09969108854,482.631506554,.\Image\Alignment\2017\03\31\06.26.43 237\Head2.jpg,True,638.216676164175,483.094345748733,.\Image\Alignment\2017\03\31\06.26.43 237\Head3.jpg,True,639.944087080864,479.733618927086,.\Image\Alignment\2017\03\31\06.26.43 237\Head4.jpg
2017.03.31 06:27:04 104,TFT_SIDE5.46,90,RETRY,-0.7164,-0.487,-0.6223,-0.5549,0.0191,-0.0073,True,820.718892358574,472.72493108414,.\Image\Alignment\2017\03\31\06.27.04 104\Head1.jpg,True,763.764322492686,484.281726025827,.\Image\Alignment\2017\03\31\06.27.04 104\Head2.jpg,True,799.576415776179,489.989146476765,.\Image\Alignment\2017\03\31\06.27.04 104\Head3.jpg,True,777.061366655698,493.998283563402,.\Image\Alignment\2017\03\31\06.27.04 104\Head4.jpg
2017.03.31 06:27:05 807,TFT_SIDE5.46,90,RETRY,0.0023,-0.0161,-0.018,0.0073,-0.0101,0.00064,True,640.330990558303,478.390199883787,.\Image\Alignment\2017\03\31\06.27.05 807\Head1.jpg,True,644.472114968941,480.529673130625,.\Image\Alignment\2017\03\31\06.27.05 807\Head2.jpg,True,644.974009508998,480.378443247099,.\Image\Alignment\2017\03\31\06.27.05 807\Head3.jpg,True,639.006824995863,476.581480304164,.\Image\Alignment\2017\03\31\06.27.05 807\Head4.jpg
2017.03.31 06:27:07 539,TFT_SIDE5.46,90,RETRY,0.0018,-0.0004,0.0014,-0.0021,0.0015,0.00015,True,639.742590089813,480.65370604853,.\Image\Alignment\2017\03\31\06.27.07 539\Head1.jpg,True,639.966318866029,483.420458337933,.\Image\Alignment\2017\03\31\06.27.07 539\Head2.jpg,True,639.487121743462,483.53807698986,.\Image\Alignment\2017\03\31\06.27.07 539\Head3.jpg,True,640.775469768404,480.229583797272,.\Image\Alignment\2017\03\31\06.27.07 539\Head4.jpg
2017.03.31 06:27:09 257,TFT_SIDE5.46,90,RETRY,-0.0023,0.0025,0.0014,-0.0003,-0.0002,-0.00017,True,640.359489579184,479.66722223736,.\Image\Alignment\2017\03\31\06.27.09 257\Head1.jpg,True,639.145147049215,482.864004098588,.\Image\Alignment\2017\03\31\06.27.09 257\Head2.jpg,True,639.423183697928,483.032735199917,.\Image\Alignment\2017\03\31\06.27.09 257\Head3.jpg,True,639.820957441531,480.151198402525,.\Image\Alignment\2017\03\31\06.27.09 257\Head4.jpg
2017.03.31 06:27:11 030,TFT_SIDE5.46,90,RETRY,0.0019,-0.0022,-0.0005,0.0002,-0.0001,0.00016,True,639.736955343511,480.231269781496,.\Image\Alignment\2017\03\31\06.27.11 030\Head1.jpg,True,640.51433010528,482.979935684137,.\Image\Alignment\2017\03\31\06.27.11 030\Head2.jpg,True,640.053862015453,483.034696792664,.\Image\Alignment\2017\03\31\06.27.11 030\Head3.jpg,True,640.17432651192,479.780228089287,.\Image\Alignment\2017\03\31\06.27.11 030\Head4.jpg
2017.03.31 06:27:12 856,TFT_SIDE5.46,90,OK,-0.001,0.0023,0.002,0.0001,0,0,True,640.261798528795,479.998922967817,.\Image\Alignment\2017\03\31\06.27.12 856\Head1.jpg,True,639.380247565588,482.931454512439,.\Image\Alignment\2017\03\31\06.27.12 856\Head2.jpg,True,639.457497270616,483.149507777657,.\Image\Alignment\2017\03\31\06.27.12 856\Head3.jpg,True,639.976345110811,480.009136133544,.\Image\Alignment\2017\03\31\06.27.12 856\Head4.jpg
2017.03.31 06:30:01 693,TFT_SIDE5.46,0,RETRY,-0.8001,-0.6688,-0.8074,-0.6438,0.6317,0.01992,True,888.968942440994,677.405230386347,.\Image\Alignment\2017\03\31\06.30.01 693\Head1.jpg,True,831.693872840787,656.12345597694,.\Image\Alignment\2017\03\31\06.30.01 693\Head2.jpg,True,867.732660873644,649.281475422101,.\Image\Alignment\2017\03\31\06.30.01 693\Head3.jpg,True,845.741293584741,619.976419888949,.\Image\Alignment\2017\03\31\06.30.01 693\Head4.jpg
2017.03.31 06:30:03 546,TFT_SIDE5.46,0,RETRY,-0.0174,0.0598,0.0578,-0.0126,-0.0037,-0.00282,True,639.675113347231,474.921924866629,.\Image\Alignment\2017\03\31\06.30.03 546\Head1.jpg,True,617.841974809898,480.091058194455,.\Image\Alignment\2017\03\31\06.30.03 546\Head2.jpg,True,618.383970601671,483.449187645145,.\Image\Alignment\2017\03\31\06.30.03 546\Head3.jpg,True,638.386234022033,483.100667313934,.\Image\Alignment\2017\03\31\06.30.03 546\Head4.jpg
2017.03.31 06:30:05 278,TFT_SIDE5.46,0,RETRY,0.0018,-0.0033,-0.0028,-0.0015,0.0002,0.00021,True,639.891917831688,480.343819877095,.\Image\Alignment\2017\03\31\06.30.05 278\Head1.jpg,True,639.63610244992,482.643200190132,.\Image\Alignment\2017\03\31\06.30.05 278\Head2.jpg,True,639.498749165719,483.320618334314,.\Image\Alignment\2017\03\31\06.30.05 278\Head3.jpg,True,640.757746665997,479.75216744025,.\Image\Alignment\2017\03\31\06.30.05 278\Head4.jpg
2017.03.31 06:30:06 981,TFT_SIDE5.46,0,OK,-0.0022,0.0075,0.007,0.0013,0,0,True,640.595687038779,480.016453032213,.\Image\Alignment\2017\03\31\06.30.06 981\Head1.jpg,True,637.98790567164,482.723985041095,.\Image\Alignment\2017\03\31\06.30.06 981\Head2.jpg,True,638.122160026168,483.390698809171,.\Image\Alignment\2017\03\31\06.30.06 981\Head3.jpg,True,639.655786918521,479.984105504102,.\Image\Alignment\2017\03\31\06.30.06 981\Head4.jpg
2017.03.31 06:30:25 545,TFT_SIDE5.46,90,RETRY,-0.8538,-0.6733,-0.8097,-0.694,0.053,0.00671,True,877.767444245917,505.220280566284,.\Image\Alignment\2017\03\31\06.30.25 545\Head1.jpg,True,821.406506093272,500.622244776629,.\Image\Alignment\2017\03\31\06.30.25 545\Head2.jpg,True,857.423871351325,499.085950221674,.\Image\Alignment\2017\03\31\06.30.25 545\Head3.jpg,True,834.379896315799,487.291283047172,.\Image\Alignment\2017\03\31\06.30.25 545\Head4.jpg
2017.03.31 06:30:27 386,TFT_SIDE5.46,90,RETRY,-0.0062,0.0279,0.0266,-0.0042,0.0184,-0.00127,True,639.816468083685,482.791696855871,.\Image\Alignment\2017\03\31\06.30.27 386\Head1.jpg,True,631.659879412436,487.642302226825,.\Image\Alignment\2017\03\31\06.30.27 386\Head2.jpg,True,631.985650126063,488.467293848552,.\Image\Alignment\2017\03\31\06.30.27 386\Head3.jpg,True,639.27169254368,486.33088514116,.\Image\Alignment\2017\03\31\06.30.27 386\Head4.jpg
2017.03.31 06:30:29 240,TFT_SIDE5.46,90,RETRY,0.0022,-0.0051,-0.006,0.0004,-0.0029,0.00024,True,639.751652290873,479.636613656437,.\Image\Alignment\2017\03\31\06.30.29 240\Head1.jpg,True,641.243832903506,482.768579339134,.\Image\Alignment\2017\03\31\06.30.29 240\Head2.jpg,True,641.459507700856,482.874931118594,.\Image\Alignment\2017\03\31\06.30.29 240\Head3.jpg,True,640.242199998584,478.966985080343,.\Image\Alignment\2017\03\31\06.30.29 240\Head4.jpg
2017.03.31 06:30:30 972,TFT_SIDE5.46,90,OK,-0.0017,0.0024,0.0031,0.0006,0,0,True,640.440039454093,479.936145456887,.\Image\Alignment\2017\03\31\06.30.30 972\Head1.jpg,True,639.347670867162,483.403010127564,.\Image\Alignment\2017\03\31\06.30.30 972\Head2.jpg,True,639.166303316455,483.412699016592,.\Image\Alignment\2017\03\31\06.30.30 972\Head3.jpg,True,639.8385504707,479.867592103757,.\Image\Alignment\2017\03\31\06.30.30 972\Head4.jpg
2017.03.31 06:33:27 258,TFT_SIDE5.46,0,RETRY,-0.7875,-0.6174,-0.7561,-0.6284,0.5823,0.0315,True,906.034811882795,681.041825069571,.\Image\Alignment\2017\03\31\06.33.27 258\Head1.jpg,True,848.558414493991,648.978742439884,.\Image\Alignment\2017\03\31\06.33.27 258\Head2.jpg,True,884.689765417899,625.512053546114,.\Image\Alignment\2017\03\31\06.33.27 258\Head3.jpg,True,862.142534909855,590.142571594039,.\Image\Alignment\2017\03\31\06.33.27 258\Head4.jpg
2017.03.31 06:33:29 195,TFT_SIDE5.46,0,RETRY,-0.0012,0.0353,0.0358,0.0029,-0.0148,-0.00033,True,639.739067445966,475.567108254919,.\Image\Alignment\2017\03\31\06.33.29 195\Head1.jpg,True,628.556420922248,478.450780928445,.\Image\Alignment\2017\03\31\06.33.29 195\Head2.jpg,True,628.430112054636,479.537382663959,.\Image\Alignment\2017\03\31\06.33.29 195\Head3.jpg,True,638.678162220251,476.52288560183,.\Image\Alignment\2017\03\31\06.33.29 195\Head4.jpg
2017.03.31 06:33:30 968,TFT_SIDE5.46,0,OK,0.0001,0.0057,0.0041,-0.0011,0,0,True,639.967797159447,479.999358072766,.\Image\Alignment\2017\03\31\06.33.30 968\Head1.jpg,True,638.483199638528,482.422809313711,.\Image\Alignment\2017\03\31\06.33.30 968\Head2.jpg,True,638.902725659131,483.340556452747,.\Image\Alignment\2017\03\31\06.33.30 968\Head3.jpg,True,640.29129733539,480.024063154105,.\Image\Alignment\2017\03\31\06.33.30 968\Head4.jpg
2017.03.31 06:33:49 383,TFT_SIDE5.46,90,RETRY,-0.7906,-0.6556,-0.7925,-0.6277,0.0489,0.02168,True,882.622986217911,529.227603304319,.\Image\Alignment\2017\03\31\06.33.49 383\Head1.jpg,True,826.003924502994,508.470346215753,.\Image\Alignment\2017\03\31\06.33.49 383\Head2.jpg,True,862.157604709162,498.43390453618,.\Image\Alignment\2017\03\31\06.33.49 383\Head3.jpg,True,838.464847961348,469.167367795336,.\Image\Alignment\2017\03\31\06.33.49 383\Head4.jpg
2017.03.31 06:33:51 142,TFT_SIDE5.46,90,RETRY,-0.0097,0.0714,0.0718,-0.0095,0.0526,-0.00161,True,640.257821701833,491.353426127345,.\Image\Alignment\2017\03\31\06.33.51 142\Head1.jpg,True,619.913049981237,496.439040297421,.\Image\Alignment\2017\03\31\06.33.51 142\Head2.jpg,True,619.752733076361,497.401515139747,.\Image\Alignment\2017\03\31\06.33.51 142\Head3.jpg,True,640.124565304647,495.845683743353,.\Image\Alignment\2017\03\31\06.33.51 142\Head4.jpg
2017.03.31 06:33:52 927,TFT_SIDE5.46,90,RETRY,0.0015,-0.0052,-0.0062,0.0015,-0.0031,0.00033,True,640.081285397086,479.742976728351,.\Image\Alignment\2017\03\31\06.33.52 927\Head1.jpg,True,641.327054876618,482.610300806113,.\Image\Alignment\2017\03\31\06.33.52 927\Head2.jpg,True,641.574655080842,482.675705327577,.\Image\Alignment\2017\03\31\06.33.52 927\Head3.jpg,True,640.090607100324,478.806026407154,.\Image\Alignment\2017\03\31\06.33.52 927\Head4.jpg
2017.03.31 06:33:54 658,TFT_SIDE5.46,90,OK,-0.0009,0.0024,0.0034,-0.0005,0,0,True,640.239442549094,480.328215867757,.\Image\Alignment\2017\03\31\06.33.54 658\Head1.jpg,True,639.364371001285,483.473350514971,.\Image\Alignment\2017\03\31\06.33.54 658\Head2.jpg,True,639.10004836074,483.764824878487,.\Image\Alignment\2017\03\31\06.33.54 658\Head3.jpg,True,640.141147705998,480.56399934576,.\Image\Alignment\2017\03\31\06.33.54 658\Head4.jpg
2017.03.31 06:36:49 708,TFT_SIDE5.46,0,RETRY,-0.7756,-0.5745,-0.7134,-0.6159,0.5395,0.02221,True,886.449661241889,656.101962222694,.\Image\Alignment\2017\03\31\06.36.49 708\Head1.jpg,True,828.70685154417,632.652033303805,.\Image\Alignment\2017\03\31\06.36.49 708\Head2.jpg,True,864.9665436131,613.735154193281,.\Image\Alignment\2017\03\31\06.36.49 708\Head3.jpg,True,842.484116050621,592.115137750575,.\Image\Alignment\2017\03\31\06.36.49 708\Head4.jpg
2017.03.31 06:36:51 535,TFT_SIDE5.46,0,RETRY,0.0006,0.0069,0.0081,0.0042,-0.0053,-0.00038,True,639.158942047423,478.049882918671,.\Image\Alignment\2017\03\31\06.36.51 535\Head1.jpg,True,636.493649443341,480.934983316654,.\Image\Alignment\2017\03\31\06.36.51 535\Head2.jpg,True,636.190826710217,481.83302866905,.\Image\Alignment\2017\03\31\06.36.51 535\Head3.jpg,True,638.225835905327,479.145198510524,.\Image\Alignment\2017\03\31\06.36.51 535\Head4.jpg
2017.03.31 06:36:53 129,TFT_SIDE5.46,0,OK,-0.001,0.0045,0.0022,-0.0015,0,0,True,640.255404220729,480.33356864048,.\Image\Alignment\2017\03\31\06.36.53 129\Head1.jpg,True,638.789501656407,482.855907177682,.\Image\Alignment\2017\03\31\06.36.53 129\Head2.jpg,True,639.42441808441,483.473056506857,.\Image\Alignment\2017\03\31\06.36.53 129\Head3.jpg,True,640.393528733199,480.301219078932,.\Image\Alignment\2017\03\31\06.36.53 129\Head4.jpg
2017.03.31 06:37:11 658,TFT_SIDE5.46,90,RETRY,-0.7607,-0.5926,-0.7273,-0.5974,0.0862,0.01193,True,860.513682642778,522.868211359788,.\Image\Alignment\2017\03\31\06.37.11 658\Head1.jpg,True,804.366757628759,512.294316101266,.\Image\Alignment\2017\03\31\06.37.11 658\Head2.jpg,True,839.911405781885,506.67002129925,.\Image\Alignment\2017\03\31\06.37.11 658\Head3.jpg,True,816.222063867406,490.095801216681,.\Image\Alignment\2017\03\31\06.37.11 658\Head4.jpg
2017.03.31 06:37:13 430,TFT_SIDE5.46,90,RETRY,-0.0075,0.0398,0.0379,-0.0074,0.0277,-0.00146,True,639.889749599718,484.947246707703,.\Image\Alignment\2017\03\31\06.37.13 430\Head1.jpg,True,628.383328917574,490.040200303223,.\Image\Alignment\2017\03\31\06.37.13 430\Head2.jpg,True,628.846654413062,490.955205042321,.\Image\Alignment\2017\03\31\06.37.13 430\Head3.jpg,True,639.810984054882,489.020003800573,.\Image\Alignment\2017\03\31\06.37.13 430\Head4.jpg
2017.03.31 06:37:15 149,TFT_SIDE5.46,90,OK,0.0017,-0.0037,-0.0043,0.0007,0,0,True,639.54264087044,479.359696375223,.\Image\Alignment\2017\03\31\06.37.15 149\Head1.jpg,True,640.998042538369,482.373750659267,.\Image\Alignment\2017\03\31\06.37.15 149\Head2.jpg,True,641.159608489008,482.789134324517,.\Image\Alignment\2017\03\31\06.37.15 149\Head3.jpg,True,639.81090097214,479.163301100404,.\Image\Alignment\2017\03\31\06.37.15 149\Head4.jpg
2017.03.31 06:40:21 047,TFT_SIDE5.46,0,RETRY,-0.8907,-0.663,-0.8019,-0.7343,0.6369,0.01779,True,909.409043915917,675.698170060838,.\Image\Alignment\2017\03\31\06.40.21 047\Head1.jpg,True,852.258480402206,663.969073914643,.\Image\Alignment\2017\03\31\06.40.21 047\Head2.jpg,True,888.382994599836,645.109141125274,.\Image\Alignment\2017\03\31\06.40.21 047\Head3.jpg,True,866.068987845155,624.528366798066,.\Image\Alignment\2017\03\31\06.40.21 047\Head4.jpg
2017.03.31 06:40:22 955,TFT_SIDE5.46,0,RETRY,-0.0037,-0.0264,-0.0264,0.0006,-0.013,-0.00047,True,640.165319053539,475.852632155238,.\Image\Alignment\2017\03\31\06.40.22 955\Head1.jpg,True,644.586189031033,478.663752678362,.\Image\Alignment\2017\03\31\06.40.22 955\Head2.jpg,True,644.578561587942,480.012181538669,.\Image\Alignment\2017\03\31\06.40.22 955\Head3.jpg,True,639.030518859662,477.218308980871,.\Image\Alignment\2017\03\31\06.40.22 955\Head4.jpg
2017.03.31 06:40:24 768,TFT_SIDE5.46,0,RETRY,-0.0002,0,0,0.0023,-0.0002,0.00011,True,640.234525079333,480.106454228792,.\Image\Alignment\2017\03\31\06.40.24 768\Head1.jpg,True,638.502866639791,482.178481915825,.\Image\Alignment\2017\03\31\06.40.24 768\Head2.jpg,True,638.48451134872,482.993402517959,.\Image\Alignment\2017\03\31\06.40.24 768\Head3.jpg,True,639.587638168606,479.788259840507,.\Image\Alignment\2017\03\31\06.40.24 768\Head4.jpg
2017.03.31 06:40:26 540,TFT_SIDE5.46,0,OK,0.0029,0.0072,0.0091,-0.0011,0,0,True,639.224399677836,479.431758613517,.\Image\Alignment\2017\03\31\06.40.26 540\Head1.jpg,True,638.079273578512,481.804777744601,.\Image\Alignment\2017\03\31\06.40.26 540\Head2.jpg,True,637.561771599623,482.834634808392,.\Image\Alignment\2017\03\31\06.40.26 540\Head3.jpg,True,640.284395963395,479.380480770801,.\Image\Alignment\2017\03\31\06.40.26 540\Head4.jpg
2017.03.31 06:40:44 912,TFT_SIDE5.46,90,RETRY,-0.8482,-0.6969,-0.8344,-0.6856,-0.0468,0.0067,True,876.250763813648,478.573390844719,.\Image\Alignment\2017\03\31\06.40.44 912\Head1.jpg,True,819.451801366284,463.681534490865,.\Image\Alignment\2017\03\31\06.40.44 912\Head2.jpg,True,855.881849297616,469.6580638271,.\Image\Alignment\2017\03\31\06.40.44 912\Head3.jpg,True,832.245269068429,460.760482049473,.\Image\Alignment\2017\03\31\06.40.44 912\Head4.jpg
2017.03.31 06:40:46 698,TFT_SIDE5.46,90,RETRY,-0.0061,0.0556,0.0564,-0.0071,0.0411,-0.00114,True,639.987638797849,489.08425301917,.\Image\Alignment\2017\03\31\06.40.46 698\Head1.jpg,True,624.459952163274,493.531582847008,.\Image\Alignment\2017\03\31\06.40.46 698\Head2.jpg,True,624.210300088098,494.170745129166,.\Image\Alignment\2017\03\31\06.40.46 698\Head3.jpg,True,640.200282735161,492.241397050693,.\Image\Alignment\2017\03\31\06.40.46 698\Head4.jpg
2017.03.31 06:40:48 484,TFT_SIDE5.46,90,RETRY,-0.0003,-0.0026,-0.0039,-0.0003,-0.0024,0.00012,True,640.255220904928,479.546957285656,.\Image\Alignment\2017\03\31\06.40.48 484\Head1.jpg,True,640.572884482126,482.609834576923,.\Image\Alignment\2017\03\31\06.40.48 484\Head2.jpg,True,640.898774596989,482.732202382469,.\Image\Alignment\2017\03\31\06.40.48 484\Head3.jpg,True,640.239852184435,479.224864889461,.\Image\Alignment\2017\03\31\06.40.48 484\Head4.jpg
2017.03.31 06:40:50 271,TFT_SIDE5.46,90,OK,-0.0006,0,0.0004,-0.0003,0,0,True,640.155332816589,480.11052233296,.\Image\Alignment\2017\03\31\06.40.50 271\Head1.jpg,True,640.003090623117,483.040581505886,.\Image\Alignment\2017\03\31\06.40.50 271\Head2.jpg,True,639.904385423011,483.34038598295,.\Image\Alignment\2017\03\31\06.40.50 271\Head3.jpg,True,640.081409864371,479.96158226026,.\Image\Alignment\2017\03\31\06.40.50 271\Head4.jpg
2017.03.31 06:43:45 484,TFT_SIDE5.46,0,RETRY,-0.7079,-0.4419,-0.5828,-0.5486,0.5947,0.02819,True,878.939253316761,679.545696767778,.\Image\Alignment\2017\03\31\06.43.45 484\Head1.jpg,True,820.909074144515,658.870683165006,.\Image\Alignment\2017\03\31\06.43.45 484\Head2.jpg,True,857.645194006144,624.93065624849,.\Image\Alignment\2017\03\31\06.43.45 484\Head3.jpg,True,835.057857324221,598.097448523814,.\Image\Alignment\2017\03\31\06.43.45 484\Head4.jpg
2017.03.31 06:43:47 298,TFT_SIDE5.46,0,RETRY,-0.0006,-0.0645,-0.0605,0.0037,-0.0066,-0.00098,True,638.433909572273,476.827944466655,.\Image\Alignment\2017\03\31\06.43.47 298\Head1.jpg,True,653.374750485663,479.757280329481,.\Image\Alignment\2017\03\31\06.43.47 298\Head2.jpg,True,652.293483768182,481.858867899179,.\Image\Alignment\2017\03\31\06.43.47 298\Head3.jpg,True,637.291926558292,479.675985950178,.\Image\Alignment\2017\03\31\06.43.47 298\Head4.jpg
2017.03.31 06:43:48 935,TFT_SIDE5.46,0,RETRY,-0.0013,0.01,0.0065,-0.0024,0,0,True,640.334475262934,479.925234626286,.\Image\Alignment\2017\03\31\06.43.48 935\Head1.jpg,True,637.329266487232,482.458223250833,.\Image\Alignment\2017\03\31\06.43.48 935\Head2.jpg,True,638.253414725537,483.279807897874,.\Image\Alignment\2017\03\31\06.43.48 935\Head3.jpg,True,640.645205589621,480.083052487372,.\Image\Alignment\2017\03\31\06.43.48 935\Head4.jpg
2017.03.31 06:43:50 462,TFT_SIDE5.46,0,OK,0.0004,-0.0015,-0.0004,0,0,0,True,639.889506806921,479.864727673886,.\Image\Alignment\2017\03\31\06.43.50 462\Head1.jpg,True,640.409235177655,482.257782577305,.\Image\Alignment\2017\03\31\06.43.50 462\Head2.jpg,True,640.106467877423,483.163720191212,.\Image\Alignment\2017\03\31\06.43.50 462\Head3.jpg,True,640.003659306658,480.061492327927,.\Image\Alignment\2017\03\31\06.43.50 462\Head4.jpg
2017.03.31 06:44:08 973,TFT_SIDE5.46,90,RETRY,-0.8082,-0.6622,-0.7999,-0.6478,0.1384,0.01778,True,881.700629790614,546.603683753034,.\Image\Alignment\2017\03\31\06.44.08 973\Head1.jpg,True,824.84525788441,529.277942574044,.\Image\Alignment\2017\03\31\06.44.08 973\Head2.jpg,True,861.117283448414,521.908894294854,.\Image\Alignment\2017\03\31\06.44.08 973\Head3.jpg,True,838.058437627573,497.399856259667,.\Image\Alignment\2017\03\31\06.44.08 973\Head4.jpg
2017.03.31 06:44:10 800,TFT_SIDE5.46,90,RETRY,-0.0091,0.0607,0.0603,-0.0063,0.0424,-0.0015,True,640.273185411879,488.807716880475,.\Image\Alignment\2017\03\31\06.44.10 800\Head1.jpg,True,622.906032496921,493.923935392123,.\Image\Alignment\2017\03\31\06.44.10 800\Head2.jpg,True,622.982198732516,494.745539259306,.\Image\Alignment\2017\03\31\06.44.10 800\Head3.jpg,True,639.448976477926,492.972567811659,.\Image\Alignment\2017\03\31\06.44.10 800\Head4.jpg
2017.03.31 06:44:12 531,TFT_SIDE5.46,90,OK,0.0009,-0.0036,-0.0036,0.0007,0,0,True,639.768061252992,478.966738941401,.\Image\Alignment\2017\03\31\06.44.12 531\Head1.jpg,True,640.957176571338,482.431680338943,.\Image\Alignment\2017\03\31\06.44.12 531\Head2.jpg,True,640.960797120768,482.614269317118,.\Image\Alignment\2017\03\31\06.44.12 531\Head3.jpg,True,639.816338852869,479.216987716651,.\Image\Alignment\2017\03\31\06.44.12 531\Head4.jpg
2017.03.31 06:47:10 758,TFT_SIDE5.46,0,RETRY,-0.8314,-0.5922,-0.7308,-0.673,0.6234,0.03746,True,928.305596148512,700.685170757252,.\Image\Alignment\2017\03\31\06.47.10 758\Head1.jpg,True,870.374700419724,671.294554276632,.\Image\Alignment\2017\03\31\06.47.10 758\Head2.jpg,True,906.455218010547,632.310708665431,.\Image\Alignment\2017\03\31\06.47.10 758\Head3.jpg,True,884.485500656933,592.536001331482,.\Image\Alignment\2017\03\31\06.47.10 758\Head4.jpg
2017.03.31 06:47:12 584,TFT_SIDE5.46,0,RETRY,-0.0033,-0.0323,-0.0325,-0.0022,0.0112,-0.00036,True,640.251276684042,482.467567934388,.\Image\Alignment\2017\03\31\06.47.12 584\Head1.jpg,True,647.465127894222,485.635085649592,.\Image\Alignment\2017\03\31\06.47.12 584\Head2.jpg,True,647.492299552576,486.268914474945,.\Image\Alignment\2017\03\31\06.47.12 584\Head3.jpg,True,639.944089357591,483.506927534721,.\Image\Alignment\2017\03\31\06.47.12 584\Head4.jpg
2017.03.31 06:47:14 384,TFT_SIDE5.46,0,OK,-0.0002,0.001,0.002,0.0018,0,0,True,640.065206446063,480.304400339939,.\Image\Alignment\2017\03\31\06.47.14 384\Head1.jpg,True,639.725676233587,483.190041566142,.\Image\Alignment\2017\03\31\06.47.14 384\Head2.jpg,True,639.468041953228,483.690498529355,.\Image\Alignment\2017\03\31\06.47.14 384\Head3.jpg,True,639.522607697628,480.215705202699,.\Image\Alignment\2017\03\31\06.47.14 384\Head4.jpg
2017.03.31 06:47:32 825,TFT_SIDE5.46,90,RETRY,-0.8545,-0.7271,-0.8666,-0.6923,-0.0113,0.02778,True,908.573133406899,523.392478914841,.\Image\Alignment\2017\03\31\06.47.32 825\Head1.jpg,True,851.233442740958,497.894978876759,.\Image\Alignment\2017\03\31\06.47.32 825\Head2.jpg,True,888.11454148284,482.231180771662,.\Image\Alignment\2017\03\31\06.47.32 825\Head3.jpg,True,864.597792283063,446.339856639624,.\Image\Alignment\2017\03\31\06.47.32 825\Head4.jpg
2017.03.31 06:47:34 705,TFT_SIDE5.46,90,RETRY,-0.0117,0.0777,0.0804,-0.0122,0.0666,-0.00205,True,640.153620793345,494.34250591974,.\Image\Alignment\2017\03\31\06.47.34 705\Head1.jpg,True,618.162039606547,499.931139436841,.\Image\Alignment\2017\03\31\06.47.34 705\Head2.jpg,True,617.379615474289,500.95842414905,.\Image\Alignment\2017\03\31\06.47.34 705\Head3.jpg,True,640.203494617412,500.055832959852,.\Image\Alignment\2017\03\31\06.47.34 705\Head4.jpg
2017.03.31 06:47:36 518,TFT_SIDE5.46,90,OK,0.0026,-0.005,-0.0064,0.0009,0,0,True,639.301366016446,478.850320965102,.\Image\Alignment\2017\03\31\06.47.36 518\Head1.jpg,True,641.327231589152,482.439857577364,.\Image\Alignment\2017\03\31\06.47.36 518\Head2.jpg,True,641.704464599,482.280767227007,.\Image\Alignment\2017\03\31\06.47.36 518\Head3.jpg,True,639.763634558492,478.602530255271,.\Image\Alignment\2017\03\31\06.47.36 518\Head4.jpg
2017.03.31 06:50:59 241,TFT_SIDE5.46,0,RETRY,-0.8054,-0.5665,-0.704,-0.6491,0.5044,0.02901,True,906.408376013472,656.608593186524,.\Image\Alignment\2017\03\31\06.50.59 241\Head1.jpg,True,849.622038006875,636.993644007555,.\Image\Alignment\2017\03\31\06.50.59 241\Head2.jpg,True,885.512112148642,605.550461940945,.\Image\Alignment\2017\03\31\06.50.59 241\Head3.jpg,True,863.360402002229,573.037788241834,.\Image\Alignment\2017\03\31\06.50.59 241\Head4.jpg
2017.03.31 06:51:01 149,TFT_SIDE5.46,0,RETRY,-0.0018,-0.0406,-0.0432,0.0017,0.0109,-0.00034,True,639.893035053856,482.414535750748,.\Image\Alignment\2017\03\31\06.51.01 149\Head1.jpg,True,647.349168146095,484.726666780437,.\Image\Alignment\2017\03\31\06.51.01 149\Head2.jpg,True,648.002278575246,486.633162630833,.\Image\Alignment\2017\03\31\06.51.01 149\Head3.jpg,True,638.932834518061,483.380306618807,.\Image\Alignment\2017\03\31\06.51.01 149\Head4.jpg
2017.03.31 06:51:02 893,TFT_SIDE5.46,0,RETRY,-0.001,0.0012,0.0023,-0.003,0.0004,-0.00021,True,639.893648044258,479.793010706287,.\Image\Alignment\2017\03\31\06.51.02 893\Head1.jpg,True,637.257397978361,482.372505039688,.\Image\Alignment\2017\03\31\06.51.02 893\Head2.jpg,True,636.952168969442,483.689137638831,.\Image\Alignment\2017\03\31\06.51.02 893\Head3.jpg,True,640.419739509537,480.414501621855,.\Image\Alignment\2017\03\31\06.51.02 893\Head4.jpg
2017.03.31 06:51:04 626,TFT_SIDE5.46,0,RETRY,-0.0016,0.0015,0.0022,-0.0012,-0.0003,-0.0001,True,640.237847206842,479.769644247847,.\Image\Alignment\2017\03\31\06.51.04 626\Head1.jpg,True,637.733769151794,482.246819098266,.\Image\Alignment\2017\03\31\06.51.04 626\Head2.jpg,True,637.547506218153,483.255211782238,.\Image\Alignment\2017\03\31\06.51.04 626\Head3.jpg,True,640.140060143776,480.069809988082,.\Image\Alignment\2017\03\31\06.51.04 626\Head4.jpg
2017.03.31 06:51:06 316,TFT_SIDE5.46,0,OK,0.0005,0.0068,0.0041,0.0012,0,0,True,639.867991586173,480.11196527336,.\Image\Alignment\2017\03\31\06.51.06 316\Head1.jpg,True,638.176354510881,482.587364932908,.\Image\Alignment\2017\03\31\06.51.06 316\Head2.jpg,True,638.91835781754,483.43620744474,.\Image\Alignment\2017\03\31\06.51.06 316\Head3.jpg,True,639.671054067704,480.007479719206,.\Image\Alignment\2017\03\31\06.51.06 316\Head4.jpg
2017.03.31 06:51:24 866,TFT_SIDE5.46,90,RETRY,-0.7358,-0.5864,-0.7233,-0.5763,0.0364,0.01838,True,863.205105361793,520.36863630867,.\Image\Alignment\2017\03\31\06.51.24 866\Head1.jpg,True,807.35227305269,503.237928647068,.\Image\Alignment\2017\03\31\06.51.24 866\Head2.jpg,True,843.521655233117,493.370561178941,.\Image\Alignment\2017\03\31\06.51.24 866\Head3.jpg,True,820.02088118252,469.507857078504,.\Image\Alignment\2017\03\31\06.51.24 866\Head4.jpg
2017.03.31 06:51:26 748,TFT_SIDE5.46,90,RETRY,-0.0087,0.057,0.0528,-0.01,0.0427,-0.00119,True,640.609345474488,489.403267260692,.\Image\Alignment\2017\03\31\06.51.26 748\Head1.jpg,True,624.044252164356,493.979052413782,.\Image\Alignment\2017\03\31\06.51.26 748\Head2.jpg,True,625.102509849151,494.681308199772,.\Image\Alignment\2017\03\31\06.51.26 748\Head3.jpg,True,640.891019726457,492.713260759732,.\Image\Alignment\2017\03\31\06.51.26 748\Head4.jpg
2017.03.31 06:51:28 439,TFT_SIDE5.46,90,OK,0.0013,-0.0051,-0.0015,0.0014,0,0,True,639.654712726427,479.272310507237,.\Image\Alignment\2017\03\31\06.51.28 439\Head1.jpg,True,641.359760782122,482.666432920299,.\Image\Alignment\2017\03\31\06.51.28 439\Head2.jpg,True,640.40301018548,482.584380376429,.\Image\Alignment\2017\03\31\06.51.28 439\Head3.jpg,True,639.639289014179,479.143952691496,.\Image\Alignment\2017\03\31\06.51.28 439\Head4.jpg
2017.03.31 06:54:04 009,TFT_SIDE5.46,0,RETRY,-0.7267,-0.5304,-0.6722,-0.5649,0.4657,0.0387,True,902.487354433878,660.367226565475,.\Image\Alignment\2017\03\31\06.54.04 009\Head1.jpg,True,844.165682788528,624.644668591416,.\Image\Alignment\2017\03\31\06.54.04 009\Head2.jpg,True,881.257788165813,590.929430621032,.\Image\Alignment\2017\03\31\06.54.04 009\Head3.jpg,True,858.104051421382,548.689682368856,.\Image\Alignment\2017\03\31\06.54.04 009\Head4.jpg
2017.03.31 06:54:05 862,TFT_SIDE5.46,0,RETRY,-0.0064,0.0068,0.0098,-0.0075,0.0047,-0.00122,True,639.556151494041,479.507623244357,.\Image\Alignment\2017\03\31\06.54.05 862\Head1.jpg,True,635.254634297129,483.385054585845,.\Image\Alignment\2017\03\31\06.54.05 862\Head2.jpg,True,634.458670374034,484.970224289399,.\Image\Alignment\2017\03\31\06.54.05 862\Head3.jpg,True,639.833665749311,483.031600704267,.\Image\Alignment\2017\03\31\06.54.05 862\Head4.jpg
2017.03.31 06:54:07 567,TFT_SIDE5.46,0,OK,-0.0017,0.0011,-0.0013,-0.0023,0,0,True,640.448435398346,480.664444697396,.\Image\Alignment\2017\03\31\06.54.07 567\Head1.jpg,True,639.706083954663,483.23436707459,.\Image\Alignment\2017\03\31\06.54.07 567\Head2.jpg,True,640.346044901719,484.309790863474,.\Image\Alignment\2017\03\31\06.54.07 567\Head3.jpg,True,640.600726811463,480.639155126489,.\Image\Alignment\2017\03\31\06.54.07 567\Head4.jpg
2017.03.31 06:54:26 094,TFT_SIDE5.46,90,RETRY,-0.6922,-0.5745,-0.7113,-0.5289,0.0931,0.02812,True,865.714212603545,551.841329022571,.\Image\Alignment\2017\03\31\06.54.26 094\Head1.jpg,True,808.954273751458,522.411631652353,.\Image\Alignment\2017\03\31\06.54.26 094\Head2.jpg,True,845.059141933356,508.182898573782,.\Image\Alignment\2017\03\31\06.54.26 094\Head3.jpg,True,821.465212074114,473.507579036628,.\Image\Alignment\2017\03\31\06.54.26 094\Head4.jpg
2017.03.31 06:54:27 934,TFT_SIDE5.46,90,RETRY,-0.0107,0.0858,0.0856,-0.0114,0.0629,-0.002,True,639.957432376412,493.456586162132,.\Image\Alignment\2017\03\31\06.54.27 934\Head1.jpg,True,615.752302301569,498.360915445069,.\Image\Alignment\2017\03\31\06.54.27 934\Head2.jpg,True,615.743800490367,499.611062069624,.\Image\Alignment\2017\03\31\06.54.27 934\Head3.jpg,True,640.051671881811,499.01841881689,.\Image\Alignment\2017\03\31\06.54.27 934\Head4.jpg
2017.03.31 06:54:29 816,TFT_SIDE5.46,90,RETRY,-0.0011,-0.0058,-0.0056,-0.0005,-0.0045,0.00019,True,640.572123985347,479.11318026019,.\Image\Alignment\2017\03\31\06.54.29 816\Head1.jpg,True,641.451604608449,481.833074691936,.\Image\Alignment\2017\03\31\06.54.29 816\Head2.jpg,True,641.390491250315,481.924399514797,.\Image\Alignment\2017\03\31\06.54.29 816\Head3.jpg,True,640.423198266856,478.584142782389,.\Image\Alignment\2017\03\31\06.54.29 816\Head4.jpg
2017.03.31 06:54:31 424,TFT_SIDE5.46,90,OK,0.0023,0.0028,0.0022,0.0003,0,0,True,639.379637651428,480.045295384654,.\Image\Alignment\2017\03\31\06.54.31 424\Head1.jpg,True,639.249139399875,482.931415001857,.\Image\Alignment\2017\03\31\06.54.31 424\Head2.jpg,True,639.410971608738,483.313166326768,.\Image\Alignment\2017\03\31\06.54.31 424\Head3.jpg,True,639.910645632247,480.152200962354,.\Image\Alignment\2017\03\31\06.54.31 424\Head4.jpg
2017.03.31 07:07:03 804,TFT_SIDE5.46,0,RETRY,-0.9308,-0.5641,-0.7056,-0.7733,0.4577,0.02241,True,928.273387674614,634.553388183406,.\Image\Alignment\2017\03\31\07.07.03 804\Head1.jpg,True,870.170446959548,636.89559151466,.\Image\Alignment\2017\03\31\07.07.03 804\Head2.jpg,True,907.162734022871,593.942700111545,.\Image\Alignment\2017\03\31\07.07.03 804\Head3.jpg,True,884.828979824544,570.283037464947,.\Image\Alignment\2017\03\31\07.07.03 804\Head4.jpg
2017.03.31 07:07:05 673,TFT_SIDE5.46,0,RETRY,0.0112,-0.1466,-0.1483,0.0137,0.0563,0.00135,True,639.406046955901,496.980634214053,.\Image\Alignment\2017\03\31\07.07.05 673\Head1.jpg,True,680.09955719827,498.088147506495,.\Image\Alignment\2017\03\31\07.07.05 673\Head2.jpg,True,680.442418320328,497.60691066423,.\Image\Alignment\2017\03\31\07.07.05 673\Head3.jpg,True,638.681605561975,492.989842607975,.\Image\Alignment\2017\03\31\07.07.05 673\Head4.jpg
2017.03.31 07:07:07 459,TFT_SIDE5.46,0,OK,0.0003,0.0039,0.0075,0.0025,0,0,True,639.911178721029,479.94946997506,.\Image\Alignment\2017\03\31\07.07.07 459\Head1.jpg,True,638.96446876243,482.646673986491,.\Image\Alignment\2017\03\31\07.07.07 459\Head2.jpg,True,637.999709013258,483.487842112106,.\Image\Alignment\2017\03\31\07.07.07 459\Head3.jpg,True,639.342419828473,480.035861067917,.\Image\Alignment\2017\03\31\07.07.07 459\Head4.jpg
2017.03.31 07:07:26 010,TFT_SIDE5.46,90,RETRY,-0.7382,-0.5717,-0.7073,-0.5744,-0.067,0.01368,True,857.015250887052,484.912908020575,.\Image\Alignment\2017\03\31\07.07.26 010\Head1.jpg,True,800.722513712916,474.142762444765,.\Image\Alignment\2017\03\31\07.07.26 010\Head2.jpg,True,836.651477877128,466.752635541198,.\Image\Alignment\2017\03\31\07.07.26 010\Head3.jpg,True,812.821939185048,447.350299140746,.\Image\Alignment\2017\03\31\07.07.26 010\Head4.jpg
2017.03.31 07:07:27 877,TFT_SIDE5.46,90,RETRY,-0.0085,0.0417,0.0375,-0.0088,0.0368,-0.00127,True,640.435601378335,487.710464916532,.\Image\Alignment\2017\03\31\07.07.27 877\Head1.jpg,True,627.908827339748,492.231181540811,.\Image\Alignment\2017\03\31\07.07.27 877\Head2.jpg,True,628.978583109497,493.130460715848,.\Image\Alignment\2017\03\31\07.07.27 877\Head3.jpg,True,640.471727934003,491.242371323651,.\Image\Alignment\2017\03\31\07.07.27 877\Head4.jpg
2017.03.31 07:07:29 703,TFT_SIDE5.46,90,OK,0,-0.0045,-0.0024,0.0002,0,0,True,640.005152541212,479.282397157663,.\Image\Alignment\2017\03\31\07.07.29 703\Head1.jpg,True,641.2034754036,482.51985902153,.\Image\Alignment\2017\03\31\07.07.29 703\Head2.jpg,True,640.63427781465,482.615137720733,.\Image\Alignment\2017\03\31\07.07.29 703\Head3.jpg,True,639.955723588714,479.536501923105,.\Image\Alignment\2017\03\31\07.07.29 703\Head4.jpg
2017.03.31 07:09:16 528,TFT_SIDE5.46,0,RETRY,-0.7251,-0.5665,-0.705,-0.5655,0.5216,0.04505,True,913.291977945976,684.543196078202,.\Image\Alignment\2017\03\31\07.09.16 528\Head1.jpg,True,855.492977102523,640.338625785807,.\Image\Alignment\2017\03\31\07.09.16 528\Head2.jpg,True,891.673205811644,605.700062656206,.\Image\Alignment\2017\03\31\07.09.16 528\Head3.jpg,True,869.418302229466,554.417758189477,.\Image\Alignment\2017\03\31\07.09.16 528\Head4.jpg
2017.03.31 07:09:18 422,TFT_SIDE5.46,0,RETRY,-0.0086,0.0443,0.0423,-0.0064,0.0015,-0.00158,True,639.522284863218,478.125396216023,.\Image\Alignment\2017\03\31\07.09.18 422\Head1.jpg,True,624.853593565522,482.597688444096,.\Image\Alignment\2017\03\31\07.09.18 422\Head2.jpg,True,625.361029556462,484.399642643273,.\Image\Alignment\2017\03\31\07.09.18 422\Head3.jpg,True,638.911057462516,482.693847333451,.\Image\Alignment\2017\03\31\07.09.18 422\Head4.jpg
2017.03.31 07:09:20 194,TFT_SIDE5.46,0,OK,0.0002,0.0008,0.0008,-0.0004,0,0,True,639.934372959315,480.171862849391,.\Image\Alignment\2017\03\31\07.09.20 194\Head1.jpg,True,639.776401084778,483.197631853734,.\Image\Alignment\2017\03\31\07.09.20 194\Head2.jpg,True,639.783656277259,483.56913330396,.\Image\Alignment\2017\03\31\07.09.20 194\Head3.jpg,True,640.09340146236,480.108800370947,.\Image\Alignment\2017\03\31\07.09.20 194\Head4.jpg
2017.03.31 07:09:38 803,TFT_SIDE5.46,90,RETRY,-0.7417,-0.6455,-0.7814,-0.5773,0.0818,0.03463,True,888.382640895079,559.743268959216,.\Image\Alignment\2017\03\31\07.09.38 803\Head1.jpg,True,831.588009258177,522.784541049586,.\Image\Alignment\2017\03\31\07.09.38 803\Head2.jpg,True,867.427312163024,505.192718784657,.\Image\Alignment\2017\03\31\07.09.38 803\Head3.jpg,True,843.813863323679,463.201970144091,.\Image\Alignment\2017\03\31\07.09.38 803\Head4.jpg
2017.03.31 07:09:40 630,TFT_SIDE5.46,90,RETRY,-0.0157,0.1075,0.1058,-0.0157,0.0753,-0.00235,True,640.806317880761,496.172895111219,.\Image\Alignment\2017\03\31\07.09.40 630\Head1.jpg,True,609.575601297577,501.589470156063,.\Image\Alignment\2017\03\31\07.09.40 630\Head2.jpg,True,609.965411814229,503.195579455882,.\Image\Alignment\2017\03\31\07.09.40 630\Head3.jpg,True,640.696810595147,502.702092395307,.\Image\Alignment\2017\03\31\07.09.40 630\Head4.jpg
2017.03.31 07:09:42 498,TFT_SIDE5.46,90,RETRY,0.0017,-0.0087,-0.0078,0.0012,-0.0043,0.00013,True,639.736085260576,479.065294720597,.\Image\Alignment\2017\03\31\07.09.42 498\Head1.jpg,True,641.992477407088,481.822319897361,.\Image\Alignment\2017\03\31\07.09.42 498\Head2.jpg,True,641.748748072391,482.123545168856,.\Image\Alignment\2017\03\31\07.09.42 498\Head3.jpg,True,639.88161948609,478.696862838726,.\Image\Alignment\2017\03\31\07.09.42 498\Head4.jpg
2017.03.31 07:09:44 202,TFT_SIDE5.46,90,OK,-0.0018,0.0035,0.0021,-0.001,0,0,True,640.474367707194,479.903465994589,.\Image\Alignment\2017\03\31\07.09.44 202\Head1.jpg,True,639.072192404056,482.987684362327,.\Image\Alignment\2017\03\31\07.09.44 202\Head2.jpg,True,639.43078829474,483.070867484576,.\Image\Alignment\2017\03\31\07.09.44 202\Head3.jpg,True,640.273262370784,479.900684420427,.\Image\Alignment\2017\03\31\07.09.44 202\Head4.jpg
2017.03.31 07:12:38 361,TFT_SIDE5.46,0,RETRY,-0.9513,-0.7572,-0.8999,-0.7938,0.4289,0.01407,True,919.005896182197,614.736466468253,.\Image\Alignment\2017\03\31\07.12.38 361\Head1.jpg,True,860.633798100026,598.984181991635,.\Image\Alignment\2017\03\31\07.12.38 361\Head2.jpg,True,897.951190442903,589.265542023464,.\Image\Alignment\2017\03\31\07.12.38 361\Head3.jpg,True,875.605299362623,574.646930038768,.\Image\Alignment\2017\03\31\07.12.38 361\Head4.jpg
2017.03.31 07:12:40 242,TFT_SIDE5.46,0,RETRY,-0.0224,-0.0081,-0.0086,-0.0202,-0.0065,-0.00328,True,640.200654896863,473.541997947201,.\Image\Alignment\2017\03\31\07.12.40 242\Head1.jpg,True,634.901875711621,479.486784116604,.\Image\Alignment\2017\03\31\07.12.40 242\Head2.jpg,True,635.031102747182,483.434239047446,.\Image\Alignment\2017\03\31\07.12.40 242\Head3.jpg,True,639.6008116902,483.043757407254,.\Image\Alignment\2017\03\31\07.12.40 242\Head4.jpg
2017.03.31 07:12:42 041,TFT_SIDE5.46,0,OK,0.0007,0.0053,0.0052,0.0007,0,0,True,639.807355963362,480.319848683639,.\Image\Alignment\2017\03\31\07.12.42 041\Head1.jpg,True,638.581556689746,483.250043968531,.\Image\Alignment\2017\03\31\07.12.42 041\Head2.jpg,True,638.625023757085,483.73299048368,.\Image\Alignment\2017\03\31\07.12.42 041\Head3.jpg,True,639.816498277076,480.133496037929,.\Image\Alignment\2017\03\31\07.12.42 041\Head4.jpg
2017.03.31 07:13:00 539,TFT_SIDE5.46,90,RETRY,-0.6524,-0.4522,-0.5908,-0.4894,-0.0935,-0.0008,True,813.039978368803,453.572528527729,.\Image\Alignment\2017\03\31\07.13.00 539\Head1.jpg,True,756.172731243325,456.068443601557,.\Image\Alignment\2017\03\31\07.13.00 539\Head2.jpg,True,792.949710049419,460.235577270943,.\Image\Alignment\2017\03\31\07.13.00 539\Head3.jpg,True,769.21377914782,456.592593919307,.\Image\Alignment\2017\03\31\07.13.00 539\Head4.jpg
2017.03.31 07:13:02 381,TFT_SIDE5.46,90,RETRY,-0.0016,0.0099,0.0102,-0.0016,0.0059,0.00011,True,640.584412755564,481.770391644347,.\Image\Alignment\2017\03\31\07.13.02 381\Head1.jpg,True,637.073019240957,484.511193681204,.\Image\Alignment\2017\03\31\07.13.02 381\Head2.jpg,True,636.976880213428,484.771209957559,.\Image\Alignment\2017\03\31\07.13.02 381\Head3.jpg,True,640.591615107224,481.450670259539,.\Image\Alignment\2017\03\31\07.13.02 381\Head4.jpg
2017.03.31 07:13:04 125,TFT_SIDE5.46,90,OK,0.0011,0.0004,0.0019,0.0003,0,0,True,639.693776199536,480.134183726244,.\Image\Alignment\2017\03\31\07.13.04 125\Head1.jpg,True,639.881411535791,483.239374327206,.\Image\Alignment\2017\03\31\07.13.04 125\Head2.jpg,True,639.493612651557,483.481424622184,.\Image\Alignment\2017\03\31\07.13.04 125\Head3.jpg,True,639.918589132945,480.312452045394,.\Image\Alignment\2017\03\31\07.13.04 125\Head4.jpg
2017.03.31 07:16:00 062,TFT_SIDE5.46,0,RETRY,-0.6491,-0.4244,-0.5654,-0.4938,0.4882,0.04078,True,885.426416810504,669.405362011871,.\Image\Alignment\2017\03\31\07.16.00 062\Head1.jpg,True,828.484261461482,636.869188677771,.\Image\Alignment\2017\03\31\07.16.00 062\Head2.jpg,True,865.383746794339,596.261580660744,.\Image\Alignment\2017\03\31\07.16.00 062\Head3.jpg,True,842.811101764474,551.59911314045,.\Image\Alignment\2017\03\31\07.16.00 062\Head4.jpg
2017.03.31 07:16:01 903,TFT_SIDE5.46,0,RETRY,-0.002,-0.0193,-0.0216,0.0013,-0.0016,-2E-05,True,640.515431434512,479.542575486042,.\Image\Alignment\2017\03\31\07.16.01 903\Head1.jpg,True,643.715377566549,482.207848117211,.\Image\Alignment\2017\03\31\07.16.01 903\Head2.jpg,True,644.2931509453,483.002161401394,.\Image\Alignment\2017\03\31\07.16.01 903\Head3.jpg,True,639.628751699169,479.59249404614,.\Image\Alignment\2017\03\31\07.16.01 903\Head4.jpg
2017.03.31 07:16:03 662,TFT_SIDE5.46,0,OK,0.0004,0.0059,0.0081,0.0009,0,0,True,639.902393836142,479.761081583269,.\Image\Alignment\2017\03\31\07.16.03 662\Head1.jpg,True,638.42524870989,482.724242851342,.\Image\Alignment\2017\03\31\07.16.03 662\Head2.jpg,True,637.830688859454,483.312650930099,.\Image\Alignment\2017\03\31\07.16.03 662\Head3.jpg,True,639.768496988454,479.722186999985,.\Image\Alignment\2017\03\31\07.16.03 662\Head4.jpg
2017.03.31 07:16:22 187,TFT_SIDE5.46,90,RETRY,-0.7022,-0.5938,-0.7299,-0.5412,0.171,0.03155,True,873.357091207745,578.396569511775,.\Image\Alignment\2017\03\31\07.16.22 187\Head1.jpg,True,817.009236996881,545.762015006386,.\Image\Alignment\2017\03\31\07.16.22 187\Head2.jpg,True,852.836649322644,528.892714664941,.\Image\Alignment\2017\03\31\07.16.22 187\Head3.jpg,True,829.627681635271,490.352991736804,.\Image\Alignment\2017\03\31\07.16.22 187\Head4.jpg
2017.03.31 07:16:23 918,TFT_SIDE5.46,90,RETRY,-0.0129,0.0949,0.0943,-0.0144,0.07,-0.00201,True,640.5412213771,495.318517769945,.\Image\Alignment\2017\03\31\07.16.23 918\Head1.jpg,True,613.241457541924,500.437180877393,.\Image\Alignment\2017\03\31\07.16.23 918\Head2.jpg,True,613.348897568069,501.764523615435,.\Image\Alignment\2017\03\31\07.16.23 918\Head3.jpg,True,640.846950499539,500.899688130405,.\Image\Alignment\2017\03\31\07.16.23 918\Head4.jpg
2017.03.31 07:16:25 745,TFT_SIDE5.46,90,OK,0.0011,-0.0053,-0.0053,0.0009,0,0,True,639.709452061569,478.530808025935,.\Image\Alignment\2017\03\31\07.16.25 745\Head1.jpg,True,641.414852328486,481.571000965206,.\Image\Alignment\2017\03\31\07.16.25 745\Head2.jpg,True,641.414380118968,481.81967569592,.\Image\Alignment\2017\03\31\07.16.25 745\Head3.jpg,True,639.769451999212,478.76874863996,.\Image\Alignment\2017\03\31\07.16.25 745\Head4.jpg
2017.03.31 07:19:21 694,TFT_SIDE5.46,0,RETRY,-0.9236,-0.7053,-0.8452,-0.7671,0.5057,0.00682,True,898.805854413948,624.701194064639,.\Image\Alignment\2017\03\31\07.19.21 694\Head1.jpg,True,840.865269534854,623.26301353777,.\Image\Alignment\2017\03\31\07.19.21 694\Head2.jpg,True,877.368490107953,616.738796273124,.\Image\Alignment\2017\03\31\07.19.21 694\Head3.jpg,True,855.598193881083,605.472977544817,.\Image\Alignment\2017\03\31\07.19.21 694\Head4.jpg
2017.03.31 07:19:23 533,TFT_SIDE5.46,0,RETRY,0.0001,-0.0089,-0.0103,0.0035,0.0084,-0.00013,True,639.744937678093,482.041987842497,.\Image\Alignment\2017\03\31\07.19.23 533\Head1.jpg,True,641.146411137606,484.821664666442,.\Image\Alignment\2017\03\31\07.19.23 533\Head2.jpg,True,641.497427070254,485.486771029148,.\Image\Alignment\2017\03\31\07.19.23 533\Head3.jpg,True,638.830900560845,482.419908137472,.\Image\Alignment\2017\03\31\07.19.23 533\Head4.jpg
2017.03.31 07:19:25 279,TFT_SIDE5.46,0,RETRY,0.0007,-0.0037,-0.0018,0.0004,0.0001,0.00011,True,640.016525221778,480.196172643635,.\Image\Alignment\2017\03\31\07.19.25 279\Head1.jpg,True,639.645811560209,482.788907858593,.\Image\Alignment\2017\03\31\07.19.25 279\Head2.jpg,True,639.130233399861,483.523316940408,.\Image\Alignment\2017\03\31\07.19.25 279\Head3.jpg,True,640.103144701802,479.869598479337,.\Image\Alignment\2017\03\31\07.19.25 279\Head4.jpg
2017.03.31 07:19:26 983,TFT_SIDE5.46,0,OK,-0.0005,0.0052,0.0055,0.0003,0,0,True,640.134694722913,479.980489613085,.\Image\Alignment\2017\03\31\07.19.26 983\Head1.jpg,True,638.60296793468,482.85856529752,.\Image\Alignment\2017\03\31\07.19.26 983\Head2.jpg,True,638.526435802394,483.46961141982,.\Image\Alignment\2017\03\31\07.19.26 983\Head3.jpg,True,639.933295329288,480.218700697866,.\Image\Alignment\2017\03\31\07.19.26 983\Head4.jpg
2017.03.31 07:19:45 551,TFT_SIDE5.46,90,RETRY,-0.7457,-0.5227,-0.6598,-0.5823,-0.0351,-0.00469,True,832.31430428678,462.606521558277,.\Image\Alignment\2017\03\31\07.19.45 551\Head1.jpg,True,775.676061617083,471.697724034433,.\Image\Alignment\2017\03\31\07.19.45 551\Head2.jpg,True,811.991966022864,475.228029852227,.\Image\Alignment\2017\03\31\07.19.45 551\Head3.jpg,True,788.206918379504,476.635163614189,.\Image\Alignment\2017\03\31\07.19.45 551\Head4.jpg
2017.03.31 07:19:47 433,TFT_SIDE5.46,90,RETRY,0,-0.0134,-0.0133,-0.0004,-0.0026,0.00021,True,640.297152119755,479.662521228443,.\Image\Alignment\2017\03\31\07.19.47 433\Head1.jpg,True,643.389662371179,482.196524685723,.\Image\Alignment\2017\03\31\07.19.47 433\Head2.jpg,True,643.353338795735,482.372328786412,.\Image\Alignment\2017\03\31\07.19.47 433\Head3.jpg,True,640.408460849268,479.077024746961,.\Image\Alignment\2017\03\31\07.19.47 433\Head4.jpg
2017.03.31 07:19:49 176,TFT_SIDE5.46,90,OK,-0.0004,0.0017,0.0022,-0.0011,0,0,True,640.097995032738,480.000511304176,.\Image\Alignment\2017\03\31\07.19.49 176\Head1.jpg,True,639.549184655207,483.095271560811,.\Image\Alignment\2017\03\31\07.19.49 176\Head2.jpg,True,639.410967398775,483.12515687437,.\Image\Alignment\2017\03\31\07.19.49 176\Head3.jpg,True,640.282587028792,479.961099318158,.\Image\Alignment\2017\03\31\07.19.49 176\Head4.jpg
2017.03.31 07:22:47 135,TFT_SIDE5.46,0,RETRY,-0.8385,-0.6021,-0.7426,-0.683,0.3912,0.01584,True,891.998005007412,607.261440818339,.\Image\Alignment\2017\03\31\07.22.47 135\Head1.jpg,True,834.715938035226,597.991925481094,.\Image\Alignment\2017\03\31\07.22.47 135\Head2.jpg,True,871.505564993178,579.821258034689,.\Image\Alignment\2017\03\31\07.22.47 135\Head3.jpg,True,849.265014219453,561.966111333106,.\Image\Alignment\2017\03\31\07.22.47 135\Head4.jpg
2017.03.31 07:22:49 044,TFT_SIDE5.46,0,RETRY,0.0026,-0.027,-0.0271,0.0026,0.0023,0.00017,True,639.616407386965,480.866193482817,.\Image\Alignment\2017\03\31\07.22.49 044\Head1.jpg,True,646.388046432004,483.371263823892,.\Image\Alignment\2017\03\31\07.22.49 044\Head2.jpg,True,646.395386264592,483.827661428853,.\Image\Alignment\2017\03\31\07.22.49 044\Head3.jpg,True,639.591858726462,480.371744204228,.\Image\Alignment\2017\03\31\07.22.49 044\Head4.jpg
2017.03.31 07:22:50 831,TFT_SIDE5.46,0,RETRY,-0.001,-0.0142,-0.0187,0.0012,0.001,0.00041,True,640.983007996,480.860757825517,.\Image\Alignment\2017\03\31\07.22.50 831\Head1.jpg,True,638.750864444163,481.20217034649,.\Image\Alignment\2017\03\31\07.22.50 831\Head2.jpg,True,639.929578021406,483.952297367283,.\Image\Alignment\2017\03\31\07.22.50 831\Head3.jpg,True,640.389313532296,479.677833782832,.\Image\Alignment\2017\03\31\07.22.50 831\Head4.jpg
2017.03.31 07:22:52 668,TFT_SIDE5.46,0,RETRY,0.0001,0.0175,0.0201,-0.0012,-0.0029,-0.00035,True,639.345320573015,478.713502949848,.\Image\Alignment\2017\03\31\07.22.52 668\Head1.jpg,True,633.850134912691,481.847267391651,.\Image\Alignment\2017\03\31\07.22.52 668\Head2.jpg,True,633.158414168804,482.643866509683,.\Image\Alignment\2017\03\31\07.22.52 668\Head3.jpg,True,639.703010207908,479.734351175005,.\Image\Alignment\2017\03\31\07.22.52 668\Head4.jpg
2017.03.31 07:22:54 494,TFT_SIDE5.46,0,OK,0.003,0.0029,0.0055,0.0033,0,0,True,639.212997273017,479.581817117087,.\Image\Alignment\2017\03\31\07.22.54 494\Head1.jpg,True,639.234179763799,482.621245131182,.\Image\Alignment\2017\03\31\07.22.54 494\Head2.jpg,True,638.542753802938,482.763546576177,.\Image\Alignment\2017\03\31\07.22.54 494\Head3.jpg,True,639.12492749822,479.491962086277,.\Image\Alignment\2017\03\31\07.22.54 494\Head4.jpg
2017.03.31 07:23:15 362,TFT_SIDE5.46,90,RETRY,-0.619,-0.4234,-0.5609,-0.4576,0.0335,0.00481,True,812.295272392742,496.89067320971,.\Image\Alignment\2017\03\31\07.23.15 362\Head1.jpg,True,755.825579630006,494.617256344737,.\Image\Alignment\2017\03\31\07.23.15 362\Head2.jpg,True,792.196295084778,492.105758532205,.\Image\Alignment\2017\03\31\07.23.15 362\Head3.jpg,True,768.729970203655,483.988976611692,.\Image\Alignment\2017\03\31\07.23.15 362\Head4.jpg
2017.03.31 07:23:17 216,TFT_SIDE5.46,90,RETRY,-0.002,0.0131,0.0149,-0.0027,0.0161,-0.00044,True,639.912248999749,483.566888242488,.\Image\Alignment\2017\03\31\07.23.17 216\Head1.jpg,True,636.170888283375,487.135866113486,.\Image\Alignment\2017\03\31\07.23.17 216\Head2.jpg,True,635.664796682784,487.443685586882,.\Image\Alignment\2017\03\31\07.23.17 216\Head3.jpg,True,640.065418991773,484.776058404352,.\Image\Alignment\2017\03\31\07.23.17 216\Head4.jpg
2017.03.31 07:23:19 044,TFT_SIDE5.46,90,OK,0.0003,-0.0007,-0.0024,0.0006,0,0,True,639.929252565125,479.712948849015,.\Image\Alignment\2017\03\31\07.23.19 044\Head1.jpg,True,640.191875781832,482.74611811647,.\Image\Alignment\2017\03\31\07.23.19 044\Head2.jpg,True,640.630049158158,482.998372247184,.\Image\Alignment\2017\03\31\07.23.19 044\Head3.jpg,True,639.848272533296,479.687105859522,.\Image\Alignment\2017\03\31\07.23.19 044\Head4.jpg
2017.03.31 07:26:11 500,TFT_SIDE5.46,0,RETRY,-0.775,-0.6792,-0.8163,-0.6183,0.525,0.02541,True,891.951519205492,656.892075964506,.\Image\Alignment\2017\03\31\07.26.11 500\Head1.jpg,True,834.941052854361,625.026797394981,.\Image\Alignment\2017\03\31\07.26.11 500\Head2.jpg,True,870.696230340293,617.933308341638,.\Image\Alignment\2017\03\31\07.26.11 500\Head3.jpg,True,848.792437136847,583.65105722448,.\Image\Alignment\2017\03\31\07.26.11 500\Head4.jpg
2017.03.31 07:26:13 351,TFT_SIDE5.46,0,RETRY,-0.0157,0.0982,0.0942,-0.0112,-0.0016,-0.00276,True,639.311574735718,475.593709333405,.\Image\Alignment\2017\03\31\07.26.13 351\Head1.jpg,True,608.029838631043,480.916518077176,.\Image\Alignment\2017\03\31\07.26.13 351\Head2.jpg,True,609.112181707347,484.020172074824,.\Image\Alignment\2017\03\31\07.26.13 351\Head3.jpg,True,638.118236145012,483.587203267514,.\Image\Alignment\2017\03\31\07.26.13 351\Head4.jpg
2017.03.31 07:26:15 179,TFT_SIDE5.46,0,RETRY,-0.002,-0.0047,-0.004,-0.0026,0.0017,-0.00011,True,640.340278846803,480.292964029922,.\Image\Alignment\2017\03\31\07.26.15 179\Head1.jpg,True,639.621414206174,482.868470227757,.\Image\Alignment\2017\03\31\07.26.15 179\Head2.jpg,True,639.42428491502,483.757146030329,.\Image\Alignment\2017\03\31\07.26.15 179\Head3.jpg,True,640.495762335225,480.626092118434,.\Image\Alignment\2017\03\31\07.26.15 179\Head4.jpg
2017.03.31 07:26:17 032,TFT_SIDE5.46,0,OK,0.0007,0.0048,0.0057,-0.0011,0,0,True,639.820588036388,480.214992749966,.\Image\Alignment\2017\03\31\07.26.17 032\Head1.jpg,True,638.725527727917,482.657293066047,.\Image\Alignment\2017\03\31\07.26.17 032\Head2.jpg,True,638.476960613865,483.483633677157,.\Image\Alignment\2017\03\31\07.26.17 032\Head3.jpg,True,640.306477839116,480.263773866641,.\Image\Alignment\2017\03\31\07.26.17 032\Head4.jpg
2017.03.31 07:26:35 560,TFT_SIDE5.46,90,RETRY,-0.7458,-0.5843,-0.7213,-0.5824,0.0627,0.01309,True,858.194912540515,518.532360989126,.\Image\Alignment\2017\03\31\07.26.35 560\Head1.jpg,True,801.401900801339,506.327348726498,.\Image\Alignment\2017\03\31\07.26.35 560\Head2.jpg,True,837.604117550167,501.371034291825,.\Image\Alignment\2017\03\31\07.26.35 560\Head3.jpg,True,813.948299496331,482.510158866321,.\Image\Alignment\2017\03\31\07.26.35 560\Head4.jpg
2017.03.31 07:26:37 428,TFT_SIDE5.46,90,RETRY,-0.0081,0.047,0.0454,-0.0101,0.0336,-0.00172,True,639.663166661974,486.088355783207,.\Image\Alignment\2017\03\31\07.26.37 428\Head1.jpg,True,626.347156516352,491.223324544919,.\Image\Alignment\2017\03\31\07.26.37 428\Head2.jpg,True,626.732221394774,492.251232875107,.\Image\Alignment\2017\03\31\07.26.37 428\Head3.jpg,True,640.148420179438,490.895799040909,.\Image\Alignment\2017\03\31\07.26.37 428\Head4.jpg
2017.03.31 07:26:39 270,TFT_SIDE5.46,90,OK,-0.0003,-0.0058,-0.0046,0.0001,0,0,True,640.084698582979,479.315270435738,.\Image\Alignment\2017\03\31\07.26.39 270\Head1.jpg,True,641.5424151912,482.443420517923,.\Image\Alignment\2017\03\31\07.26.39 270\Head2.jpg,True,641.229021132276,482.725353330831,.\Image\Alignment\2017\03\31\07.26.39 270\Head3.jpg,True,639.968180085933,479.291835805012,.\Image\Alignment\2017\03\31\07.26.39 270\Head4.jpg
2017.03.31 07:29:40 561,TFT_SIDE5.46,0,RETRY,-0.7411,-0.5462,-0.6875,-0.5846,0.5827,0.02785,True,887.203589049732,675.843910656253,.\Image\Alignment\2017\03\31\07.29.40 561\Head1.jpg,True,829.549325003247,649.716399884846,.\Image\Alignment\2017\03\31\07.29.40 561\Head2.jpg,True,866.396777352373,626.227798094602,.\Image\Alignment\2017\03\31\07.29.40 561\Head3.jpg,True,844.043016825746,595.445346460335,.\Image\Alignment\2017\03\31\07.29.40 561\Head4.jpg
2017.03.31 07:29:42 389,TFT_SIDE5.46,0,RETRY,-0.0072,0.0046,0.0052,-0.0027,-0.0184,-0.00155,True,639.174773096524,472.854469449063,.\Image\Alignment\2017\03\31\07.29.42 389\Head1.jpg,True,634.46703067264,476.789257885476,.\Image\Alignment\2017\03\31\07.29.42 389\Head2.jpg,True,634.338268645643,479.123315909303,.\Image\Alignment\2017\03\31\07.29.42 389\Head3.jpg,True,637.9889022378,477.366614710211,.\Image\Alignment\2017\03\31\07.29.42 389\Head4.jpg
2017.03.31 07:29:44 120,TFT_SIDE5.46,0,OK,-0.0003,0.008,0.0037,-0.0002,0,0,True,640.089408499015,480.139620537562,.\Image\Alignment\2017\03\31\07.29.44 120\Head1.jpg,True,637.862700349533,482.667540947215,.\Image\Alignment\2017\03\31\07.29.44 120\Head2.jpg,True,639.024464853404,483.3348573032,.\Image\Alignment\2017\03\31\07.29.44 120\Head3.jpg,True,640.048206353245,480.152849700645,.\Image\Alignment\2017\03\31\07.29.44 120\Head4.jpg
2017.03.31 07:30:02 615,TFT_SIDE5.46,90,RETRY,-0.8103,-0.5764,-0.7125,-0.6522,0.0726,0.01145,True,873.056051248705,518.424531956945,.\Image\Alignment\2017\03\31\07.30.02 615\Head1.jpg,True,817.151754919279,516.626636239473,.\Image\Alignment\2017\03\31\07.30.02 615\Head2.jpg,True,853.104637960564,495.390756053336,.\Image\Alignment\2017\03\31\07.30.02 615\Head3.jpg,True,830.131469866476,487.086759398387,.\Image\Alignment\2017\03\31\07.30.02 615\Head4.jpg
2017.03.31 07:30:04 469,TFT_SIDE5.46,90,RETRY,0.0198,-0.017,-0.0192,0.0208,0.0569,0.00395,True,640.463605255018,501.786234059726,.\Image\Alignment\2017\03\31\07.30.04 469\Head1.jpg,True,646.716189266519,500.3776104905,.\Image\Alignment\2017\03\31\07.30.04 469\Head2.jpg,True,647.230933853426,498.395224161231,.\Image\Alignment\2017\03\31\07.30.04 469\Head3.jpg,True,640.132273978799,490.612177545763,.\Image\Alignment\2017\03\31\07.30.04 469\Head4.jpg
2017.03.31 07:30:06 295,TFT_SIDE5.46,90,RETRY,-0.0025,0.0124,0.0126,-0.0002,0.0077,3E-05,True,640.721071204124,482.11423352141,.\Image\Alignment\2017\03\31\07.30.06 295\Head1.jpg,True,636.554319754904,485.278115689381,.\Image\Alignment\2017\03\31\07.30.06 295\Head2.jpg,True,636.479517144996,485.416620599365,.\Image\Alignment\2017\03\31\07.30.06 295\Head3.jpg,True,640.09613237455,482.012217795027,.\Image\Alignment\2017\03\31\07.30.06 295\Head4.jpg
2017.03.31 07:30:08 096,TFT_SIDE5.46,90,RETRY,0.0014,-0.0009,-0.0011,-0.0016,0.0006,-0.00018,True,639.349176400781,479.850390789566,.\Image\Alignment\2017\03\31\07.30.08 096\Head1.jpg,True,640.074640087545,483.334585908399,.\Image\Alignment\2017\03\31\07.30.08 096\Head2.jpg,True,640.12725978815,483.483371309566,.\Image\Alignment\2017\03\31\07.30.08 096\Head3.jpg,True,640.149235702309,480.369229822983,.\Image\Alignment\2017\03\31\07.30.08 096\Head4.jpg
2017.03.31 07:30:09 854,TFT_SIDE5.46,90,OK,-0.0022,-0.0009,0.0002,-0.0001,0,0,True,640.586267969791,479.87982230839,.\Image\Alignment\2017\03\31\07.30.09 854\Head1.jpg,True,640.245158682667,483.023433555363,.\Image\Alignment\2017\03\31\07.30.09 854\Head2.jpg,True,639.946175611616,483.215313585858,.\Image\Alignment\2017\03\31\07.30.09 854\Head3.jpg,True,640.019984417931,479.745855185461,.\Image\Alignment\2017\03\31\07.30.09 854\Head4.jpg
2017.03.31 07:33:32 277,TFT_SIDE5.46,0,RETRY,-0.7568,-0.5572,-0.6974,-0.5969,0.4581,0.02424,True,885.011677317939,637.327471160009,.\Image\Alignment\2017\03\31\07.33.32 277\Head1.jpg,True,827.05816669015,614.664215437263,.\Image\Alignment\2017\03\31\07.33.32 277\Head2.jpg,True,863.724162752888,594.133395063476,.\Image\Alignment\2017\03\31\07.33.32 277\Head3.jpg,True,841.124717269752,567.522734049092,.\Image\Alignment\2017\03\31\07.33.32 277\Head4.jpg
2017.03.31 07:33:34 131,TFT_SIDE5.46,0,RETRY,-0.0094,-0.0002,-0.0018,-0.0073,0.0048,-0.00162,True,639.642802780693,478.938484674082,.\Image\Alignment\2017\03\31\07.33.34 131\Head1.jpg,True,635.704200743315,483.222437645106,.\Image\Alignment\2017\03\31\07.33.34 131\Head2.jpg,True,636.127082275146,485.582338791401,.\Image\Alignment\2017\03\31\07.33.34 131\Head3.jpg,True,639.07211729108,483.621426538316,.\Image\Alignment\2017\03\31\07.33.34 131\Head4.jpg
2017.03.31 07:33:35 891,TFT_SIDE5.46,0,RETRY,0.0014,-0.0016,0.0002,0.0008,0.0034,0.00029,True,640.139316776976,481.332078313814,.\Image\Alignment\2017\03\31\07.33.35 891\Head1.jpg,True,638.962806148504,482.728658276453,.\Image\Alignment\2017\03\31\07.33.35 891\Head2.jpg,True,638.47166651008,483.529324767532,.\Image\Alignment\2017\03\31\07.33.35 891\Head3.jpg,True,640.292336566121,480.478180031416,.\Image\Alignment\2017\03\31\07.33.35 891\Head4.jpg
2017.03.31 07:33:37 747,TFT_SIDE5.46,0,RETRY,-0.0023,-0.001,-0.001,-0.0025,-0.0016,-0.00027,True,640.127775650675,479.178802913877,.\Image\Alignment\2017\03\31\07.33.37 747\Head1.jpg,True,638.089867238228,481.961276568768,.\Image\Alignment\2017\03\31\07.33.37 747\Head2.jpg,True,638.092660889816,483.142397542537,.\Image\Alignment\2017\03\31\07.33.37 747\Head3.jpg,True,640.188668747174,479.969490292742,.\Image\Alignment\2017\03\31\07.33.37 747\Head4.jpg
2017.03.31 07:33:39 572,TFT_SIDE5.46,0,OK,0.0005,0.0066,0.0066,0.001,0,0,True,639.856627530597,479.658741121179,.\Image\Alignment\2017\03\31\07.33.39 572\Head1.jpg,True,638.233815053522,482.318796127751,.\Image\Alignment\2017\03\31\07.33.39 572\Head2.jpg,True,638.244532231275,483.215472141067,.\Image\Alignment\2017\03\31\07.33.39 572\Head3.jpg,True,639.74011558507,479.896168729824,.\Image\Alignment\2017\03\31\07.33.39 572\Head4.jpg
2017.03.31 07:33:58 136,TFT_SIDE5.46,90,RETRY,-0.6907,-0.5208,-0.6585,-0.527,0.0897,0.01225,True,842.267766489221,524.316621199796,.\Image\Alignment\2017\03\31\07.33.58 136\Head1.jpg,True,785.537551586174,514.101076568212,.\Image\Alignment\2017\03\31\07.33.58 136\Head2.jpg,True,821.888280943152,508.176345241484,.\Image\Alignment\2017\03\31\07.33.58 136\Head3.jpg,True,797.921038986652,490.562392206941,.\Image\Alignment\2017\03\31\07.33.58 136\Head4.jpg
2017.03.31 07:33:59 937,TFT_SIDE5.46,90,RETRY,-0.0056,0.0403,0.0397,-0.0052,0.0315,-0.00107,True,639.942321004458,486.636347965289,.\Image\Alignment\2017\03\31\07.33.59 937\Head1.jpg,True,628.486156155753,491.128542171512,.\Image\Alignment\2017\03\31\07.33.59 937\Head2.jpg,True,628.608669334635,491.833386470699,.\Image\Alignment\2017\03\31\07.33.59 937\Head3.jpg,True,639.809716558504,489.607539975933,.\Image\Alignment\2017\03\31\07.33.59 937\Head4.jpg
2017.03.31 07:34:01 710,TFT_SIDE5.46,90,OK,0.0002,-0.0037,-0.0038,0.0003,0,0,True,639.939950637317,479.520411646889,.\Image\Alignment\2017\03\31\07.34.01 710\Head1.jpg,True,640.983516235814,482.714606416456,.\Image\Alignment\2017\03\31\07.34.01 710\Head2.jpg,True,641.018650423183,482.868808386011,.\Image\Alignment\2017\03\31\07.34.01 710\Head3.jpg,True,639.931201483,479.396303911792,.\Image\Alignment\2017\03\31\07.34.01 710\Head4.jpg
2017.03.31 07:36:36 825,TFT_SIDE5.46,0,RETRY,-0.7864,-0.3933,-0.5319,-0.6291,0.4379,0.03911,True,919.163883004537,653.564465669,.\Image\Alignment\2017\03\31\07.36.36 825\Head1.jpg,True,862.158424608827,645.864233346213,.\Image\Alignment\2017\03\31\07.36.36 825\Head2.jpg,True,898.475173872914,582.43686519868,.\Image\Alignment\2017\03\31\07.36.36 825\Head3.jpg,True,875.965144182575,540.800521108411,.\Image\Alignment\2017\03\31\07.36.36 825\Head4.jpg
2017.03.31 07:36:38 652,TFT_SIDE5.46,0,RETRY,-0.0047,-0.1895,-0.1912,-0.0028,0.0963,-0.00039,True,640.592536460755,505.143320545091,.\Image\Alignment\2017\03\31\07.36.38 652\Head1.jpg,True,688.352728900858,507.971843193527,.\Image\Alignment\2017\03\31\07.36.38 652\Head2.jpg,True,688.657853082153,509.236784481297,.\Image\Alignment\2017\03\31\07.36.38 652\Head3.jpg,True,639.942429880928,506.183474875391,.\Image\Alignment\2017\03\31\07.36.38 652\Head4.jpg
2017.03.31 07:36:40 438,TFT_SIDE5.46,0,OK,0.0011,0.0052,0.0049,0.0016,0,0,True,639.70890005176,480.187065500234,.\Image\Alignment\2017\03\31\07.36.40 438\Head1.jpg,True,638.621429197379,483.006997463493,.\Image\Alignment\2017\03\31\07.36.40 438\Head2.jpg,True,638.693571805406,483.582898608325,.\Image\Alignment\2017\03\31\07.36.40 438\Head3.jpg,True,639.56751322646,480.118546105435,.\Image\Alignment\2017\03\31\07.36.40 438\Head4.jpg
2017.03.31 07:36:58 989,TFT_SIDE5.46,90,RETRY,-0.7532,-0.6438,-0.7796,-0.5899,0.0341,0.02922,True,883.600644745556,537.946070409799,.\Image\Alignment\2017\03\31\07.36.58 989\Head1.jpg,True,826.857667653746,507.15219230151,.\Image\Alignment\2017\03\31\07.36.58 989\Head2.jpg,True,862.746654938213,493.450275708981,.\Image\Alignment\2017\03\31\07.36.58 989\Head3.jpg,True,839.371930168337,456.657519798636,.\Image\Alignment\2017\03\31\07.36.58 989\Head4.jpg
2017.03.31 07:37:00 870,TFT_SIDE5.46,90,RETRY,-0.0116,0.0947,0.0948,-0.0126,0.065,-0.00194,True,640.299798088471,494.10547301892,.\Image\Alignment\2017\03\31\07.37.00 870\Head1.jpg,True,613.209348913094,498.924484703038,.\Image\Alignment\2017\03\31\07.37.00 870\Head2.jpg,True,613.132639547311,500.318857326992,.\Image\Alignment\2017\03\31\07.37.00 870\Head3.jpg,True,640.468809710265,499.513954675181,.\Image\Alignment\2017\03\31\07.37.00 870\Head4.jpg
2017.03.31 07:37:02 739,TFT_SIDE5.46,90,RETRY,0.0007,-0.0051,-0.0064,0.0007,-0.0037,0.00018,True,640.069829777296,479.328479556492,.\Image\Alignment\2017\03\31\07.37.02 739\Head1.jpg,True,641.324256256454,482.100662899717,.\Image\Alignment\2017\03\31\07.37.02 739\Head2.jpg,True,641.649336021694,482.140802469775,.\Image\Alignment\2017\03\31\07.37.02 739\Head3.jpg,True,640.086806983373,478.819732045124,.\Image\Alignment\2017\03\31\07.37.02 739\Head4.jpg
2017.03.31 07:37:04 566,TFT_SIDE5.46,90,OK,0.0004,0.0017,0.0027,0.0011,0,0,True,639.899917052711,480.372653210139,.\Image\Alignment\2017\03\31\07.37.04 566\Head1.jpg,True,639.536961620753,483.124359704536,.\Image\Alignment\2017\03\31\07.37.04 566\Head2.jpg,True,639.278075783804,483.274041907156,.\Image\Alignment\2017\03\31\07.37.04 566\Head3.jpg,True,639.713019620561,480.291296487605,.\Image\Alignment\2017\03\31\07.37.04 566\Head4.jpg
2017.03.31 07:40:07 060,TFT_SIDE5.46,0,RETRY,-0.7125,-0.5368,-0.6789,-0.5574,0.6098,0.02929,True,882.108887501706,685.173520038348,.\Image\Alignment\2017\03\31\07.40.07 060\Head1.jpg,True,824.190163120402,655.878612028325,.\Image\Alignment\2017\03\31\07.40.07 060\Head2.jpg,True,861.197798343919,633.944901695562,.\Image\Alignment\2017\03\31\07.40.07 060\Head3.jpg,True,839.316744346223,600.546933361099,.\Image\Alignment\2017\03\31\07.40.07 060\Head4.jpg
2017.03.31 07:40:08 954,TFT_SIDE5.46,0,RETRY,0.0015,0.0322,0.0337,0.0048,-0.0097,-0.00047,True,638.769923819634,476.719873723631,.\Image\Alignment\2017\03\31\07.40.08 954\Head1.jpg,True,629.236719830137,479.634323079451,.\Image\Alignment\2017\03\31\07.40.08 954\Head2.jpg,True,628.840668827333,480.807381820562,.\Image\Alignment\2017\03\31\07.40.08 954\Head3.jpg,True,637.892639836785,478.093586079241,.\Image\Alignment\2017\03\31\07.40.08 954\Head4.jpg
2017.03.31 07:40:10 794,TFT_SIDE5.46,0,RETRY,-0.0008,-0.0001,-0.0009,0,0.0002,-0.00012,True,639.997544299669,479.878355685308,.\Image\Alignment\2017\03\31\07.40.10 794\Head1.jpg,True,638.538457669382,482.62580359259,.\Image\Alignment\2017\03\31\07.40.10 794\Head2.jpg,True,638.74169167423,483.435475472343,.\Image\Alignment\2017\03\31\07.40.10 794\Head3.jpg,True,639.79714374368,480.215558419137,.\Image\Alignment\2017\03\31\07.40.10 794\Head4.jpg
2017.03.31 07:40:12 552,TFT_SIDE5.46,0,OK,0.0005,0.0041,0.0063,-0.0011,0,0,True,639.870942878427,480.088669631499,.\Image\Alignment\2017\03\31\07.40.12 552\Head1.jpg,True,638.909796331772,482.246229020816,.\Image\Alignment\2017\03\31\07.40.12 552\Head2.jpg,True,638.328054764082,483.343825413613,.\Image\Alignment\2017\03\31\07.40.12 552\Head3.jpg,True,640.296115181486,479.866262106902,.\Image\Alignment\2017\03\31\07.40.12 552\Head4.jpg
2017.03.31 07:40:30 979,TFT_SIDE5.46,90,RETRY,-0.8175,-0.7232,-0.8641,-0.6582,0.1261,0.01935,True,886.456611214926,545.943352676569,.\Image\Alignment\2017\03\31\07.40.30 979\Head1.jpg,True,829.408860091197,514.282415157167,.\Image\Alignment\2017\03\31\07.40.30 979\Head2.jpg,True,866.562468756404,517.582811962096,.\Image\Alignment\2017\03\31\07.40.30 979\Head3.jpg,True,843.123602516814,492.371451072744,.\Image\Alignment\2017\03\31\07.40.30 979\Head4.jpg
2017.03.31 07:40:32 888,TFT_SIDE5.46,90,RETRY,-0.0109,0.1103,0.1116,-0.0105,0.0513,-0.00152,True,640.703134860103,491.148984818025,.\Image\Alignment\2017\03\31\07.40.32 888\Head1.jpg,True,609.527488766579,496.082583944747,.\Image\Alignment\2017\03\31\07.40.32 888\Head2.jpg,True,609.132604227373,497.044224124257,.\Image\Alignment\2017\03\31\07.40.32 888\Head3.jpg,True,640.544268372347,495.378579742667,.\Image\Alignment\2017\03\31\07.40.32 888\Head4.jpg
2017.03.31 07:40:34 619,TFT_SIDE5.46,90,OK,0.001,-0.0037,-0.0032,0.0001,0,0,True,639.73600980672,479.236907919414,.\Image\Alignment\2017\03\31\07.40.34 619\Head1.jpg,True,640.974262368674,482.489543481654,.\Image\Alignment\2017\03\31\07.40.34 619\Head2.jpg,True,640.846987778994,482.620253517952,.\Image\Alignment\2017\03\31\07.40.34 619\Head3.jpg,True,639.975445193813,479.108644709874,.\Image\Alignment\2017\03\31\07.40.34 619\Head4.jpg
2017.03.31 07:43:33 553,TFT_SIDE5.46,0,RETRY,-0.7694,-0.6358,-0.7781,-0.612,0.4576,0.02763,True,894.360802893619,642.133105827847,.\Image\Alignment\2017\03\31\07.43.33 553\Head1.jpg,True,836.60715005218,603.67838988504,.\Image\Alignment\2017\03\31\07.43.33 553\Head2.jpg,True,873.842060852461,589.372555315794,.\Image\Alignment\2017\03\31\07.43.33 553\Head3.jpg,True,851.110195978143,562.558147629557,.\Image\Alignment\2017\03\31\07.43.33 553\Head4.jpg
2017.03.31 07:43:35 433,TFT_SIDE5.46,0,RETRY,-0.005,0.0683,0.069,-0.0013,0.026,-0.00133,True,638.982783957978,485.007471178896,.\Image\Alignment\2017\03\31\07.43.35 433\Head1.jpg,True,617.965312470809,488.986873480096,.\Image\Alignment\2017\03\31\07.43.35 433\Head2.jpg,True,617.751327961126,491.032539847079,.\Image\Alignment\2017\03\31\07.43.35 433\Head3.jpg,True,637.955196371606,488.837543759529,.\Image\Alignment\2017\03\31\07.43.35 433\Head4.jpg
2017.03.31 07:43:37 261,TFT_SIDE5.46,0,OK,0.0005,0.0062,0.006,-0.0008,0,0,True,639.877582141196,480.124695986663,.\Image\Alignment\2017\03\31\07.43.37 261\Head1.jpg,True,638.359553097441,482.749647490463,.\Image\Alignment\2017\03\31\07.43.37 261\Head2.jpg,True,638.3871050781,483.521530628485,.\Image\Alignment\2017\03\31\07.43.37 261\Head3.jpg,True,640.218727214064,480.048128808197,.\Image\Alignment\2017\03\31\07.43.37 261\Head4.jpg
2017.03.31 07:43:55 688,TFT_SIDE5.46,90,RETRY,-0.7048,-0.552,-0.6899,-0.5422,0.0755,0.01679,True,852.611337226221,528.159987532399,.\Image\Alignment\2017\03\31\07.43.55 688\Head1.jpg,True,795.690073174294,511.566889686863,.\Image\Alignment\2017\03\31\07.43.55 688\Head2.jpg,True,832.108706462178,503.974380940596,.\Image\Alignment\2017\03\31\07.43.55 688\Head3.jpg,True,808.596616786037,481.685557660629,.\Image\Alignment\2017\03\31\07.43.55 688\Head4.jpg
2017.03.31 07:43:57 435,TFT_SIDE5.46,90,RETRY,-0.0092,0.0532,0.0542,-0.01,0.0384,-0.00157,True,640.173728287797,487.629827887963,.\Image\Alignment\2017\03\31\07.43.57 435\Head1.jpg,True,624.607069079788,492.133588268619,.\Image\Alignment\2017\03\31\07.43.57 435\Head2.jpg,True,624.299013428824,493.234509925273,.\Image\Alignment\2017\03\31\07.43.57 435\Head3.jpg,True,640.329999749768,492.019767398082,.\Image\Alignment\2017\03\31\07.43.57 435\Head4.jpg
2017.03.31 07:43:59 261,TFT_SIDE5.46,90,OK,0.0014,-0.0051,-0.0046,0.0006,0,0,True,639.623373976803,479.031069242587,.\Image\Alignment\2017\03\31\07.43.59 261\Head1.jpg,True,641.367114580982,482.090941258874,.\Image\Alignment\2017\03\31\07.43.59 261\Head2.jpg,True,641.237826116878,482.082243061645,.\Image\Alignment\2017\03\31\07.43.59 261\Head3.jpg,True,639.845214421153,478.781255731471,.\Image\Alignment\2017\03\31\07.43.59 261\Head4.jpg
2017.03.31 07:55:19 950,TFT_SIDE5.46,0,RETRY,-0.7807,-0.4093,-0.5523,-0.625,0.4362,0.0327,True,906.326468050974,643.784281587964,.\Image\Alignment\2017\03\31\07.55.19 950\Head1.jpg,True,848.362986677234,635.091146183309,.\Image\Alignment\2017\03\31\07.55.19 950\Head2.jpg,True,885.816710960997,581.499547337229,.\Image\Alignment\2017\03\31\07.55.19 950\Head3.jpg,True,863.54253574666,549.587557929576,.\Image\Alignment\2017\03\31\07.55.19 950\Head4.jpg
2017.03.31 07:55:21 819,TFT_SIDE5.46,0,RETRY,-0.0059,-0.1712,-0.1711,-0.0044,0.053,-0.00099,True,639.847178579017,492.729817028811,.\Image\Alignment\2017\03\31\07.55.21 819\Head1.jpg,True,682.063547503814,496.024569903372,.\Image\Alignment\2017\03\31\07.55.21 819\Head2.jpg,True,681.953045558738,498.040749449458,.\Image\Alignment\2017\03\31\07.55.21 819\Head3.jpg,True,639.380861322752,495.535726686238,.\Image\Alignment\2017\03\31\07.55.21 819\Head4.jpg
2017.03.31 07:55:23 672,TFT_SIDE5.46,0,OK,-0.0004,0.0065,0.0066,0,0,0,True,640.11257731199,480.577812549637,.\Image\Alignment\2017\03\31\07.55.23 672\Head1.jpg,True,638.259570936521,483.346035101638,.\Image\Alignment\2017\03\31\07.55.23 672\Head2.jpg,True,638.252755320308,484.268321223321,.\Image\Alignment\2017\03\31\07.55.23 672\Head3.jpg,True,640.00949709424,480.387069820495,.\Image\Alignment\2017\03\31\07.55.23 672\Head4.jpg
2017.03.31 07:55:42 210,TFT_SIDE5.46,90,RETRY,-0.7091,-0.5749,-0.715,-0.5489,0.0513,0.02197,True,861.287170236132,530.378261601684,.\Image\Alignment\2017\03\31\07.55.42 210\Head1.jpg,True,804.385288143313,508.330156710245,.\Image\Alignment\2017\03\31\07.55.42 210\Head2.jpg,True,841.400637202271,498.376206707388,.\Image\Alignment\2017\03\31\07.55.42 210\Head3.jpg,True,817.920246555976,469.394903670196,.\Image\Alignment\2017\03\31\07.55.42 210\Head4.jpg
2017.03.31 07:55:43 967,TFT_SIDE5.46,90,RETRY,-0.0093,0.072,0.0721,-0.01,0.0506,-0.00164,True,640.115047393721,490.765041951264,.\Image\Alignment\2017\03\31\07.55.43 967\Head1.jpg,True,619.770545346275,496.161683712906,.\Image\Alignment\2017\03\31\07.55.43 967\Head2.jpg,True,619.704787779306,497.090316766328,.\Image\Alignment\2017\03\31\07.55.43 967\Head3.jpg,True,640.216703451832,495.341914812332,.\Image\Alignment\2017\03\31\07.55.43 967\Head4.jpg
2017.03.31 07:55:45 822,TFT_SIDE5.46,90,RETRY,0.0001,-0.0073,-0.0073,0.0001,-0.0042,0.00024,True,640.317291768934,479.285433610674,.\Image\Alignment\2017\03\31\07.55.45 822\Head1.jpg,True,641.870919707942,482.577125242091,.\Image\Alignment\2017\03\31\07.55.45 822\Head2.jpg,True,641.852489817831,482.645465940398,.\Image\Alignment\2017\03\31\07.55.45 822\Head3.jpg,True,640.342068697555,478.604318920535,.\Image\Alignment\2017\03\31\07.55.45 822\Head4.jpg
2017.03.31 07:55:47 608,TFT_SIDE5.46,90,OK,0.0006,0.0042,0.0024,0.0011,0,0,True,639.833512648627,480.003420853264,.\Image\Alignment\2017\03\31\07.55.47 608\Head1.jpg,True,638.871248178325,483.690371864917,.\Image\Alignment\2017\03\31\07.55.47 608\Head2.jpg,True,639.352103656972,483.962677421367,.\Image\Alignment\2017\03\31\07.55.47 608\Head3.jpg,True,639.717769376177,480.160359174337,.\Image\Alignment\2017\03\31\07.55.47 608\Head4.jpg
2017.03.31 08:04:45 081,TFT_SIDE5.46,0,RETRY,-0.8471,-0.6386,-0.7805,-0.6901,0.3991,0.0216,True,904.456538619374,617.723896151053,.\Image\Alignment\2017\03\31\08.04.45 081\Head1.jpg,True,846.743060089393,598.147208416995,.\Image\Alignment\2017\03\31\08.04.45 081\Head2.jpg,True,883.922277736268,578.743609446107,.\Image\Alignment\2017\03\31\08.04.45 081\Head3.jpg,True,861.327743192375,555.768145424068,.\Image\Alignment\2017\03\31\08.04.45 081\Head4.jpg
2017.03.31 08:04:46 908,TFT_SIDE5.46,0,RETRY,0.015,0.0155,0.0137,0.0174,-0.0021,0.00207,True,639.65287337222,482.418974933065,.\Image\Alignment\2017\03\31\08.04.46 908\Head1.jpg,True,638.249722190337,483.112622535303,.\Image\Alignment\2017\03\31\08.04.46 908\Head2.jpg,True,638.722087804406,481.810907539701,.\Image\Alignment\2017\03\31\08.04.46 908\Head3.jpg,True,639.006579096238,476.422973010786,.\Image\Alignment\2017\03\31\08.04.46 908\Head4.jpg
2017.03.31 08:04:48 721,TFT_SIDE5.46,0,RETRY,-0.0017,-0.0069,-0.0026,-0.004,0.0021,-0.00035,True,639.829700235569,480.061727911432,.\Image\Alignment\2017\03\31\08.04.48 721\Head1.jpg,True,639.819432058713,483.205535167333,.\Image\Alignment\2017\03\31\08.04.48 721\Head2.jpg,True,638.658013189332,484.30122653299,.\Image\Alignment\2017\03\31\08.04.48 721\Head3.jpg,True,640.436365407798,481.068597527199,.\Image\Alignment\2017\03\31\08.04.48 721\Head4.jpg
2017.03.31 08:04:50 508,TFT_SIDE5.46,0,RETRY,0.0007,0.003,0.0007,0.0032,-0.0007,0.0002,True,640.169105181321,480.099951161147,.\Image\Alignment\2017\03\31\08.04.50 508\Head1.jpg,True,637.704422990339,482.674873983073,.\Image\Alignment\2017\03\31\08.04.50 508\Head2.jpg,True,638.302555022678,483.495246781459,.\Image\Alignment\2017\03\31\08.04.50 508\Head3.jpg,True,639.512097455721,479.514626627382,.\Image\Alignment\2017\03\31\08.04.50 508\Head4.jpg
2017.03.31 08:04:52 279,TFT_SIDE5.46,0,RETRY,-0.0011,-0.0007,-0.0006,-0.0007,0.0004,-0.00014,True,640.052856411313,479.913758353435,.\Image\Alignment\2017\03\31\08.04.52 279\Head1.jpg,True,638.274980191314,482.746383647556,.\Image\Alignment\2017\03\31\08.04.52 279\Head2.jpg,True,638.235912760437,483.786751698026,.\Image\Alignment\2017\03\31\08.04.52 279\Head3.jpg,True,639.944010718397,480.326260025892,.\Image\Alignment\2017\03\31\08.04.52 279\Head4.jpg
2017.03.31 08:04:54 092,TFT_SIDE5.46,0,OK,-0.0009,0.007,0.0057,-0.0015,0,0,True,640.241285731815,479.936045245196,.\Image\Alignment\2017\03\31\08.04.54 092\Head1.jpg,True,638.140809982301,482.622172666279,.\Image\Alignment\2017\03\31\08.04.54 092\Head2.jpg,True,638.469582275394,483.471432802689,.\Image\Alignment\2017\03\31\08.04.54 092\Head3.jpg,True,640.389804709985,479.723190755022,.\Image\Alignment\2017\03\31\08.04.54 092\Head4.jpg
2017.03.31 08:05:12 654,TFT_SIDE5.46,90,RETRY,-0.6224,-0.4529,-0.5895,-0.4619,0.021,0.01314,True,825.310850060025,507.489740096815,.\Image\Alignment\2017\03\31\08.05.12 654\Head1.jpg,True,768.979902418698,496.984042454939,.\Image\Alignment\2017\03\31\08.05.12 654\Head2.jpg,True,805.119379085014,489.645739430653,.\Image\Alignment\2017\03\31\08.05.12 654\Head3.jpg,True,781.987882955888,471.219162763208,.\Image\Alignment\2017\03\31\08.05.12 654\Head4.jpg
2017.03.31 08:05:14 533,TFT_SIDE5.46,90,RETRY,-0.0074,0.039,0.0367,-0.0049,0.0327,-0.00113,True,640.350301745485,486.843095497585,.\Image\Alignment\2017\03\31\08.05.14 533\Head1.jpg,True,628.77250561086,491.285603031804,.\Image\Alignment\2017\03\31\08.05.14 533\Head2.jpg,True,629.359354365613,492.038006884107,.\Image\Alignment\2017\03\31\08.05.14 533\Head3.jpg,True,639.616440354714,489.992156089624,.\Image\Alignment\2017\03\31\08.05.14 533\Head4.jpg
2017.03.31 08:05:16 359,TFT_SIDE5.46,90,OK,0.0003,-0.0031,-0.0031,0.0005,0,0,True,639.913094768214,479.154673882599,.\Image\Alignment\2017\03\31\08.05.16 359\Head1.jpg,True,640.825795957973,482.231103089612,.\Image\Alignment\2017\03\31\08.05.16 359\Head2.jpg,True,640.822621249113,482.682000100196,.\Image\Alignment\2017\03\31\08.05.16 359\Head3.jpg,True,639.871951958612,479.206859163909,.\Image\Alignment\2017\03\31\08.05.16 359\Head4.jpg
2017.03.31 08:10:24 379,TFT_SIDE5.46,0,RETRY,-0.6348,-0.419,-0.5598,-0.4767,0.5646,0.03516,True,871.686446751535,681.641782808687,.\Image\Alignment\2017\03\31\08.10.24 379\Head1.jpg,True,813.870327724776,650.876961518878,.\Image\Alignment\2017\03\31\08.10.24 379\Head2.jpg,True,850.600892328153,617.435413766417,.\Image\Alignment\2017\03\31\08.10.24 379\Head3.jpg,True,828.263043545817,579.982534560861,.\Image\Alignment\2017\03\31\08.10.24 379\Head4.jpg
2017.03.31 08:10:26 261,TFT_SIDE5.46,0,RETRY,0,-0.0071,-0.0079,0.0024,0.0056,-0.00036,True,639.355790522724,480.965600042414,.\Image\Alignment\2017\03\31\08.10.26 261\Head1.jpg,True,640.345955322578,484.267268811546,.\Image\Alignment\2017\03\31\08.10.26 261\Head2.jpg,True,640.526816440452,485.115147532798,.\Image\Alignment\2017\03\31\08.10.26 261\Head3.jpg,True,638.699764492671,482.010973014363,.\Image\Alignment\2017\03\31\08.10.26 261\Head4.jpg
2017.03.31 08:10:27 952,TFT_SIDE5.46,0,OK,0.0011,0.0041,0.005,-0.0006,0,0,True,639.700463043835,480.40039811742,.\Image\Alignment\2017\03\31\08.10.27 952\Head1.jpg,True,638.895195494411,483.115653453019,.\Image\Alignment\2017\03\31\08.10.27 952\Head2.jpg,True,638.664967722602,483.837593336295,.\Image\Alignment\2017\03\31\08.10.27 952\Head3.jpg,True,640.147643971894,480.315866970863,.\Image\Alignment\2017\03\31\08.10.27 952\Head4.jpg
2017.03.31 08:10:46 453,TFT_SIDE5.46,90,RETRY,-0.8165,-0.6502,-0.7877,-0.6597,0.172,0.02009,True,887.255397607306,559.445726939115,.\Image\Alignment\2017\03\31\08.10.46 453\Head1.jpg,True,830.705562098583,537.297741556505,.\Image\Alignment\2017\03\31\08.10.46 453\Head2.jpg,True,866.927554347463,521.650746989526,.\Image\Alignment\2017\03\31\08.10.46 453\Head3.jpg,True,844.533990428873,503.744339368195,.\Image\Alignment\2017\03\31\08.10.46 453\Head4.jpg
2017.03.31 08:10:48 224,TFT_SIDE5.46,90,RETRY,0.0163,0.0495,0.0476,0.0212,0.0727,0.00369,True,641.017794205382,505.566950348619,.\Image\Alignment\2017\03\31\08.10.48 224\Head1.jpg,True,628.647974805584,504.272522020477,.\Image\Alignment\2017\03\31\08.10.48 224\Head2.jpg,True,629.069421975408,502.593751576576,.\Image\Alignment\2017\03\31\08.10.48 224\Head3.jpg,True,639.625214707638,495.113345226505,.\Image\Alignment\2017\03\31\08.10.48 224\Head4.jpg
2017.03.31 08:10:50 076,TFT_SIDE5.46,90,RETRY,-0.0019,0.0095,0.0103,-0.0008,0.0071,-0.0003,True,640.073384424827,481.406594734446,.\Image\Alignment\2017\03\31\08.10.50 076\Head1.jpg,True,636.638591725227,484.524403070298,.\Image\Alignment\2017\03\31\08.10.50 076\Head2.jpg,True,636.431385952977,485.268846161121,.\Image\Alignment\2017\03\31\08.10.50 076\Head3.jpg,True,639.766558744082,482.240077487297,.\Image\Alignment\2017\03\31\08.10.50 076\Head4.jpg
2017.03.31 08:10:51 795,TFT_SIDE5.46,90,OK,0.0015,0.0018,0.0023,-0.0003,0,0,True,639.598918287153,480.060589045571,.\Image\Alignment\2017\03\31\08.10.51 795\Head1.jpg,True,639.519431703422,482.864858469249,.\Image\Alignment\2017\03\31\08.10.51 795\Head2.jpg,True,639.388104544744,483.194289963581,.\Image\Alignment\2017\03\31\08.10.51 795\Head3.jpg,True,640.078026384592,479.846569120742,.\Image\Alignment\2017\03\31\08.10.51 795\Head4.jpg
2017.03.31 08:13:48 463,TFT_SIDE5.46,0,RETRY,-0.7692,-0.5228,-0.6672,-0.6145,0.5057,0.02268,True,885.560247037054,647.762207350944,.\Image\Alignment\2017\03\31\08.13.48 463\Head1.jpg,True,827.521162126826,636.442032574439,.\Image\Alignment\2017\03\31\08.13.48 463\Head2.jpg,True,865.255454686645,610.656080905149,.\Image\Alignment\2017\03\31\08.13.48 463\Head3.jpg,True,842.968998404715,582.459386461289,.\Image\Alignment\2017\03\31\08.13.48 463\Head4.jpg
2017.03.31 08:13:50 318,TFT_SIDE5.46,0,RETRY,-0.0023,-0.0399,-0.0364,0.0023,0.0038,-0.00069,True,639.406575843084,480.004830927514,.\Image\Alignment\2017\03\31\08.13.50 318\Head1.jpg,True,648.243745364647,483.544356337356,.\Image\Alignment\2017\03\31\08.13.50 318\Head2.jpg,True,647.281839151802,484.857612589813,.\Image\Alignment\2017\03\31\08.13.50 318\Head3.jpg,True,638.153222498181,481.998349138728,.\Image\Alignment\2017\03\31\08.13.50 318\Head4.jpg
2017.03.31 08:13:52 035,TFT_SIDE5.46,0,OK,0.001,0.0046,0.0025,-0.0013,0,0,True,639.742292263388,480.05924981353,.\Image\Alignment\2017\03\31\08.13.52 035\Head1.jpg,True,638.765280391884,482.881001889047,.\Image\Alignment\2017\03\31\08.13.52 035\Head2.jpg,True,639.342216890772,483.433930781149,.\Image\Alignment\2017\03\31\08.13.52 035\Head3.jpg,True,640.35666097626,480.151986922069,.\Image\Alignment\2017\03\31\08.13.52 035\Head4.jpg
2017.03.31 08:14:10 603,TFT_SIDE5.46,90,RETRY,-0.7373,-0.5645,-0.7049,-0.5763,0.0868,0.01139,True,853.456357196019,522.129107426622,.\Image\Alignment\2017\03\31\08.14.10 603\Head1.jpg,True,796.066277670559,512.831428939709,.\Image\Alignment\2017\03\31\08.14.10 603\Head2.jpg,True,833.134407590356,507.93959205372,.\Image\Alignment\2017\03\31\08.14.10 603\Head3.jpg,True,809.806815821145,490.841208009671,.\Image\Alignment\2017\03\31\08.14.10 603\Head4.jpg
2017.03.31 08:14:12 457,TFT_SIDE5.46,90,RETRY,-0.0034,0.0379,0.0384,-0.0034,0.0298,-0.00086,True,639.672048740729,486.522078811002,.\Image\Alignment\2017\03\31\08.14.12 457\Head1.jpg,True,629.069926796376,490.730048346809,.\Image\Alignment\2017\03\31\08.14.12 457\Head2.jpg,True,628.896123596399,491.479665722785,.\Image\Alignment\2017\03\31\08.14.12 457\Head3.jpg,True,639.624425649698,488.913144727121,.\Image\Alignment\2017\03\31\08.14.12 457\Head4.jpg
2017.03.31 08:14:14 272,TFT_SIDE5.46,90,OK,0.0006,-0.0014,-0.0014,0.0005,0,0,True,639.834120289464,479.61177809461,.\Image\Alignment\2017\03\31\08.14.14 272\Head1.jpg,True,640.379982746183,482.952336483747,.\Image\Alignment\2017\03\31\08.14.14 272\Head2.jpg,True,640.37602448129,482.879621371728,.\Image\Alignment\2017\03\31\08.14.14 272\Head3.jpg,True,639.877811268489,479.438031630292,.\Image\Alignment\2017\03\31\08.14.14 272\Head4.jpg
2017.03.31 08:20:00 865,TFT_SIDE5.46,0,RETRY,-0.7773,-0.711,-0.8512,-0.619,0.4398,0.02621,True,893.951491157195,635.297747120852,.\Image\Alignment\2017\03\31\08.20.00 865\Head1.jpg,True,836.327551172639,612.407187196682,.\Image\Alignment\2017\03\31\08.20.00 865\Head2.jpg,True,872.956982095282,609.172331423195,.\Image\Alignment\2017\03\31\08.20.00 865\Head3.jpg,True,850.496925002128,559.862836878236,.\Image\Alignment\2017\03\31\08.20.00 865\Head4.jpg
2017.03.31 08:20:02 718,TFT_SIDE5.46,0,RETRY,-0.0479,0.0948,0.0946,-0.0466,0.0438,-0.00759,True,639.399225641233,480.725395700987,.\Image\Alignment\2017\03\31\08.20.02 718\Head1.jpg,True,600.207272581077,490.595992382527,.\Image\Alignment\2017\03\31\08.20.02 718\Head2.jpg,True,600.220525514166,498.452410398742,.\Image\Alignment\2017\03\31\08.20.02 718\Head3.jpg,True,638.953618637193,502.677207205553,.\Image\Alignment\2017\03\31\08.20.02 718\Head4.jpg
2017.03.31 08:20:04 546,TFT_SIDE5.46,0,RETRY,0.0015,-0.0003,-0.0018,0.0026,-0.0002,0.00043,True,640.37201239899,480.572359455577,.\Image\Alignment\2017\03\31\08.20.04 546\Head1.jpg,True,639.296127186122,482.573675215429,.\Image\Alignment\2017\03\31\08.20.04 546\Head2.jpg,True,639.69093694999,483.002718659519,.\Image\Alignment\2017\03\31\08.20.04 546\Head3.jpg,True,640.057134605772,479.322360669585,.\Image\Alignment\2017\03\31\08.20.04 546\Head4.jpg
2017.03.31 08:20:06 359,TFT_SIDE5.46,0,OK,-0.0001,0.0074,0.0053,-0.0003,0,0,True,640.029667172245,480.133356832367,.\Image\Alignment\2017\03\31\08.20.06 359\Head1.jpg,True,638.019005719058,482.707620432215,.\Image\Alignment\2017\03\31\08.20.06 359\Head2.jpg,True,638.588729897139,483.607243261293,.\Image\Alignment\2017\03\31\08.20.06 359\Head3.jpg,True,640.073527837259,480.140626707794,.\Image\Alignment\2017\03\31\08.20.06 359\Head4.jpg
2017.03.31 08:20:24 816,TFT_SIDE5.46,90,RETRY,-0.7072,-0.5219,-0.6616,-0.5465,0.0374,0.00837,True,841.031016767158,503.861346110713,.\Image\Alignment\2017\03\31\08.20.24 816\Head1.jpg,True,784.012915459854,498.868711313221,.\Image\Alignment\2017\03\31\08.20.24 816\Head2.jpg,True,820.924735973855,494.613985808426,.\Image\Alignment\2017\03\31\08.20.24 816\Head3.jpg,True,797.564787621952,481.071130732029,.\Image\Alignment\2017\03\31\08.20.24 816\Head4.jpg
2017.03.31 08:20:26 656,TFT_SIDE5.46,90,RETRY,-0.0063,0.0219,0.0223,-0.0053,0.028,-0.00128,True,639.838846774108,485.326168273034,.\Image\Alignment\2017\03\31\08.20.26 656\Head1.jpg,True,632.659228998587,489.874753087788,.\Image\Alignment\2017\03\31\08.20.26 656\Head2.jpg,True,632.507315241337,491.247162077774,.\Image\Alignment\2017\03\31\08.20.26 656\Head3.jpg,True,639.521435883782,488.894037303306,.\Image\Alignment\2017\03\31\08.20.26 656\Head4.jpg
2017.03.31 08:20:28 510,TFT_SIDE5.46,90,RETRY,0.0019,-0.0004,0.0004,0.0021,-0.0031,0.00013,True,639.682284146487,479.399501819807,.\Image\Alignment\2017\03\31\08.20.28 510\Head1.jpg,True,640.40136887894,482.868422762554,.\Image\Alignment\2017\03\31\08.20.28 510\Head2.jpg,True,640.167214848702,482.603980551076,.\Image\Alignment\2017\03\31\08.20.28 510\Head3.jpg,True,639.628068644989,479.036950744916,.\Image\Alignment\2017\03\31\08.20.28 510\Head4.jpg
2017.03.31 08:20:30 228,TFT_SIDE5.46,90,OK,-0.0021,-0.0014,-0.0014,-0.002,0,0,True,640.554161250507,480.367942023334,.\Image\Alignment\2017\03\31\08.20.30 228\Head1.jpg,True,640.378635819694,483.347118523021,.\Image\Alignment\2017\03\31\08.20.30 228\Head2.jpg,True,640.380868612197,483.923574957527,.\Image\Alignment\2017\03\31\08.20.30 228\Head3.jpg,True,640.530178983518,480.135505572009,.\Image\Alignment\2017\03\31\08.20.30 228\Head4.jpg
2017.03.31 08:22:02 715,TFT_SIDE5.46,90,RETRY,-0.7081,-0.5251,-0.6644,-0.5485,0.0469,0.00828,True,841.137105090198,506.253495581214,.\Image\Alignment\2017\03\31\08.22.02 715\Head1.jpg,True,784.223740648949,500.60700096555,.\Image\Alignment\2017\03\31\08.22.02 715\Head2.jpg,True,821.037826515812,496.923125365556,.\Image\Alignment\2017\03\31\08.22.02 715\Head3.jpg,True,797.964796922689,483.70515943932,.\Image\Alignment\2017\03\31\08.22.02 715\Head4.jpg
2017.03.31 08:22:04 568,TFT_SIDE5.46,90,RETRY,-0.0068,0.0251,0.0263,-0.0057,0.0207,-0.00137,True,639.836202741894,483.234561194361,.\Image\Alignment\2017\03\31\08.22.04 568\Head1.jpg,True,632.210816684664,487.75210327815,.\Image\Alignment\2017\03\31\08.22.04 568\Head2.jpg,True,631.858050935752,488.762497761181,.\Image\Alignment\2017\03\31\08.22.04 568\Head3.jpg,True,639.506072237012,487.062632391112,.\Image\Alignment\2017\03\31\08.22.04 568\Head4.jpg
2017.03.31 08:22:06 420,TFT_SIDE5.46,90,RETRY,0.0019,-0.0045,-0.0047,0.0022,-0.0031,0.00028,True,639.902768771743,479.627832890547,.\Image\Alignment\2017\03\31\08.22.06 420\Head1.jpg,True,640.844208100722,482.406960389979,.\Image\Alignment\2017\03\31\08.22.06 420\Head2.jpg,True,640.882102480642,482.737936648957,.\Image\Alignment\2017\03\31\08.22.06 420\Head3.jpg,True,639.833287354356,478.844500777315,.\Image\Alignment\2017\03\31\08.22.06 420\Head4.jpg
2017.03.31 08:22:08 110,TFT_SIDE5.46,90,OK,-0.001,0.0038,0.0032,0.0004,0,0,True,640.256031161049,480.004845827058,.\Image\Alignment\2017\03\31\08.22.08 110\Head1.jpg,True,638.986847442459,483.011627863815,.\Image\Alignment\2017\03\31\08.22.08 110\Head2.jpg,True,639.133430374774,483.425309983911,.\Image\Alignment\2017\03\31\08.22.08 110\Head3.jpg,True,639.891239160745,480.042372453509,.\Image\Alignment\2017\03\31\08.22.08 110\Head4.jpg
2017.03.31 08:22:18 722,TFT_SIDE5.46,90,RETRY,-0.7094,-0.5042,-0.6419,-0.5499,-0.0024,0.00026,True,829.813804353077,479.644245233104,.\Image\Alignment\2017\03\31\08.22.18 722\Head1.jpg,True,773.493053884837,482.930681589752,.\Image\Alignment\2017\03\31\08.22.18 722\Head2.jpg,True,809.9546192843,483.943662744376,.\Image\Alignment\2017\03\31\08.22.18 722\Head3.jpg,True,786.739677966654,479.697107180966,.\Image\Alignment\2017\03\31\08.22.18 722\Head4.jpg
2017.03.31 08:22:20 547,TFT_SIDE5.46,90,RETRY,-0.0038,0.0013,0.0005,-0.0027,0.0031,-0.00015,True,640.796894976731,480.575284873416,.\Image\Alignment\2017\03\31\08.22.20 547\Head1.jpg,True,638.909383781325,483.716790169742,.\Image\Alignment\2017\03\31\08.22.20 547\Head2.jpg,True,639.093081689557,484.404665343036,.\Image\Alignment\2017\03\31\08.22.20 547\Head3.jpg,True,640.493950347733,480.992277312656,.\Image\Alignment\2017\03\31\08.22.20 547\Head4.jpg
2017.03.31 08:22:22 427,TFT_SIDE5.46,90,RETRY,0.0006,0.0003,-0.0001,-0.0004,0,-0.00014,True,639.638158499225,479.775493280483,.\Image\Alignment\2017\03\31\08.22.22 427\Head1.jpg,True,639.407374988543,483.101784294077,.\Image\Alignment\2017\03\31\08.22.22 427\Head2.jpg,True,639.481313916796,483.577848202684,.\Image\Alignment\2017\03\31\08.22.22 427\Head3.jpg,True,639.898540184715,480.167605126147,.\Image\Alignment\2017\03\31\08.22.22 427\Head4.jpg
2017.03.31 08:22:24 116,TFT_SIDE5.46,90,OK,-0.0011,0.0005,0.0016,0.0001,0,0,True,640.283401648787,479.978825710368,.\Image\Alignment\2017\03\31\08.22.24 116\Head1.jpg,True,639.866966808215,483.050205933333,.\Image\Alignment\2017\03\31\08.22.24 116\Head2.jpg,True,639.578137298969,483.354761891064,.\Image\Alignment\2017\03\31\08.22.24 116\Head3.jpg,True,639.979832020376,479.918045983891,.\Image\Alignment\2017\03\31\08.22.24 116\Head4.jpg
2017.03.31 08:23:48 791,TFT_SIDE5.46,0,RETRY,-0.7974,-0.2939,-0.4365,-0.6459,0.3849,0.01512,True,879.74196879258,604.548565589191,.\Image\Alignment\2017\03\31\08.23.48 791\Head1.jpg,True,822.640881616524,616.21161022062,.\Image\Alignment\2017\03\31\08.23.48 791\Head2.jpg,True,860.088777501591,559.839049172132,.\Image\Alignment\2017\03\31\08.23.48 791\Head3.jpg,True,838.148249023231,561.276139021655,.\Image\Alignment\2017\03\31\08.23.48 791\Head4.jpg
2017.03.31 08:23:50 686,TFT_SIDE5.46,0,RETRY,0.061,-0.2349,-0.2346,0.0672,0.0413,0.01006,True,641.458179063617,505.557323474046,.\Image\Alignment\2017\03\31\08.23.50 686\Head1.jpg,True,718.969061901718,498.524187510821,.\Image\Alignment\2017\03\31\08.23.50 686\Head2.jpg,True,718.780321148514,489.735524760659,.\Image\Alignment\2017\03\31\08.23.50 686\Head3.jpg,True,639.812561990678,476.356306338993,.\Image\Alignment\2017\03\31\08.23.50 686\Head4.jpg
2017.03.31 08:23:52 539,TFT_SIDE5.46,0,RETRY,-0.002,-0.0046,-0.0051,-0.0026,0.0051,-0.00073,True,639.245206896986,480.312740294986,.\Image\Alignment\2017\03\31\08.23.52 539\Head1.jpg,True,638.126995783637,482.644817377173,.\Image\Alignment\2017\03\31\08.23.52 539\Head2.jpg,True,638.248892179658,484.334406263634,.\Image\Alignment\2017\03\31\08.23.52 539\Head3.jpg,True,639.395167738893,482.419586766994,.\Image\Alignment\2017\03\31\08.23.52 539\Head4.jpg
2017.03.31 08:23:54 351,TFT_SIDE5.46,0,OK,0.0008,0.0076,0.0088,0.0008,0,0,True,639.784805110263,479.541526117482,.\Image\Alignment\2017\03\31\08.23.54 351\Head1.jpg,True,637.962436486583,481.729214978964,.\Image\Alignment\2017\03\31\08.23.54 351\Head2.jpg,True,637.660960060645,482.717925102477,.\Image\Alignment\2017\03\31\08.23.54 351\Head3.jpg,True,639.789277030234,479.399238330357,.\Image\Alignment\2017\03\31\08.23.54 351\Head4.jpg
2017.03.31 08:24:12 945,TFT_SIDE5.46,90,RETRY,-0.6498,-0.4883,-0.6294,-0.49,0.1153,0.01469,True,834.903433093823,535.280103310518,.\Image\Alignment\2017\03\31\08.24.12 945\Head1.jpg,True,777.630663104814,523.136118539861,.\Image\Alignment\2017\03\31\08.24.12 945\Head2.jpg,True,814.850145967956,516.530679425749,.\Image\Alignment\2017\03\31\08.24.12 945\Head3.jpg,True,791.61271170288,494.57624153693,.\Image\Alignment\2017\03\31\08.24.12 945\Head4.jpg
2017.03.31 08:24:14 744,TFT_SIDE5.46,90,RETRY,-0.0084,0.0461,0.046,-0.0077,0.0358,-0.00136,True,640.291315839329,487.275658414542,.\Image\Alignment\2017\03\31\08.24.14 744\Head1.jpg,True,626.698215504714,492.280454458777,.\Image\Alignment\2017\03\31\08.24.14 744\Head2.jpg,True,626.695824921788,493.203427527395,.\Image\Alignment\2017\03\31\08.24.14 744\Head3.jpg,True,640.045570990355,491.062288005196,.\Image\Alignment\2017\03\31\08.24.14 744\Head4.jpg
2017.03.31 08:24:16 570,TFT_SIDE5.46,90,OK,0.0007,-0.0023,-0.0029,-0.0008,0,0,True,639.817744802464,479.02842065337,.\Image\Alignment\2017\03\31\08.24.16 570\Head1.jpg,True,640.626538820582,482.374854039144,.\Image\Alignment\2017\03\31\08.24.16 570\Head2.jpg,True,640.760832533465,482.721246507861,.\Image\Alignment\2017\03\31\08.24.16 570\Head3.jpg,True,640.226392515739,478.945022655698,.\Image\Alignment\2017\03\31\08.24.16 570\Head4.jpg
2017.03.31 08:27:19 261,TFT_SIDE5.46,0,RETRY,-0.7264,-0.5362,-0.6764,-0.5711,0.5905,0.03348,True,893.202461323568,686.098245950267,.\Image\Alignment\2017\03\31\08.27.19 261\Head1.jpg,True,835.645945270813,666.236073195271,.\Image\Alignment\2017\03\31\08.27.19 261\Head2.jpg,True,872.138740252131,637.985739479049,.\Image\Alignment\2017\03\31\08.27.19 261\Head3.jpg,True,850.374116180108,589.389220608773,.\Image\Alignment\2017\03\31\08.27.19 261\Head4.jpg
2017.03.31 08:27:21 101,TFT_SIDE5.46,0,RETRY,0.0173,0.032,0.0272,0.0186,0.0271,0.00264,True,640.045275076748,491.048557835799,.\Image\Alignment\2017\03\31\08.27.21 101\Head1.jpg,True,633.840930180165,490.624385405998,.\Image\Alignment\2017\03\31\08.27.21 101\Head2.jpg,True,635.080710348052,489.329882569717,.\Image\Alignment\2017\03\31\08.27.21 101\Head3.jpg,True,639.653681597795,483.37911749283,.\Image\Alignment\2017\03\31\08.27.21 101\Head4.jpg
2017.03.31 08:27:22 832,TFT_SIDE5.46,0,OK,-0.0021,0.0059,0.0084,-0.0006,0,0,True,640.564285976104,479.751627366413,.\Image\Alignment\2017\03\31\08.27.22 832\Head1.jpg,True,638.437505418234,483.562870193626,.\Image\Alignment\2017\03\31\08.27.22 832\Head2.jpg,True,637.761626060717,483.456310884768,.\Image\Alignment\2017\03\31\08.27.22 832\Head3.jpg,True,640.166813508199,479.809166518725,.\Image\Alignment\2017\03\31\08.27.22 832\Head4.jpg
2017.03.31 08:27:41 331,TFT_SIDE5.46,90,RETRY,-0.8303,-0.6956,-0.8345,-0.6729,0.1167,0.02717,True,901.233077640643,556.537535531358,.\Image\Alignment\2017\03\31\08.27.41 331\Head1.jpg,True,844.629976858668,531.664968481652,.\Image\Alignment\2017\03\31\08.27.41 331\Head2.jpg,True,881.226174043104,514.368232386278,.\Image\Alignment\2017\03\31\08.27.41 331\Head3.jpg,True,858.374762998674,481.0241200202,.\Image\Alignment\2017\03\31\08.27.41 331\Head4.jpg
2017.03.31 08:27:43 185,TFT_SIDE5.46,90,RETRY,-0.0151,0.067,0.0684,-0.0137,0.0655,-0.00242,True,640.531126207355,493.442802485348,.\Image\Alignment\2017\03\31\08.27.43 185\Head1.jpg,True,620.323465360064,499.241711440733,.\Image\Alignment\2017\03\31\08.27.43 185\Head2.jpg,True,619.898241511553,500.885017564856,.\Image\Alignment\2017\03\31\08.27.43 185\Head3.jpg,True,640.073793681542,500.177334540169,.\Image\Alignment\2017\03\31\08.27.43 185\Head4.jpg
2017.03.31 08:27:45 038,TFT_SIDE5.46,90,RETRY,0.0033,-0.0068,-0.0076,-0.0002,-0.0052,0.00014,True,639.31952846418,478.849331931115,.\Image\Alignment\2017\03\31\08.27.45 038\Head1.jpg,True,641.822803315452,482.22226514884,.\Image\Alignment\2017\03\31\08.27.45 038\Head2.jpg,True,642.008258060941,482.221704919823,.\Image\Alignment\2017\03\31\08.27.45 038\Head3.jpg,True,640.246410804416,478.472868667811,.\Image\Alignment\2017\03\31\08.27.45 038\Head4.jpg
2017.03.31 08:27:46 729,TFT_SIDE5.46,90,OK,-0.0013,0.0012,0.0017,-0.0002,0,0,True,640.341499641905,480.125291309797,.\Image\Alignment\2017\03\31\08.27.46 729\Head1.jpg,True,639.681567443937,483.62450633015,.\Image\Alignment\2017\03\31\08.27.46 729\Head2.jpg,True,639.544677331967,483.662241827866,.\Image\Alignment\2017\03\31\08.27.46 729\Head3.jpg,True,640.064502191361,480.040323059887,.\Image\Alignment\2017\03\31\08.27.46 729\Head4.jpg
2017.03.31 08:30:24 721,TFT_SIDE5.46,0,RETRY,-0.8097,-0.5879,-0.7287,-0.6545,0.4367,0.01483,True,882.517056609913,617.936511530992,.\Image\Alignment\2017\03\31\08.30.24 721\Head1.jpg,True,825.26934505704,603.32457104075,.\Image\Alignment\2017\03\31\08.30.24 721\Head2.jpg,True,862.127845052641,588.217126748111,.\Image\Alignment\2017\03\31\08.30.24 721\Head3.jpg,True,839.86504071884,575.463177171369,.\Image\Alignment\2017\03\31\08.30.24 721\Head4.jpg
2017.03.31 08:30:26 587,TFT_SIDE5.46,0,RETRY,-0.0199,-0.0333,-0.0336,-0.0166,-0.001,-0.00277,True,640.41577713752,475.729967848107,.\Image\Alignment\2017\03\31\08.30.26 587\Head1.jpg,True,643.17791128688,481.404438372597,.\Image\Alignment\2017\03\31\08.30.26 587\Head2.jpg,True,643.216008235205,484.524299802681,.\Image\Alignment\2017\03\31\08.30.26 587\Head3.jpg,True,639.517369880547,483.768872744255,.\Image\Alignment\2017\03\31\08.30.26 587\Head4.jpg
2017.03.31 08:30:28 305,TFT_SIDE5.46,0,OK,0.0006,0.0023,0.0024,-0.0005,0,0,True,639.830293194813,480.166599683675,.\Image\Alignment\2017\03\31\08.30.28 305\Head1.jpg,True,639.37698610624,482.820578045086,.\Image\Alignment\2017\03\31\08.30.28 305\Head2.jpg,True,639.362784495639,483.505574640463,.\Image\Alignment\2017\03\31\08.30.28 305\Head3.jpg,True,640.121943264458,479.937506344032,.\Image\Alignment\2017\03\31\08.30.28 305\Head4.jpg
2017.03.31 08:30:46 855,TFT_SIDE5.46,90,RETRY,-0.6595,-0.4597,-0.5988,-0.5019,0.0499,0.00117,True,817.821883354066,495.15467421463,.\Image\Alignment\2017\03\31\08.30.46 855\Head1.jpg,True,761.785799980178,496.772473876845,.\Image\Alignment\2017\03\31\08.30.46 855\Head2.jpg,True,798.550989917229,497.655664676056,.\Image\Alignment\2017\03\31\08.30.46 855\Head3.jpg,True,775.221569965102,492.519194573464,.\Image\Alignment\2017\03\31\08.30.46 855\Head4.jpg
2017.03.31 08:30:48 751,TFT_SIDE5.46,90,RETRY,-0.0059,0.007,0.0091,-0.0004,0.008,-0.00069,True,640.570622681212,480.991601201757,.\Image\Alignment\2017\03\31\08.30.48 751\Head1.jpg,True,637.446953191384,484.528866102385,.\Image\Alignment\2017\03\31\08.30.48 751\Head2.jpg,True,636.86035325542,485.165772340832,.\Image\Alignment\2017\03\31\08.30.48 751\Head3.jpg,True,639.11271414435,482.915296248572,.\Image\Alignment\2017\03\31\08.30.48 751\Head4.jpg
2017.03.31 08:30:50 577,TFT_SIDE5.46,90,OK,0.0001,-0.0021,-0.0018,-0.0005,0,0,True,639.96093575837,479.523489132677,.\Image\Alignment\2017\03\31\08.30.50 577\Head1.jpg,True,640.571609610812,482.549157534693,.\Image\Alignment\2017\03\31\08.30.50 577\Head2.jpg,True,640.484054668188,482.594197739704,.\Image\Alignment\2017\03\31\08.30.50 577\Head3.jpg,True,640.131982213531,479.333713107306,.\Image\Alignment\2017\03\31\08.30.50 577\Head4.jpg
2017.03.31 08:33:48 031,TFT_SIDE5.46,0,RETRY,-0.8823,-0.7926,-0.9339,-0.7246,0.4396,0.01654,True,904.957594378271,621.1896213063,.\Image\Alignment\2017\03\31\08.33.48 031\Head1.jpg,True,847.622868906981,588.146802369697,.\Image\Alignment\2017\03\31\08.33.48 031\Head2.jpg,True,884.5919343478,590.628207982801,.\Image\Alignment\2017\03\31\08.33.48 031\Head3.jpg,True,861.532080395812,573.845777192641,.\Image\Alignment\2017\03\31\08.33.48 031\Head4.jpg
2017.03.31 08:33:49 870,TFT_SIDE5.46,0,RETRY,0.039,0.1549,0.1545,0.0422,0.0086,0.00605,True,640.266562595016,491.052877461842,.\Image\Alignment\2017\03\31\08.33.49 870\Head1.jpg,True,607.899456255659,487.880526278816,.\Image\Alignment\2017\03\31\08.33.49 870\Head2.jpg,True,608.031810962199,482.808748280555,.\Image\Alignment\2017\03\31\08.33.49 870\Head3.jpg,True,639.433673089845,473.484011424444,.\Image\Alignment\2017\03\31\08.33.49 870\Head4.jpg
2017.03.31 08:33:51 724,TFT_SIDE5.46,0,RETRY,-0.002,0.0006,-0.0003,-0.0034,0.0006,-0.00052,True,639.601518314326,479.403491956324,.\Image\Alignment\2017\03\31\08.33.51 724\Head1.jpg,True,637.44452698188,482.710148344756,.\Image\Alignment\2017\03\31\08.33.51 724\Head2.jpg,True,637.650620967809,484.020136257612,.\Image\Alignment\2017\03\31\08.33.51 724\Head3.jpg,True,639.97021467023,480.916261826561,.\Image\Alignment\2017\03\31\08.33.51 724\Head4.jpg
2017.03.31 08:33:53 468,TFT_SIDE5.46,0,RETRY,0.0012,-0.0001,0.0045,-0.0007,-0.0008,-0.00013,True,639.448274902183,479.594644151507,.\Image\Alignment\2017\03\31\08.33.53 468\Head1.jpg,True,639.354613414942,482.781838877934,.\Image\Alignment\2017\03\31\08.33.53 468\Head2.jpg,True,638.124260415543,483.139570630782,.\Image\Alignment\2017\03\31\08.33.53 468\Head3.jpg,True,639.963520321051,479.972907367431,.\Image\Alignment\2017\03\31\08.33.53 468\Head4.jpg
2017.03.31 08:33:55 308,TFT_SIDE5.46,0,RETRY,0.0011,0.0039,0.0034,0.0009,-0.0016,0.00012,True,639.914056151512,479.754577024638,.\Image\Alignment\2017\03\31\08.33.55 308\Head1.jpg,True,639.202100268562,482.900043152343,.\Image\Alignment\2017\03\31\08.33.55 308\Head2.jpg,True,639.311131771046,482.77295751907,.\Image\Alignment\2017\03\31\08.33.55 308\Head3.jpg,True,639.981650267555,479.416392936679,.\Image\Alignment\2017\03\31\08.33.55 308\Head4.jpg
2017.03.31 08:33:57 094,TFT_SIDE5.46,0,RETRY,0.0035,0.0121,0.01,0.0039,-0.0001,0.00017,True,639.378822388129,480.209524928544,.\Image\Alignment\2017\03\31\08.33.57 094\Head1.jpg,True,639.371018379734,483.620433721441,.\Image\Alignment\2017\03\31\08.33.57 094\Head2.jpg,True,639.92043905657,482.207764724574,.\Image\Alignment\2017\03\31\08.33.57 094\Head3.jpg,True,639.262301684997,479.708045306194,.\Image\Alignment\2017\03\31\08.33.57 094\Head4.jpg
2017.03.31 08:33:58 838,TFT_SIDE5.46,0,RETRY,0.0006,-0.0137,-0.0143,0.0011,-0.0001,5E-05,True,639.921831853406,480.049000150872,.\Image\Alignment\2017\03\31\08.33.58 838\Head1.jpg,True,642.18844398929,482.684588213208,.\Image\Alignment\2017\03\31\08.33.58 838\Head2.jpg,True,642.333714484762,483.483733162681,.\Image\Alignment\2017\03\31\08.33.58 838\Head3.jpg,True,639.809549681986,479.89990249622,.\Image\Alignment\2017\03\31\08.33.58 838\Head4.jpg
2017.03.31 08:34:00 664,TFT_SIDE5.46,0,OK,-0.0005,0.0063,0.008,0.0005,0,0,True,640.137314383896,479.875879947931,.\Image\Alignment\2017\03\31\08.34.00 664\Head1.jpg,True,638.317837473231,482.579646567581,.\Image\Alignment\2017\03\31\08.34.00 664\Head2.jpg,True,637.876997164751,483.574254499088,.\Image\Alignment\2017\03\31\08.34.00 664\Head3.jpg,True,639.872866262511,480.111048390356,.\Image\Alignment\2017\03\31\08.34.00 664\Head4.jpg
2017.03.31 08:34:19 206,TFT_SIDE5.46,90,RETRY,-0.6689,-0.5019,-0.6406,-0.5071,0.0099,0.01235,True,836.568341021741,503.189696262388,.\Image\Alignment\2017\03\31\08.34.19 206\Head1.jpg,True,779.86680469875,493.193266878479,.\Image\Alignment\2017\03\31\08.34.19 206\Head2.jpg,True,816.556865562074,487.845935601726,.\Image\Alignment\2017\03\31\08.34.19 206\Head3.jpg,True,792.86817260883,469.21282133745,.\Image\Alignment\2017\03\31\08.34.19 206\Head4.jpg
2017.03.31 08:34:21 073,TFT_SIDE5.46,90,RETRY,-0.0097,0.0396,0.0415,-0.0091,0.0349,-0.00171,True,640.117438431986,486.464447214465,.\Image\Alignment\2017\03\31\08.34.21 073\Head1.jpg,True,628.235195003409,491.355458312545,.\Image\Alignment\2017\03\31\08.34.21 073\Head2.jpg,True,627.710330306983,492.441706212721,.\Image\Alignment\2017\03\31\08.34.21 073\Head3.jpg,True,639.897216532082,491.243192318363,.\Image\Alignment\2017\03\31\08.34.21 073\Head4.jpg
2017.03.31 08:34:22 859,TFT_SIDE5.46,90,OK,0.0008,-0.0024,-0.0057,0,0,0,True,639.792776450039,478.989132625183,.\Image\Alignment\2017\03\31\08.34.22 859\Head1.jpg,True,640.645237128037,482.108864290966,.\Image\Alignment\2017\03\31\08.34.22 859\Head2.jpg,True,641.531348575536,481.913123138945,.\Image\Alignment\2017\03\31\08.34.22 859\Head3.jpg,True,640.007360308591,478.735087570377,.\Image\Alignment\2017\03\31\08.34.22 859\Head4.jpg
2017.03.31 08:38:23 927,TFT_SIDE5.46,0,RETRY,-0.6659,-0.5012,-0.6424,-0.5097,0.6318,0.03051,True,871.811900185376,692.834196562672,.\Image\Alignment\2017\03\31\08.38.23 927\Head1.jpg,True,814.366992227787,662.544765544633,.\Image\Alignment\2017\03\31\08.38.23 927\Head2.jpg,True,851.145366847737,640.766378375598,.\Image\Alignment\2017\03\31\08.38.23 927\Head3.jpg,True,828.766594848769,604.56755227668,.\Image\Alignment\2017\03\31\08.38.23 927\Head4.jpg
2017.03.31 08:38:25 809,TFT_SIDE5.46,0,RETRY,0.0117,0.0504,0.0521,0.0146,-0.0051,0.00141,True,639.362951414666,480.67665032855,.\Image\Alignment\2017\03\31\08.38.25 809\Head1.jpg,True,627.465546934604,481.975795074826,.\Image\Alignment\2017\03\31\08.38.25 809\Head2.jpg,True,627.040497109374,481.456016368469,.\Image\Alignment\2017\03\31\08.38.25 809\Head3.jpg,True,638.611139897217,476.573419632608,.\Image\Alignment\2017\03\31\08.38.25 809\Head4.jpg
2017.03.31 08:38:27 635,TFT_SIDE5.46,0,OK,-0.0018,0.0081,0.0036,-0.0012,0,0,True,640.472164571555,480.79358311239,.\Image\Alignment\2017\03\31\08.38.27 635\Head1.jpg,True,637.828966771091,483.110879682429,.\Image\Alignment\2017\03\31\08.38.27 635\Head2.jpg,True,639.049895493344,483.622569976082,.\Image\Alignment\2017\03\31\08.38.27 635\Head3.jpg,True,640.312826618401,480.880865499822,.\Image\Alignment\2017\03\31\08.38.27 635\Head4.jpg
2017.03.31 08:38:46 140,TFT_SIDE5.46,90,RETRY,-0.8499,-0.6768,-0.8128,-0.6877,0.1782,0.02238,True,899.499842650079,564.92805521699,.\Image\Alignment\2017\03\31\08.38.46 140\Head1.jpg,True,842.121769026171,535.950351293562,.\Image\Alignment\2017\03\31\08.38.46 140\Head2.jpg,True,877.967297910998,516.35048188119,.\Image\Alignment\2017\03\31\08.38.46 140\Head3.jpg,True,855.29466259245,502.830976529123,.\Image\Alignment\2017\03\31\08.38.46 140\Head4.jpg
2017.03.31 08:38:47 981,TFT_SIDE5.46,90,RETRY,-0.0096,0.0343,0.032,-0.0091,0.0545,-0.00165,True,640.182884926472,491.790517325138,.\Image\Alignment\2017\03\31\08.38.47 981\Head1.jpg,True,629.58489919675,496.554409143687,.\Image\Alignment\2017\03\31\08.38.47 981\Head2.jpg,True,630.126808468261,497.720193004023,.\Image\Alignment\2017\03\31\08.38.47 981\Head3.jpg,True,639.958367604387,496.372248574377,.\Image\Alignment\2017\03\31\08.38.47 981\Head4.jpg
2017.03.31 08:38:49 753,TFT_SIDE5.46,90,OK,0.0011,-0.0047,-0.0042,0.0014,0,0,True,639.696308121792,478.935710983226,.\Image\Alignment\2017\03\31\08.38.49 753\Head1.jpg,True,641.254755174034,481.959003316174,.\Image\Alignment\2017\03\31\08.38.49 753\Head2.jpg,True,641.125239229202,482.266378064646,.\Image\Alignment\2017\03\31\08.38.49 753\Head3.jpg,True,639.629854821896,478.751927536474,.\Image\Alignment\2017\03\31\08.38.49 753\Head4.jpg
2017.03.31 08:43:03 533,TFT_SIDE5.46,0,RETRY,-0.5363,-0.4133,-0.5535,-0.3796,0.5632,0.05473,True,879.917012627916,709.700703293758,.\Image\Alignment\2017\03\31\08.43.03 533\Head1.jpg,True,823.105902731664,664.320032582558,.\Image\Alignment\2017\03\31\08.43.03 533\Head2.jpg,True,859.673330798819,625.023558152087,.\Image\Alignment\2017\03\31\08.43.03 533\Head3.jpg,True,836.965872049633,551.283344580046,.\Image\Alignment\2017\03\31\08.43.03 533\Head4.jpg
2017.03.31 08:43:05 415,TFT_SIDE5.46,0,RETRY,-0.0665,0.0173,0.0138,-0.0656,0.0287,-0.00977,True,640.510025649348,473.508358235437,.\Image\Alignment\2017\03\31\08.43.05 415\Head1.jpg,True,616.640730877122,485.521429771877,.\Image\Alignment\2017\03\31\08.43.05 415\Head2.jpg,True,617.533764461976,495.721110108241,.\Image\Alignment\2017\03\31\08.43.05 415\Head3.jpg,True,640.193534538635,501.813028395779,.\Image\Alignment\2017\03\31\08.43.05 415\Head4.jpg
2017.03.31 08:43:07 296,TFT_SIDE5.46,0,RETRY,-0.0031,0.0028,0,-0.0001,0.0018,-0.00018,True,640.516743140265,480.222313390963,.\Image\Alignment\2017\03\31\08.43.07 296\Head1.jpg,True,638.58540836057,482.793058213178,.\Image\Alignment\2017\03\31\08.43.07 296\Head2.jpg,True,639.322946245061,483.160306489309,.\Image\Alignment\2017\03\31\08.43.07 296\Head3.jpg,True,639.719783387854,480.739489019052,.\Image\Alignment\2017\03\31\08.43.07 296\Head4.jpg
2017.03.31 08:43:09 082,TFT_SIDE5.46,0,OK,0.0011,-0.0005,0.0038,-0.0018,0,0,True,639.714067262907,479.708543597038,.\Image\Alignment\2017\03\31\08.43.09 082\Head1.jpg,True,640.145616839624,482.197712972229,.\Image\Alignment\2017\03\31\08.43.09 082\Head2.jpg,True,638.993618190216,482.820498319825,.\Image\Alignment\2017\03\31\08.43.09 082\Head3.jpg,True,640.471993042593,479.502258260083,.\Image\Alignment\2017\03\31\08.43.09 082\Head4.jpg
2017.03.31 08:43:27 592,TFT_SIDE5.46,90,RETRY,-0.8056,-0.7109,-0.847,-0.6476,0.2054,0.03586,True,907.248765688178,594.811316918909,.\Image\Alignment\2017\03\31\08.43.27 592\Head1.jpg,True,850.937302121746,558.113124830082,.\Image\Alignment\2017\03\31\08.43.27 592\Head2.jpg,True,886.7039991304,538.776840258538,.\Image\Alignment\2017\03\31\08.43.27 592\Head3.jpg,True,864.134454919551,494.754216585518,.\Image\Alignment\2017\03\31\08.43.27 592\Head4.jpg
2017.03.31 08:43:29 502,TFT_SIDE5.46,90,RETRY,-0.0155,0.1082,0.1048,-0.0133,0.0803,-0.00228,True,640.852415369603,497.615628643573,.\Image\Alignment\2017\03\31\08.43.29 502\Head1.jpg,True,609.718914263123,503.397092525143,.\Image\Alignment\2017\03\31\08.43.29 502\Head2.jpg,True,610.546801529939,504.698185424409,.\Image\Alignment\2017\03\31\08.43.29 502\Head3.jpg,True,640.143055412297,503.940920360412,.\Image\Alignment\2017\03\31\08.43.29 502\Head4.jpg
2017.03.31 08:43:31 247,TFT_SIDE5.46,90,OK,0.002,-0.0063,-0.0068,0.0019,0,0,True,639.464713599877,478.636000134667,.\Image\Alignment\2017\03\31\08.43.31 247\Head1.jpg,True,641.674174690214,481.750663801297,.\Image\Alignment\2017\03\31\08.43.31 247\Head2.jpg,True,641.81270117083,481.928515030299,.\Image\Alignment\2017\03\31\08.43.31 247\Head3.jpg,True,639.496469640903,478.430542888314,.\Image\Alignment\2017\03\31\08.43.31 247\Head4.jpg
2017.03.31 08:53:32 838,TFT_SIDE5.46,0,RETRY,-0.772,-0.5004,-0.6424,-0.6187,0.5287,0.02672,True,893.449877212718,659.79193420152,.\Image\Alignment\2017\03\31\08.53.32 838\Head1.jpg,True,836.23937563894,644.327871630652,.\Image\Alignment\2017\03\31\08.53.32 838\Head2.jpg,True,873.313976525199,610.557862681439,.\Image\Alignment\2017\03\31\08.53.32 838\Head3.jpg,True,851.181864162665,582.778373989932,.\Image\Alignment\2017\03\31\08.53.32 838\Head4.jpg
2017.03.31 08:53:34 679,TFT_SIDE5.46,0,RETRY,0.0021,-0.0616,-0.064,0.0076,0.0042,2E-05,True,639.478444589607,481.164938073736,.\Image\Alignment\2017\03\31\08.53.34 679\Head1.jpg,True,654.833732937744,483.640576886141,.\Image\Alignment\2017\03\31\08.53.34 679\Head2.jpg,True,655.453653918341,484.531768362188,.\Image\Alignment\2017\03\31\08.53.34 679\Head3.jpg,True,638.020723390878,481.085428781701,.\Image\Alignment\2017\03\31\08.53.34 679\Head4.jpg
2017.03.31 08:53:36 490,TFT_SIDE5.46,0,OK,0.0006,0.0045,0.0078,0,0,0,True,639.838018248664,480.112447353823,.\Image\Alignment\2017\03\31\08.53.36 490\Head1.jpg,True,638.805118775141,482.782597320188,.\Image\Alignment\2017\03\31\08.53.36 490\Head2.jpg,True,637.921526265336,483.486224770677,.\Image\Alignment\2017\03\31\08.53.36 490\Head3.jpg,True,639.989043695624,480.146748345348,.\Image\Alignment\2017\03\31\08.53.36 490\Head4.jpg
2017.03.31 08:53:55 050,TFT_SIDE5.46,90,RETRY,-0.7502,-0.5958,-0.7338,-0.5909,0.0774,0.01716,True,865.296744590246,529.295079576382,.\Image\Alignment\2017\03\31\08.53.55 050\Head1.jpg,True,809.120376303825,514.468255149244,.\Image\Alignment\2017\03\31\08.53.55 050\Head2.jpg,True,845.545618069084,505.288328528498,.\Image\Alignment\2017\03\31\08.53.55 050\Head3.jpg,True,822.083952490697,481.825070935152,.\Image\Alignment\2017\03\31\08.53.55 050\Head4.jpg
2017.03.31 08:53:56 890,TFT_SIDE5.46,90,RETRY,-0.0125,0.0506,0.0502,-0.0108,0.0414,-0.00169,True,640.881338394334,488.216363487364,.\Image\Alignment\2017\03\31\08.53.56 890\Head1.jpg,True,625.442224081514,493.636918606234,.\Image\Alignment\2017\03\31\08.53.56 890\Head2.jpg,True,625.487996676385,494.613841958796,.\Image\Alignment\2017\03\31\08.53.56 890\Head3.jpg,True,640.364807942907,492.94529428275,.\Image\Alignment\2017\03\31\08.53.56 890\Head4.jpg
2017.03.31 08:53:58 729,TFT_SIDE5.46,90,RETRY,0.0015,-0.0056,-0.0067,0.001,-0.004,0.00016,True,639.827999954607,479.201821976163,.\Image\Alignment\2017\03\31\08.53.58 729\Head1.jpg,True,641.267567863943,482.395281781261,.\Image\Alignment\2017\03\31\08.53.58 729\Head2.jpg,True,641.544270904866,482.603433769038,.\Image\Alignment\2017\03\31\08.53.58 729\Head3.jpg,True,639.968221482329,478.741894594757,.\Image\Alignment\2017\03\31\08.53.58 729\Head4.jpg
2017.03.31 08:54:00 501,TFT_SIDE5.46,90,OK,0.0001,0.0009,0.0015,-0.0008,0,0,True,639.966179406908,480.267067310481,.\Image\Alignment\2017\03\31\08.54.00 501\Head1.jpg,True,639.753496566719,483.657621255573,.\Image\Alignment\2017\03\31\08.54.00 501\Head2.jpg,True,639.589629286474,483.797585531452,.\Image\Alignment\2017\03\31\08.54.00 501\Head3.jpg,True,640.207282073128,480.353193907877,.\Image\Alignment\2017\03\31\08.54.00 501\Head4.jpg
2017.03.31 08:56:49 549,TFT_SIDE5.46,0,RETRY,-0.6598,-0.4374,-0.5781,-0.504,0.5097,0.02766,True,865.134526535704,656.070192547441,.\Image\Alignment\2017\03\31\08.56.49 549\Head1.jpg,True,807.804440501317,635.519937259563,.\Image\Alignment\2017\03\31\08.56.49 549\Head2.jpg,True,844.574143728433,608.037953195955,.\Image\Alignment\2017\03\31\08.56.49 549\Head3.jpg,True,822.363972770667,576.204760642709,.\Image\Alignment\2017\03\31\08.56.49 549\Head4.jpg
2017.03.31 08:56:51 391,TFT_SIDE5.46,0,RETRY,-0.0006,-0.0178,-0.0152,0.0026,-0.0008,-0.00063,True,639.041686829358,478.879474953133,.\Image\Alignment\2017\03\31\08.56.51 391\Head1.jpg,True,642.092040843066,482.328684447407,.\Image\Alignment\2017\03\31\08.56.51 391\Head2.jpg,True,641.401607161943,483.773644635534,.\Image\Alignment\2017\03\31\08.56.51 391\Head3.jpg,True,638.186347855175,480.695052870746,.\Image\Alignment\2017\03\31\08.56.51 391\Head4.jpg
2017.03.31 08:56:53 163,TFT_SIDE5.46,0,OK,-0.0018,0.0065,0.0028,-0.0019,0,0,True,640.475761948119,480.261815935775,.\Image\Alignment\2017\03\31\08.56.53 163\Head1.jpg,True,638.270536796551,483.290784145363,.\Image\Alignment\2017\03\31\08.56.53 163\Head2.jpg,True,639.249048029993,483.849831463246,.\Image\Alignment\2017\03\31\08.56.53 163\Head3.jpg,True,640.495106620653,480.415723997854,.\Image\Alignment\2017\03\31\08.56.53 163\Head4.jpg
2017.03.31 08:57:11 704,TFT_SIDE5.46,90,RETRY,-0.7307,-0.58,-0.7181,-0.5703,0.1879,0.01752,True,860.61512426532,559.379000600762,.\Image\Alignment\2017\03\31\08.57.11 704\Head1.jpg,True,804.080814673097,542.47995443973,.\Image\Alignment\2017\03\31\08.57.11 704\Head2.jpg,True,840.424369328035,534.0558068622,.\Image\Alignment\2017\03\31\08.57.11 704\Head3.jpg,True,816.993102351722,510.762155779193,.\Image\Alignment\2017\03\31\08.57.11 704\Head4.jpg
2017.03.31 08:57:13 545,TFT_SIDE5.46,90,RETRY,-0.0101,0.0535,0.0535,-0.009,0.0399,-0.00135,True,640.756418595842,488.394647353966,.\Image\Alignment\2017\03\31\08.57.13 545\Head1.jpg,True,624.635527852346,492.95235898412,.\Image\Alignment\2017\03\31\08.57.13 545\Head2.jpg,True,624.576691542737,493.963274022779,.\Image\Alignment\2017\03\31\08.57.13 545\Head3.jpg,True,640.402965129661,492.146300657371,.\Image\Alignment\2017\03\31\08.57.13 545\Head4.jpg
2017.03.31 08:57:15 358,TFT_SIDE5.46,90,RETRY,0.0006,-0.0022,-0.0028,0.0015,-0.004,-0.00016,True,639.613131846788,478.661785901683,.\Image\Alignment\2017\03\31\08.57.15 358\Head1.jpg,True,640.156241536158,481.944875644554,.\Image\Alignment\2017\03\31\08.57.15 358\Head2.jpg,True,640.315604651989,482.34213876823,.\Image\Alignment\2017\03\31\08.57.15 358\Head3.jpg,True,639.359048175764,479.116319636795,.\Image\Alignment\2017\03\31\08.57.15 358\Head4.jpg
2017.03.31 08:57:17 212,TFT_SIDE5.46,90,RETRY,0.0011,0.0018,-0.0004,0.0006,-0.0004,0.00012,True,639.876321416621,480.103126834888,.\Image\Alignment\2017\03\31\08.57.17 212\Head1.jpg,True,639.556746509126,483.205833772931,.\Image\Alignment\2017\03\31\08.57.17 212\Head2.jpg,True,640.12888097795,483.182903805325,.\Image\Alignment\2017\03\31\08.57.17 212\Head3.jpg,True,640.015124860289,479.757981537483,.\Image\Alignment\2017\03\31\08.57.17 212\Head4.jpg
2017.03.31 08:57:18 957,TFT_SIDE5.46,90,RETRY,-0.0014,-0.0003,0.0016,-0.0009,0.0002,-0.00011,True,640.227862455032,479.872965219474,.\Image\Alignment\2017\03\31\08.57.18 957\Head1.jpg,True,640.212647757574,483.356205398477,.\Image\Alignment\2017\03\31\08.57.18 957\Head2.jpg,True,639.704483771147,483.223660769018,.\Image\Alignment\2017\03\31\08.57.18 957\Head3.jpg,True,640.09041296896,480.179504652959,.\Image\Alignment\2017\03\31\08.57.18 957\Head4.jpg
2017.03.31 08:57:20 689,TFT_SIDE5.46,90,OK,0.0008,-0.0011,0.0005,0.0014,0,0,True,639.79696192847,479.97297618284,.\Image\Alignment\2017\03\31\08.57.20 689\Head1.jpg,True,640.295078780397,483.14441556401,.\Image\Alignment\2017\03\31\08.57.20 689\Head2.jpg,True,639.867983615359,483.141752717815,.\Image\Alignment\2017\03\31\08.57.20 689\Head3.jpg,True,639.6337177133,479.939311210474,.\Image\Alignment\2017\03\31\08.57.20 689\Head4.jpg
2017.03.31 09:01:17 524,TFT_SIDE5.46,0,RETRY,-0.9076,-0.5269,-0.6697,-0.7518,0.4562,0.0121,True,903.860764689038,619.171385686681,.\Image\Alignment\2017\03\31\09.01.17 524\Head1.jpg,True,845.643633966879,634.108402307074,.\Image\Alignment\2017\03\31\09.01.17 524\Head2.jpg,True,882.984878784583,599.077872711244,.\Image\Alignment\2017\03\31\09.01.17 524\Head3.jpg,True,860.904278541446,584.700012552753,.\Image\Alignment\2017\03\31\09.01.17 524\Head4.jpg
2017.03.31 09:01:19 391,TFT_SIDE5.46,0,RETRY,-0.0033,-0.1785,-0.1782,-0.0011,0.0877,-0.00032,True,640.324919463597,502.934932291749,.\Image\Alignment\2017\03\31\09.01.19 391\Head1.jpg,True,685.067808987902,505.864590892778,.\Image\Alignment\2017\03\31\09.01.19 391\Head2.jpg,True,684.832912716133,507.315330940993,.\Image\Alignment\2017\03\31\09.01.19 391\Head3.jpg,True,639.637253645634,503.767054676917,.\Image\Alignment\2017\03\31\09.01.19 391\Head4.jpg
2017.03.31 09:01:21 287,TFT_SIDE5.46,0,RETRY,0.0018,0.0087,0.0105,0.0008,0,0,True,639.52842739578,479.861416499062,.\Image\Alignment\2017\03\31\09.01.21 287\Head1.jpg,True,637.687585591468,482.711203614062,.\Image\Alignment\2017\03\31\09.01.21 287\Head2.jpg,True,637.208471160864,483.324044039364,.\Image\Alignment\2017\03\31\09.01.21 287\Head3.jpg,True,639.790485534243,480.073697208337,.\Image\Alignment\2017\03\31\09.01.21 287\Head4.jpg
2017.03.31 09:01:22 731,TFT_SIDE5.46,0,OK,-0.0014,-0.0004,-0.0002,0.0003,0,0,True,640.36601959862,479.608305061875,.\Image\Alignment\2017\03\31\09.01.22 731\Head1.jpg,True,640.111631727717,482.425624075027,.\Image\Alignment\2017\03\31\09.01.22 731\Head2.jpg,True,640.063323451833,482.870471755987,.\Image\Alignment\2017\03\31\09.01.22 731\Head3.jpg,True,639.926247064372,479.421064633343,.\Image\Alignment\2017\03\31\09.01.22 731\Head4.jpg
2017.03.31 09:01:41 349,TFT_SIDE5.46,90,RETRY,-0.7692,-0.5496,-0.688,-0.6089,-0.0381,0.0002,True,845.70398795528,470.013477499646,.\Image\Alignment\2017\03\31\09.01.41 349\Head1.jpg,True,789.300810792792,475.883345814933,.\Image\Alignment\2017\03\31\09.01.41 349\Head2.jpg,True,825.961543580202,473.535196714173,.\Image\Alignment\2017\03\31\09.01.41 349\Head3.jpg,True,802.401656300833,470.345026357334,.\Image\Alignment\2017\03\31\09.01.41 349\Head4.jpg
2017.03.31 09:01:43 216,TFT_SIDE5.46,90,RETRY,-0.0034,-0.0111,-0.0128,-0.0019,0.0137,-0.00028,True,640.503122313227,483.174773358488,.\Image\Alignment\2017\03\31\09.01.43 216\Head1.jpg,True,642.299254532346,486.564198480029,.\Image\Alignment\2017\03\31\09.01.43 216\Head2.jpg,True,642.736141700128,487.166194273582,.\Image\Alignment\2017\03\31\09.01.43 216\Head3.jpg,True,640.080037016487,483.958031359584,.\Image\Alignment\2017\03\31\09.01.43 216\Head4.jpg
2017.03.31 09:01:45 071,TFT_SIDE5.46,90,OK,0.0012,0.0002,0.0018,-0.0008,0,0,True,639.683723739264,479.556778331722,.\Image\Alignment\2017\03\31\09.01.45 071\Head1.jpg,True,639.948535548237,482.872820487257,.\Image\Alignment\2017\03\31\09.01.45 071\Head2.jpg,True,639.508069898967,483.046386396614,.\Image\Alignment\2017\03\31\09.01.45 071\Head3.jpg,True,640.210579761588,479.744099748823,.\Image\Alignment\2017\03\31\09.01.45 071\Head4.jpg
2017.03.31 09:08:39 964,TFT_SIDE5.46,0,RETRY,-0.6771,-0.5292,-0.6712,-0.5236,0.4596,0.04691,True,903.728885608701,670.669701859105,.\Image\Alignment\2017\03\31\09.08.39 964\Head1.jpg,True,846.314591495527,637.6788912084,.\Image\Alignment\2017\03\31\09.08.39 964\Head2.jpg,True,883.437402360031,602.609696121615,.\Image\Alignment\2017\03\31\09.08.39 964\Head3.jpg,True,861.621469621804,535.19344059763,.\Image\Alignment\2017\03\31\09.08.39 964\Head4.jpg
2017.03.31 09:08:41 872,TFT_SIDE5.46,0,RETRY,-0.0616,-0.0035,-0.0035,-0.0581,0.046,-0.00922,True,640.183588137452,478.935508925043,.\Image\Alignment\2017\03\31\09.08.41 872\Head1.jpg,True,623.117146257669,490.443250327805,.\Image\Alignment\2017\03\31\09.08.41 872\Head2.jpg,True,623.047339949137,500.141712499903,.\Image\Alignment\2017\03\31\09.08.41 872\Head3.jpg,True,639.136849948757,505.619416149807,.\Image\Alignment\2017\03\31\09.08.41 872\Head4.jpg
2017.03.31 09:08:43 575,TFT_SIDE5.46,0,OK,0.0003,0.0069,0.0051,0.0017,0,0,True,639.928447396582,480.042718081538,.\Image\Alignment\2017\03\31\09.08.43 575\Head1.jpg,True,638.167264646684,482.484117325341,.\Image\Alignment\2017\03\31\09.08.43 575\Head2.jpg,True,638.63589149596,483.445316244452,.\Image\Alignment\2017\03\31\09.08.43 575\Head3.jpg,True,639.554709297406,480.017881450841,.\Image\Alignment\2017\03\31\09.08.43 575\Head4.jpg
2017.03.31 09:09:02 095,TFT_SIDE5.46,90,RETRY,-0.7245,-0.6049,-0.744,-0.5645,0.0868,0.02802,True,874.201281702673,549.99781283539,.\Image\Alignment\2017\03\31\09.09.02 095\Head1.jpg,True,816.755586373681,514.919083163612,.\Image\Alignment\2017\03\31\09.09.02 095\Head2.jpg,True,853.47074585483,500.982214851527,.\Image\Alignment\2017\03\31\09.09.02 095\Head3.jpg,True,830.800911995409,471.985333007234,.\Image\Alignment\2017\03\31\09.09.02 095\Head4.jpg
2017.03.31 09:09:03 908,TFT_SIDE5.46,90,RETRY,-0.0129,0.0885,0.0873,-0.0126,0.0613,-0.00216,True,640.324475431144,492.737193329219,.\Image\Alignment\2017\03\31\09.09.03 908\Head1.jpg,True,615.197642362852,498.437239488943,.\Image\Alignment\2017\03\31\09.09.03 908\Head2.jpg,True,615.469189606916,499.53901655511,.\Image\Alignment\2017\03\31\09.09.03 908\Head3.jpg,True,640.146717316416,498.768209932573,.\Image\Alignment\2017\03\31\09.09.03 908\Head4.jpg
2017.03.31 09:09:05 734,TFT_SIDE5.46,90,RETRY,0.0035,-0.0071,-0.0065,0.0039,-0.0037,0.00024,True,639.409661879009,479.401097715849,.\Image\Alignment\2017\03\31\09.09.05 734\Head1.jpg,True,641.967304114139,482.320675916825,.\Image\Alignment\2017\03\31\09.09.05 734\Head2.jpg,True,641.782566396244,482.258181689566,.\Image\Alignment\2017\03\31\09.09.05 734\Head3.jpg,True,639.318071069492,478.736690113341,.\Image\Alignment\2017\03\31\09.09.05 734\Head4.jpg
2017.03.31 09:09:07 534,TFT_SIDE5.46,90,OK,-0.0014,0.0013,0.0008,-0.001,0,0,True,640.374022976407,480.110567838928,.\Image\Alignment\2017\03\31\09.09.07 534\Head1.jpg,True,639.649173111099,483.44872372239,.\Image\Alignment\2017\03\31\09.09.07 534\Head2.jpg,True,639.775509203874,483.555476610047,.\Image\Alignment\2017\03\31\09.09.07 534\Head3.jpg,True,640.260952833122,480.183711700983,.\Image\Alignment\2017\03\31\09.09.07 534\Head4.jpg
2017.03.31 09:12:01 214,TFT_SIDE5.46,0,RETRY,-0.7577,-0.5546,-0.6962,-0.6028,0.5564,0.02792,True,891.771563932271,668.932491485508,.\Image\Alignment\2017\03\31\09.12.01 214\Head1.jpg,True,834.347216273688,652.009211438351,.\Image\Alignment\2017\03\31\09.12.01 214\Head2.jpg,True,871.262490893843,627.131160786418,.\Image\Alignment\2017\03\31\09.12.01 214\Head3.jpg,True,849.059770399033,588.378703973882,.\Image\Alignment\2017\03\31\09.12.01 214\Head4.jpg
2017.03.31 09:12:03 108,TFT_SIDE5.46,0,RETRY,-0.001,0.0036,0.0023,0.0039,0.0084,-0.00073,True,638.991014120233,481.190491567116,.\Image\Alignment\2017\03\31\09.12.03 108\Head1.jpg,True,636.177619422172,484.293118866291,.\Image\Alignment\2017\03\31\09.12.03 108\Head2.jpg,True,636.497404001509,485.851059458708,.\Image\Alignment\2017\03\31\09.12.03 108\Head3.jpg,True,637.673911073565,483.292638131053,.\Image\Alignment\2017\03\31\09.12.03 108\Head4.jpg
2017.03.31 09:12:04 921,TFT_SIDE5.46,0,OK,-0.0004,0.0035,0.0058,-0.0018,0,0,True,640.109805656194,479.953530404982,.\Image\Alignment\2017\03\31\09.12.04 921\Head1.jpg,True,639.079170065678,482.384429531276,.\Image\Alignment\2017\03\31\09.12.04 921\Head2.jpg,True,638.462611364879,483.277365030864,.\Image\Alignment\2017\03\31\09.12.04 921\Head3.jpg,True,640.482094861883,479.769294656347,.\Image\Alignment\2017\03\31\09.12.04 921\Head4.jpg
2017.03.31 09:12:23 435,TFT_SIDE5.46,90,RETRY,-0.7869,-0.6354,-0.774,-0.6241,0.0823,0.0178,True,876.037540019231,531.659960784904,.\Image\Alignment\2017\03\31\09.12.23 435\Head1.jpg,True,818.851311356196,515.431075321177,.\Image\Alignment\2017\03\31\09.12.23 435\Head2.jpg,True,855.421533611562,507.007943011331,.\Image\Alignment\2017\03\31\09.12.23 435\Head3.jpg,True,831.841498809614,482.438080705393,.\Image\Alignment\2017\03\31\09.12.23 435\Head4.jpg
2017.03.31 09:12:25 234,TFT_SIDE5.46,90,RETRY,-0.0101,0.0573,0.0571,-0.009,0.0475,-0.00159,True,640.387571082684,490.015785762001,.\Image\Alignment\2017\03\31\09.12.25 234\Head1.jpg,True,623.613085955756,494.991078929354,.\Image\Alignment\2017\03\31\09.12.25 234\Head2.jpg,True,623.636149383108,495.996729575886,.\Image\Alignment\2017\03\31\09.12.25 234\Head3.jpg,True,640.034330426679,494.44065311816,.\Image\Alignment\2017\03\31\09.12.25 234\Head4.jpg
2017.03.31 09:12:27 034,TFT_SIDE5.46,90,RETRY,0.002,-0.0054,-0.0045,0.0012,-0.0041,0.00018,True,639.723557726853,479.192339668046,.\Image\Alignment\2017\03\31\09.12.27 034\Head1.jpg,True,641.519997332294,482.400953021924,.\Image\Alignment\2017\03\31\09.12.27 034\Head2.jpg,True,641.250418352843,482.339038034208,.\Image\Alignment\2017\03\31\09.12.27 034\Head3.jpg,True,639.935644650696,478.702479287574,.\Image\Alignment\2017\03\31\09.12.27 034\Head4.jpg
2017.03.31 09:12:28 765,TFT_SIDE5.46,90,OK,0.0001,0.0028,0.0007,0.0003,0,0,True,639.9717862684,480.202751814908,.\Image\Alignment\2017\03\31\09.12.28 765\Head1.jpg,True,639.258546030063,483.573258162009,.\Image\Alignment\2017\03\31\09.12.28 765\Head2.jpg,True,639.816888746918,483.587334942436,.\Image\Alignment\2017\03\31\09.12.28 765\Head3.jpg,True,639.90916312246,480.233498322514,.\Image\Alignment\2017\03\31\09.12.28 765\Head4.jpg
2017.03.31 09:15:38 559,TFT_SIDE5.46,0,RETRY,-0.8441,-0.6374,-0.7794,-0.6868,0.5243,0.01486,True,891.784681649832,641.377090047192,.\Image\Alignment\2017\03\31\09.15.38 559\Head1.jpg,True,834.29652694621,628.994835057867,.\Image\Alignment\2017\03\31\09.15.38 559\Head2.jpg,True,871.362968574171,616.182773042004,.\Image\Alignment\2017\03\31\09.15.38 559\Head3.jpg,True,848.386604185373,598.758128356786,.\Image\Alignment\2017\03\31\09.15.38 559\Head4.jpg
2017.03.31 09:15:40 452,TFT_SIDE5.46,0,RETRY,-0.0026,-0.0015,-0.0021,-0.0003,0.0042,-0.0002,True,640.346069598177,480.821387743337,.\Image\Alignment\2017\03\31\09.15.40 452\Head1.jpg,True,638.85055778139,483.148983980692,.\Image\Alignment\2017\03\31\09.15.40 452\Head2.jpg,True,638.976324932571,483.996334032679,.\Image\Alignment\2017\03\31\09.15.40 452\Head3.jpg,True,639.720521150848,481.394534884017,.\Image\Alignment\2017\03\31\09.15.40 452\Head4.jpg
2017.03.31 09:15:42 265,TFT_SIDE5.46,0,OK,0.0004,0.0038,0.0053,-0.0009,0,0,True,639.893651163782,479.967886302245,.\Image\Alignment\2017\03\31\09.15.42 265\Head1.jpg,True,638.989937693962,482.410595204941,.\Image\Alignment\2017\03\31\09.15.42 265\Head2.jpg,True,638.591843618473,483.431744931895,.\Image\Alignment\2017\03\31\09.15.42 265\Head3.jpg,True,640.249719561886,480.08889190673,.\Image\Alignment\2017\03\31\09.15.42 265\Head4.jpg
2017.03.31 09:16:03 053,TFT_SIDE5.46,90,RETRY,-0.7552,-0.5549,-0.6945,-0.5906,0.0211,0.00357,True,846.856869748103,491.463578076113,.\Image\Alignment\2017\03\31\09.16.03 053\Head1.jpg,True,789.33785154691,492.764686272451,.\Image\Alignment\2017\03\31\09.16.03 053\Head2.jpg,True,826.240275794742,491.671924081514,.\Image\Alignment\2017\03\31\09.16.03 053\Head3.jpg,True,802.345866905028,482.251051687806,.\Image\Alignment\2017\03\31\09.16.03 053\Head4.jpg
2017.03.31 09:16:04 894,TFT_SIDE5.46,90,RETRY,-0.003,0.012,0.0131,-0.0058,0.0169,-0.00088,True,639.540342237157,483.047211813089,.\Image\Alignment\2017\03\31\09.16.04 894\Head1.jpg,True,636.370865064141,487.761874014126,.\Image\Alignment\2017\03\31\09.16.04 894\Head2.jpg,True,636.044776346682,488.165132855893,.\Image\Alignment\2017\03\31\09.16.04 894\Head3.jpg,True,640.256625302058,485.501527338893,.\Image\Alignment\2017\03\31\09.16.04 894\Head4.jpg
2017.03.31 09:16:06 735,TFT_SIDE5.46,90,RETRY,0.0011,-0.0036,-0.0042,0.0008,-0.0028,0.00015,True,639.922732715223,479.506230755769,.\Image\Alignment\2017\03\31\09.16.06 735\Head1.jpg,True,641.171737233268,483.212537650335,.\Image\Alignment\2017\03\31\09.16.06 735\Head2.jpg,True,641.323264384295,483.021314875175,.\Image\Alignment\2017\03\31\09.16.06 735\Head3.jpg,True,640.022085654501,479.084592233507,.\Image\Alignment\2017\03\31\09.16.06 735\Head4.jpg
2017.03.31 09:16:08 588,TFT_SIDE5.46,90,OK,-0.0008,0.0015,0.0017,-0.0002,0,0,True,640.218803208392,480.355360982458,.\Image\Alignment\2017\03\31\09.16.08 588\Head1.jpg,True,639.609464138755,483.91270474574,.\Image\Alignment\2017\03\31\09.16.08 588\Head2.jpg,True,639.54197658058,483.795840405998,.\Image\Alignment\2017\03\31\09.16.08 588\Head3.jpg,True,640.045341509111,480.095491465369,.\Image\Alignment\2017\03\31\09.16.08 588\Head4.jpg
2017.03.31 09:17:06 458,TFT_SIDE5.46,90,RETRY,-0.7545,-0.5575,-0.6962,-0.5937,0.0289,0.00359,True,846.716981195888,493.579331356702,.\Image\Alignment\2017\03\31\09.17.06 458\Head1.jpg,True,789.924090731385,493.419451821552,.\Image\Alignment\2017\03\31\09.17.06 458\Head2.jpg,True,826.612912412941,492.414630233967,.\Image\Alignment\2017\03\31\09.17.06 458\Head3.jpg,True,803.190887187103,484.302857191055,.\Image\Alignment\2017\03\31\09.17.06 458\Head4.jpg
2017.03.31 09:17:08 296,TFT_SIDE5.46,90,RETRY,-0.0037,0.0128,0.0114,-0.0046,0.0101,-0.00079,True,639.840056480799,481.368642083879,.\Image\Alignment\2017\03\31\09.17.08 296\Head1.jpg,True,636.001135861198,485.810562923844,.\Image\Alignment\2017\03\31\09.17.08 296\Head2.jpg,True,636.341488896385,486.35016070893,.\Image\Alignment\2017\03\31\09.17.08 296\Head3.jpg,True,640.064988286794,483.576380568022,.\Image\Alignment\2017\03\31\09.17.08 296\Head4.jpg
2017.03.31 09:17:10 122,TFT_SIDE5.46,90,RETRY,-0.0003,-0.0027,-0.0015,0.0007,-0.0015,0.00017,True,640.338842326526,479.878925898606,.\Image\Alignment\2017\03\31\09.17.10 122\Head1.jpg,True,640.618820943052,482.890882815856,.\Image\Alignment\2017\03\31\09.17.10 122\Head2.jpg,True,640.296806479516,482.974713244851,.\Image\Alignment\2017\03\31\09.17.10 122\Head3.jpg,True,640.055818332251,479.404537834969,.\Image\Alignment\2017\03\31\09.17.10 122\Head4.jpg
2017.03.31 09:17:11 852,TFT_SIDE5.46,90,OK,0.002,0.0024,0.0018,0.0005,0,0,True,639.469888704275,479.770756950828,.\Image\Alignment\2017\03\31\09.17.11 852\Head1.jpg,True,639.355537509364,483.37522449779,.\Image\Alignment\2017\03\31\09.17.11 852\Head2.jpg,True,639.513031429037,483.517932839626,.\Image\Alignment\2017\03\31\09.17.11 852\Head3.jpg,True,639.864650745883,479.901131340669,.\Image\Alignment\2017\03\31\09.17.11 852\Head4.jpg
2017.03.31 09:19:52 116,TFT_SIDE5.46,0,RETRY,-0.7692,-0.5742,-0.7159,-0.6128,0.5002,0.0247,True,889.141992910927,649.237462445767,.\Image\Alignment\2017\03\31\09.19.52 116\Head1.jpg,True,831.432506742158,626.384324705675,.\Image\Alignment\2017\03\31\09.19.52 116\Head2.jpg,True,868.45020082587,605.945201335823,.\Image\Alignment\2017\03\31\09.19.52 116\Head3.jpg,True,846.095706480255,578.077738670438,.\Image\Alignment\2017\03\31\09.19.52 116\Head4.jpg
2017.03.31 09:19:53 943,TFT_SIDE5.46,0,RETRY,0.0061,0.0148,0.018,0.0083,0.0041,0.00027,True,638.855592099053,481.49244380912,.\Image\Alignment\2017\03\31\09.19.53 943\Head1.jpg,True,634.898753124172,483.467990644059,.\Image\Alignment\2017\03\31\09.19.53 943\Head2.jpg,True,634.023376704609,484.089924911807,.\Image\Alignment\2017\03\31\09.19.53 943\Head3.jpg,True,638.253909389219,480.694932564684,.\Image\Alignment\2017\03\31\09.19.53 943\Head4.jpg
2017.03.31 09:19:55 729,TFT_SIDE5.46,0,OK,-0.0013,0.0099,0.006,-0.0006,0,0,True,640.357777238559,480.132363759155,.\Image\Alignment\2017\03\31\09.19.55 729\Head1.jpg,True,637.349232191901,482.384288460971,.\Image\Alignment\2017\03\31\09.19.55 729\Head2.jpg,True,638.412030569925,483.174414091037,.\Image\Alignment\2017\03\31\09.19.55 729\Head3.jpg,True,640.165565877834,480.015523431126,.\Image\Alignment\2017\03\31\09.19.55 729\Head4.jpg
2017.03.31 09:20:14 211,TFT_SIDE5.46,90,RETRY,-0.7193,-0.5557,-0.6976,-0.563,0.0854,0.01586,True,855.152361753897,529.238771604636,.\Image\Alignment\2017\03\31\09.20.14 211\Head1.jpg,True,798.439075839783,515.909886148491,.\Image\Alignment\2017\03\31\09.20.14 211\Head2.jpg,True,835.883919065698,506.724811247974,.\Image\Alignment\2017\03\31\09.20.14 211\Head3.jpg,True,812.755244219097,485.380639437363,.\Image\Alignment\2017\03\31\09.20.14 211\Head4.jpg
2017.03.31 09:20:16 078,TFT_SIDE5.46,90,RETRY,-0.0133,0.0412,0.0459,-0.0091,0.0395,-0.00184,True,640.89616467957,487.461492429345,.\Image\Alignment\2017\03\31\09.20.16 078\Head1.jpg,True,628.194598442288,493.193016403928,.\Image\Alignment\2017\03\31\09.20.16 078\Head2.jpg,True,626.914780804347,493.937004494557,.\Image\Alignment\2017\03\31\09.20.16 078\Head3.jpg,True,639.699433529873,492.608609086429,.\Image\Alignment\2017\03\31\09.20.16 078\Head4.jpg
2017.03.31 09:20:17 834,TFT_SIDE5.46,90,OK,0.002,-0.0038,-0.0065,0.001,0,0,True,639.458896011477,478.621717441906,.\Image\Alignment\2017\03\31\09.20.17 834\Head1.jpg,True,641.013625523963,482.673459608264,.\Image\Alignment\2017\03\31\09.20.17 834\Head2.jpg,True,641.723369532596,482.34331557603,.\Image\Alignment\2017\03\31\09.20.17 834\Head3.jpg,True,639.72306122169,478.593363639196,.\Image\Alignment\2017\03\31\09.20.17 834\Head4.jpg
2017.03.31 09:23:16 088,TFT_SIDE5.46,0,RETRY,-0.7176,-0.6305,-0.7708,-0.5616,0.4484,0.04353,True,908.609614930506,662.798740271587,.\Image\Alignment\2017\03\31\09.23.16 088\Head1.jpg,True,851.26146569257,623.78141706015,.\Image\Alignment\2017\03\31\09.23.16 088\Head2.jpg,True,887.927903284614,600.748833961484,.\Image\Alignment\2017\03\31\09.23.16 088\Head3.jpg,True,865.795089732596,537.145600124023,.\Image\Alignment\2017\03\31\09.23.16 088\Head4.jpg
2017.03.31 09:23:17 928,TFT_SIDE5.46,0,RETRY,-0.0676,0.0522,0.0507,-0.0669,0.0299,-0.01026,True,639.962217001141,473.133938492364,.\Image\Alignment\2017\03\31\09.23.17 928\Head1.jpg,True,606.624433485199,485.437733130811,.\Image\Alignment\2017\03\31\09.23.17 928\Head2.jpg,True,606.988811743928,495.999927480423,.\Image\Alignment\2017\03\31\09.23.17 928\Head3.jpg,True,639.666573939563,502.849660726767,.\Image\Alignment\2017\03\31\09.23.17 928\Head4.jpg
2017.03.31 09:23:19 783,TFT_SIDE5.46,0,RETRY,-0.0014,0.0003,0.0001,0.0023,-0.0003,-0.00012,True,640.15223005298,479.749774825775,.\Image\Alignment\2017\03\31\09.23.19 783\Head1.jpg,True,638.161262524915,482.339713612986,.\Image\Alignment\2017\03\31\09.23.19 783\Head2.jpg,True,638.204262801702,483.289440464523,.\Image\Alignment\2017\03\31\09.23.19 783\Head3.jpg,True,639.168177975788,480.098974803258,.\Image\Alignment\2017\03\31\09.23.19 783\Head4.jpg
2017.03.31 09:23:21 609,TFT_SIDE5.46,0,OK,0.0016,0.0056,0.0068,-0.0011,0,0,True,639.570562778604,479.441933912135,.\Image\Alignment\2017\03\31\09.23.21 609\Head1.jpg,True,638.500972348465,481.756488410746,.\Image\Alignment\2017\03\31\09.23.21 609\Head2.jpg,True,638.191562987218,482.924060706113,.\Image\Alignment\2017\03\31\09.23.21 609\Head3.jpg,True,640.294180963893,479.516862525982,.\Image\Alignment\2017\03\31\09.23.21 609\Head4.jpg
2017.03.31 09:23:40 217,TFT_SIDE5.46,90,RETRY,-0.6963,-0.563,-0.7007,-0.5344,0.0511,0.02336,True,859.884102542616,532.661442402259,.\Image\Alignment\2017\03\31\09.23.40 217\Head1.jpg,True,803.091162165535,510.040647885467,.\Image\Alignment\2017\03\31\09.23.40 217\Head2.jpg,True,839.456004585753,498.375559442696,.\Image\Alignment\2017\03\31\09.23.40 217\Head3.jpg,True,816.092564478939,467.731268158255,.\Image\Alignment\2017\03\31\09.23.40 217\Head4.jpg
2017.03.31 09:23:42 044,TFT_SIDE5.46,90,RETRY,-0.0095,0.0718,0.0724,-0.0097,0.0521,-0.00151,True,640.341166836726,491.38158686693,.\Image\Alignment\2017\03\31\09.23.42 044\Head1.jpg,True,619.701084904778,496.348088183501,.\Image\Alignment\2017\03\31\09.23.42 044\Head2.jpg,True,619.494412898474,497.390395918836,.\Image\Alignment\2017\03\31\09.23.42 044\Head3.jpg,True,640.329495857147,495.592888544406,.\Image\Alignment\2017\03\31\09.23.42 044\Head4.jpg
2017.03.31 09:23:43 830,TFT_SIDE5.46,90,RETRY,0.0006,-0.0038,-0.0052,0.0008,-0.0026,0.00025,True,640.217332560945,479.736872653466,.\Image\Alignment\2017\03\31\09.23.43 830\Head1.jpg,True,641.045874074231,482.939738205664,.\Image\Alignment\2017\03\31\09.23.43 830\Head2.jpg,True,641.405459541761,482.908219406307,.\Image\Alignment\2017\03\31\09.23.43 830\Head3.jpg,True,640.149142293627,479.029106071855,.\Image\Alignment\2017\03\31\09.23.43 830\Head4.jpg
2017.03.31 09:23:45 645,TFT_SIDE5.46,90,OK,0.0013,0.0015,0.0038,-0.0007,0,0,True,639.651759433848,479.921007517414,.\Image\Alignment\2017\03\31\09.23.45 645\Head1.jpg,True,639.608821058317,483.349471181814,.\Image\Alignment\2017\03\31\09.23.45 645\Head2.jpg,True,638.989520443953,483.327612362966,.\Image\Alignment\2017\03\31\09.23.45 645\Head3.jpg,True,640.18442207055,480.113902051376,.\Image\Alignment\2017\03\31\09.23.45 645\Head4.jpg
2017.03.31 09:26:35 162,TFT_SIDE5.46,0,RETRY,-0.9224,-0.7472,-0.8872,-0.7695,0.4456,0.01782,True,917.918150203445,624.661428594666,.\Image\Alignment\2017\03\31\09.26.35 162\Head1.jpg,True,860.878860612199,611.059979325261,.\Image\Alignment\2017\03\31\09.26.35 162\Head2.jpg,True,897.457321993585,599.749552761553,.\Image\Alignment\2017\03\31\09.26.35 162\Head3.jpg,True,875.733133946459,573.68556627013,.\Image\Alignment\2017\03\31\09.26.35 162\Head4.jpg
2017.03.31 09:26:37 029,TFT_SIDE5.46,0,RETRY,-0.0164,0.0128,0.0129,-0.0113,-0.0034,-0.00238,True,640.187449159222,475.639063909295,.\Image\Alignment\2017\03\31\09.26.37 029\Head1.jpg,True,630.812694087121,480.218554475883,.\Image\Alignment\2017\03\31\09.26.37 029\Head2.jpg,True,630.7957884609,483.351596963524,.\Image\Alignment\2017\03\31\09.26.37 029\Head3.jpg,True,638.799412938293,482.543516765439,.\Image\Alignment\2017\03\31\09.26.37 029\Head4.jpg
2017.03.31 09:26:38 774,TFT_SIDE5.46,0,RETRY,0.0016,0.0025,0.0014,0.0003,0.0007,0.00021,True,639.928894197173,480.473809290914,.\Image\Alignment\2017\03\31\09.26.38 774\Head1.jpg,True,638.414812894961,482.778376188542,.\Image\Alignment\2017\03\31\09.26.38 774\Head2.jpg,True,638.688715586633,483.276991896093,.\Image\Alignment\2017\03\31\09.26.38 774\Head3.jpg,True,640.297070587646,479.873058896438,.\Image\Alignment\2017\03\31\09.26.38 774\Head4.jpg
2017.03.31 09:26:40 561,TFT_SIDE5.46,0,OK,-0.0015,0.0038,0.0053,0.0008,0,0,True,640.409620284256,479.851269275137,.\Image\Alignment\2017\03\31\09.26.40 561\Head1.jpg,True,638.976936905879,482.459073262302,.\Image\Alignment\2017\03\31\09.26.40 561\Head2.jpg,True,638.595576243505,483.045285284408,.\Image\Alignment\2017\03\31\09.26.40 561\Head3.jpg,True,639.798816553374,479.825130766199,.\Image\Alignment\2017\03\31\09.26.40 561\Head4.jpg
2017.03.31 09:26:59 083,TFT_SIDE5.46,90,RETRY,-0.6644,-0.4676,-0.6048,-0.5078,-0.0672,0.00433,True,823.718892467936,469.206137182137,.\Image\Alignment\2017\03\31\09.26.59 083\Head1.jpg,True,767.882163592104,468.005083649932,.\Image\Alignment\2017\03\31\09.26.59 083\Head2.jpg,True,804.265725414132,465.24444585565,.\Image\Alignment\2017\03\31\09.26.59 083\Head3.jpg,True,781.523945801545,457.814234056191,.\Image\Alignment\2017\03\31\09.26.59 083\Head4.jpg
2017.03.31 09:27:00 938,TFT_SIDE5.46,90,RETRY,-0.0031,0.0116,0.009,0.0012,0.015,-0.00036,True,640.319715046191,483.39147059397,.\Image\Alignment\2017\03\31\09.27.00 938\Head1.jpg,True,636.654418543193,486.959723646999,.\Image\Alignment\2017\03\31\09.27.00 938\Head2.jpg,True,637.317260545784,487.203507624801,.\Image\Alignment\2017\03\31\09.27.00 938\Head3.jpg,True,639.139258523104,484.382250508324,.\Image\Alignment\2017\03\31\09.27.00 938\Head4.jpg
2017.03.31 09:27:02 736,TFT_SIDE5.46,90,RETRY,0.0016,-0.0002,0.0008,-0.0012,-0.0009,-0.0001,True,639.412263006938,479.583861461565,.\Image\Alignment\2017\03\31\09.27.02 736\Head1.jpg,True,639.949638249008,482.944756277032,.\Image\Alignment\2017\03\31\09.27.02 736\Head2.jpg,True,639.664963243588,483.039772804298,.\Image\Alignment\2017\03\31\09.27.02 736\Head3.jpg,True,640.1726912718,479.87389670088,.\Image\Alignment\2017\03\31\09.27.02 736\Head4.jpg
2017.03.31 09:27:04 467,TFT_SIDE5.46,90,OK,-0.0031,-0.0025,-0.0012,-0.0018,0,0,True,640.820777028334,479.912995547127,.\Image\Alignment\2017\03\31\09.27.04 467\Head1.jpg,True,640.677900194107,483.107256707445,.\Image\Alignment\2017\03\31\09.27.04 467\Head2.jpg,True,640.323739272425,483.219448981709,.\Image\Alignment\2017\03\31\09.27.04 467\Head3.jpg,True,640.474229076105,479.718057720666,.\Image\Alignment\2017\03\31\09.27.04 467\Head4.jpg
2017.03.31 09:32:02 230,TFT_SIDE5.46,0,RETRY,-0.7636,-0.6712,-0.8137,-0.6083,0.527,0.02781,True,893.148231211617,660.915819718104,.\Image\Alignment\2017\03\31\09.32.02 230\Head1.jpg,True,835.375630578733,634.89254162729,.\Image\Alignment\2017\03\31\09.32.02 230\Head2.jpg,True,872.512043945898,626.408386570543,.\Image\Alignment\2017\03\31\09.32.02 230\Head3.jpg,True,850.345028643247,580.725660912872,.\Image\Alignment\2017\03\31\09.32.02 230\Head4.jpg
2017.03.31 09:32:04 138,TFT_SIDE5.46,0,RETRY,-0.0287,0.0842,0.0843,-0.0266,0.0499,-0.005,True,638.843872996059,486.081792180901,.\Image\Alignment\2017\03\31\09.32.04 138\Head1.jpg,True,607.121239693415,493.496586510771,.\Image\Alignment\2017\03\31\09.32.04 138\Head2.jpg,True,607.050140523987,499.137425680355,.\Image\Alignment\2017\03\31\09.32.04 138\Head3.jpg,True,638.194257192332,500.520571931433,.\Image\Alignment\2017\03\31\09.32.04 138\Head4.jpg
2017.03.31 09:32:05 978,TFT_SIDE5.46,0,OK,-0.0017,0.0069,0.0065,0,0,0,True,640.446485735221,479.923635334779,.\Image\Alignment\2017\03\31\09.32.05 978\Head1.jpg,True,638.161258984226,482.345771094909,.\Image\Alignment\2017\03\31\09.32.05 978\Head2.jpg,True,638.267923937685,483.133190638425,.\Image\Alignment\2017\03\31\09.32.05 978\Head3.jpg,True,639.998487250036,479.741974556942,.\Image\Alignment\2017\03\31\09.32.05 978\Head4.jpg
2017.03.31 09:32:24 482,TFT_SIDE5.46,90,RETRY,-0.7945,-0.6315,-0.7693,-0.6376,0.0655,0.01313,True,871.283041398779,519.340762472852,.\Image\Alignment\2017\03\31\09.32.24 482\Head1.jpg,True,815.067790162853,508.237962696349,.\Image\Alignment\2017\03\31\09.32.24 482\Head2.jpg,True,851.458729066689,502.298874096459,.\Image\Alignment\2017\03\31\09.32.24 482\Head3.jpg,True,828.693739954674,483.26654573369,.\Image\Alignment\2017\03\31\09.32.24 482\Head4.jpg
2017.03.31 09:32:26 281,TFT_SIDE5.46,90,RETRY,-0.0082,0.0437,0.0408,-0.006,0.0305,-0.00138,True,640.198995604909,485.838515198965,.\Image\Alignment\2017\03\31\09.32.26 281\Head1.jpg,True,627.435546274469,491.062885702282,.\Image\Alignment\2017\03\31\09.32.26 281\Head2.jpg,True,628.163685188116,491.90745175767,.\Image\Alignment\2017\03\31\09.32.26 281\Head3.jpg,True,639.567411225438,489.693210156125,.\Image\Alignment\2017\03\31\09.32.26 281\Head4.jpg
2017.03.31 09:32:28 013,TFT_SIDE5.46,90,OK,0.0012,-0.0042,-0.0021,0.0004,0,0,True,639.686557047287,479.57038735617,.\Image\Alignment\2017\03\31\09.32.28 013\Head1.jpg,True,641.109664397663,483.17555048033,.\Image\Alignment\2017\03\31\09.32.28 013\Head2.jpg,True,640.556495834847,483.268918924152,.\Image\Alignment\2017\03\31\09.32.28 013\Head3.jpg,True,639.890460664163,479.389735278691,.\Image\Alignment\2017\03\31\09.32.28 013\Head4.jpg
2017.03.31 09:35:27 192,TFT_SIDE5.46,0,RETRY,-0.7297,-0.5618,-0.7045,-0.5739,0.4514,0.03399,True,894.986411036053,649.723342765695,.\Image\Alignment\2017\03\31\09.35.27 192\Head1.jpg,True,837.1122778866,631.011883926711,.\Image\Alignment\2017\03\31\09.35.27 192\Head2.jpg,True,874.377655510238,605.691282464505,.\Image\Alignment\2017\03\31\09.35.27 192\Head3.jpg,True,852.220290495435,551.69206701666,.\Image\Alignment\2017\03\31\09.35.27 192\Head4.jpg
2017.03.31 09:35:29 018,TFT_SIDE5.46,0,RETRY,-0.0683,-0.0296,-0.0293,-0.0668,0.0415,-0.01056,True,639.627556418222,475.814220099407,.\Image\Alignment\2017\03\31\09.35.29 018\Head1.jpg,True,627.774677477852,488.556934785219,.\Image\Alignment\2017\03\31\09.35.29 018\Head2.jpg,True,627.624623829835,499.514204208347,.\Image\Alignment\2017\03\31\09.35.29 018\Head3.jpg,True,639.121167074266,506.378819947895,.\Image\Alignment\2017\03\31\09.35.29 018\Head4.jpg
2017.03.31 09:35:30 721,TFT_SIDE5.46,0,RETRY,-0.0005,-0.0007,-0.0009,0.0011,-0.0007,-0.00012,True,639.922253532028,479.636915108633,.\Image\Alignment\2017\03\31\09.35.30 721\Head1.jpg,True,638.367288830672,482.372506195845,.\Image\Alignment\2017\03\31\09.35.30 721\Head2.jpg,True,638.421146670351,483.3581537676,.\Image\Alignment\2017\03\31\09.35.30 721\Head3.jpg,True,639.480073066492,479.989641253077,.\Image\Alignment\2017\03\31\09.35.30 721\Head4.jpg
2017.03.31 09:35:32 413,TFT_SIDE5.46,0,OK,0.0006,0.0056,0.0065,0.0004,0,0,True,639.841520926502,480.062383777974,.\Image\Alignment\2017\03\31\09.35.32 413\Head1.jpg,True,638.493899123293,482.859477840388,.\Image\Alignment\2017\03\31\09.35.32 413\Head2.jpg,True,638.265527345938,483.394038786987,.\Image\Alignment\2017\03\31\09.35.32 413\Head3.jpg,True,639.901177101757,480.263326605078,.\Image\Alignment\2017\03\31\09.35.32 413\Head4.jpg
2017.03.31 09:35:50 946,TFT_SIDE5.46,90,RETRY,-0.7108,-0.5456,-0.6839,-0.5489,0.056,0.01389,True,850.002971100632,518.099162597481,.\Image\Alignment\2017\03\31\09.35.50 946\Head1.jpg,True,793.296850166962,506.644902743165,.\Image\Alignment\2017\03\31\09.35.50 946\Head2.jpg,True,829.826803849982,499.675848999002,.\Image\Alignment\2017\03\31\09.35.50 946\Head3.jpg,True,806.178660902196,479.792790951552,.\Image\Alignment\2017\03\31\09.35.50 946\Head4.jpg
2017.03.31 09:35:52 800,TFT_SIDE5.46,90,RETRY,-0.0096,0.0425,0.0421,-0.0102,0.0339,-0.00175,True,640.017022645613,486.10843844036,.\Image\Alignment\2017\03\31\09.35.52 800\Head1.jpg,True,627.44971256716,491.163675826719,.\Image\Alignment\2017\03\31\09.35.52 800\Head2.jpg,True,627.520119928645,492.272439432441,.\Image\Alignment\2017\03\31\09.35.52 800\Head3.jpg,True,640.147397563203,491.004642629148,.\Image\Alignment\2017\03\31\09.35.52 800\Head4.jpg
2017.03.31 09:35:54 613,TFT_SIDE5.46,90,OK,0.0019,-0.006,-0.0039,0,0,0,True,639.49874314804,479.045236412149,.\Image\Alignment\2017\03\31\09.35.54 613\Head1.jpg,True,641.604802152584,482.229677337642,.\Image\Alignment\2017\03\31\09.35.54 613\Head2.jpg,True,641.046424612134,482.399452794488,.\Image\Alignment\2017\03\31\09.35.54 613\Head3.jpg,True,639.992047813594,479.116683576921,.\Image\Alignment\2017\03\31\09.35.54 613\Head4.jpg
2017.03.31 09:39:59 911,TFT_SIDE5.46,0,RETRY,-0.9739,-0.8508,-0.9915,-0.8179,0.4009,0.0174,True,930.935663971306,612.106915134534,.\Image\Alignment\2017\03\31\09.39.59 911\Head1.jpg,True,873.031237274329,591.233617298728,.\Image\Alignment\2017\03\31\09.39.59 911\Head2.jpg,True,909.831189971239,588.370227711357,.\Image\Alignment\2017\03\31\09.39.59 911\Head3.jpg,True,887.920905671988,562.440282436243,.\Image\Alignment\2017\03\31\09.39.59 911\Head4.jpg
2017.03.31 09:40:01 749,TFT_SIDE5.46,0,RETRY,-0.0214,0.0638,0.0599,-0.0168,-0.0102,-0.00324,True,639.997784533144,472.603691610147,.\Image\Alignment\2017\03\31\09.40.01 749\Head1.jpg,True,615.778268321811,478.314260450858,.\Image\Alignment\2017\03\31\09.40.01 749\Head2.jpg,True,616.817438239756,482.21812901846,.\Image\Alignment\2017\03\31\09.40.01 749\Head3.jpg,True,638.778893046294,481.999334390553,.\Image\Alignment\2017\03\31\09.40.01 749\Head4.jpg
2017.03.31 09:40:03 603,TFT_SIDE5.46,0,RETRY,0.0013,-0.0019,0.0014,0.0008,0.0008,0.00019,True,639.995357699523,480.50052886515,.\Image\Alignment\2017\03\31\09.40.03 603\Head1.jpg,True,639.227583120086,482.840601063188,.\Image\Alignment\2017\03\31\09.40.03 603\Head2.jpg,True,638.344083740867,483.53423983368,.\Image\Alignment\2017\03\31\09.40.03 603\Head3.jpg,True,640.130367899816,479.943261841144,.\Image\Alignment\2017\03\31\09.40.03 603\Head4.jpg
2017.03.31 09:40:05 360,TFT_SIDE5.46,0,OK,0.0003,0.0067,0.0079,0.0004,0,0,True,639.92432113811,479.818410679008,.\Image\Alignment\2017\03\31\09.40.05 360\Head1.jpg,True,638.22345339821,482.397853240707,.\Image\Alignment\2017\03\31\09.40.05 360\Head2.jpg,True,637.891431852633,483.186532543356,.\Image\Alignment\2017\03\31\09.40.05 360\Head3.jpg,True,639.886264440214,479.800750258607,.\Image\Alignment\2017\03\31\09.40.05 360\Head4.jpg
2017.03.31 09:40:23 934,TFT_SIDE5.46,90,RETRY,-0.6151,-0.4199,-0.5587,-0.4569,-0.1189,0.00316,True,808.825641777703,453.441523170203,.\Image\Alignment\2017\03\31\09.40.23 934\Head1.jpg,True,752.615807920611,453.543248669544,.\Image\Alignment\2017\03\31\09.40.23 934\Head2.jpg,True,789.470238871369,453.100414238271,.\Image\Alignment\2017\03\31\09.40.23 934\Head3.jpg,True,766.35344999431,445.326958586617,.\Image\Alignment\2017\03\31\09.40.23 934\Head4.jpg
2017.03.31 09:40:25 788,TFT_SIDE5.46,90,RETRY,-0.0042,0.0112,0.0125,-0.0022,0.0116,-0.00076,True,640.020996564908,481.812754619088,.\Image\Alignment\2017\03\31\09.40.25 788\Head1.jpg,True,636.215434934213,485.728068564111,.\Image\Alignment\2017\03\31\09.40.25 788\Head2.jpg,True,635.869019568086,486.443851528179,.\Image\Alignment\2017\03\31\09.40.25 788\Head3.jpg,True,639.468030782305,483.943953577408,.\Image\Alignment\2017\03\31\09.40.25 788\Head4.jpg
2017.03.31 09:40:27 519,TFT_SIDE5.46,90,OK,-0.0002,-0.0005,-0.0024,-0.0001,0,0,True,640.063561090987,479.50324274869,.\Image\Alignment\2017\03\31\09.40.27 519\Head1.jpg,True,640.133908297382,482.561201567046,.\Image\Alignment\2017\03\31\09.40.27 519\Head2.jpg,True,640.639807277366,482.518399282827,.\Image\Alignment\2017\03\31\09.40.27 519\Head3.jpg,True,640.020542483165,479.430377674552,.\Image\Alignment\2017\03\31\09.40.27 519\Head4.jpg
2017.03.31 09:43:24 684,TFT_SIDE5.46,0,RETRY,-0.7363,-0.5531,-0.695,-0.5826,0.5583,0.03022,True,890.099943173806,672.771125741653,.\Image\Alignment\2017\03\31\09.43.24 684\Head1.jpg,True,833.107440784784,639.828705324522,.\Image\Alignment\2017\03\31\09.43.24 684\Head2.jpg,True,870.137867454151,615.418989372916,.\Image\Alignment\2017\03\31\09.43.24 684\Head3.jpg,True,847.719510613571,585.533597049875,.\Image\Alignment\2017\03\31\09.43.24 684\Head4.jpg
2017.03.31 09:43:26 560,TFT_SIDE5.46,0,RETRY,-0.0241,0.001,0.0023,-0.0187,-0.0059,-0.00371,True,639.878500901042,473.053366139541,.\Image\Alignment\2017\03\31\09.43.26 560\Head1.jpg,True,632.240613470051,479.216108725398,.\Image\Alignment\2017\03\31\09.43.26 560\Head2.jpg,True,631.888053596497,483.297448327623,.\Image\Alignment\2017\03\31\09.43.26 560\Head3.jpg,True,638.428275196736,483.822061985484,.\Image\Alignment\2017\03\31\09.43.26 560\Head4.jpg
2017.03.31 09:43:28 272,TFT_SIDE5.46,0,OK,0.0011,0.005,0.0032,0.0002,0,0,True,639.700639814823,480.01173382552,.\Image\Alignment\2017\03\31\09.43.28 272\Head1.jpg,True,638.672845239671,482.728124264537,.\Image\Alignment\2017\03\31\09.43.28 272\Head2.jpg,True,639.147222501217,483.470980683684,.\Image\Alignment\2017\03\31\09.43.28 272\Head3.jpg,True,639.955770009222,480.230916386713,.\Image\Alignment\2017\03\31\09.43.28 272\Head4.jpg
2017.03.31 09:43:49 107,TFT_SIDE5.46,90,RETRY,-0.7706,-0.6528,-0.7931,-0.6097,0.0854,0.01693,True,870.402977886066,531.03562666956,.\Image\Alignment\2017\03\31\09.43.49 107\Head1.jpg,True,813.113988406368,506.063255119101,.\Image\Alignment\2017\03\31\09.43.49 107\Head2.jpg,True,850.154595991318,507.101974617729,.\Image\Alignment\2017\03\31\09.43.49 107\Head3.jpg,True,826.757248256437,484.23034177244,.\Image\Alignment\2017\03\31\09.43.49 107\Head4.jpg
2017.03.31 09:43:50 943,TFT_SIDE5.46,90,RETRY,-0.009,0.0904,0.0915,-0.0098,0.0436,-0.00145,True,640.299379625338,489.216512066454,.\Image\Alignment\2017\03\31\09.43.50 943\Head1.jpg,True,615.197135886444,494.489977330065,.\Image\Alignment\2017\03\31\09.43.50 943\Head2.jpg,True,614.890685833894,495.11253448086,.\Image\Alignment\2017\03\31\09.43.50 943\Head3.jpg,True,640.45019931357,493.267035992377,.\Image\Alignment\2017\03\31\09.43.50 943\Head4.jpg
2017.03.31 09:43:52 669,TFT_SIDE5.46,90,OK,0.0003,-0.0057,-0.0052,0.0002,0,0,True,639.923560737809,479.258599825023,.\Image\Alignment\2017\03\31\09.43.52 669\Head1.jpg,True,641.532381647761,482.675350267304,.\Image\Alignment\2017\03\31\09.43.52 669\Head2.jpg,True,641.383829897797,482.685287937308,.\Image\Alignment\2017\03\31\09.43.52 669\Head3.jpg,True,639.958110170158,479.014831856157,.\Image\Alignment\2017\03\31\09.43.52 669\Head4.jpg
2017.03.31 09:56:36 577,TFT_SIDE5.46,0,RETRY,-0.8946,-0.6633,-0.8086,-0.7372,0.535,0.02628,True,925.428713700522,660.818358533075,.\Image\Alignment\2017\03\31\09.56.36 577\Head1.jpg,True,866.679599709821,639.906577360583,.\Image\Alignment\2017\03\31\09.56.36 577\Head2.jpg,True,904.615733224194,613.264934136678,.\Image\Alignment\2017\03\31\09.56.36 577\Head3.jpg,True,881.949551481569,585.209136709104,.\Image\Alignment\2017\03\31\09.56.36 577\Head4.jpg
2017.03.31 09:56:38 430,TFT_SIDE5.46,0,RETRY,-0.0047,-0.0251,-0.0245,-0.0031,-0.0177,-0.00108,True,639.336325663693,473.725841104813,.\Image\Alignment\2017\03\31\09.56.38 430\Head1.jpg,True,643.612035667839,477.610650122259,.\Image\Alignment\2017\03\31\09.56.38 430\Head2.jpg,True,643.451003170873,479.303006404827,.\Image\Alignment\2017\03\31\09.56.38 430\Head3.jpg,True,638.926927018843,476.876522784674,.\Image\Alignment\2017\03\31\09.56.38 430\Head4.jpg
2017.03.31 09:56:40 093,TFT_SIDE5.46,0,OK,-0.0021,0.0013,0.0044,-0.0009,0,0,True,640.573069856301,480.697967323314,.\Image\Alignment\2017\03\31\09.56.40 093\Head1.jpg,True,639.660185111352,483.310191034171,.\Image\Alignment\2017\03\31\09.56.40 093\Head2.jpg,True,638.822890055997,484.344910359422,.\Image\Alignment\2017\03\31\09.56.40 093\Head3.jpg,True,640.232194890042,480.824681699371,.\Image\Alignment\2017\03\31\09.56.40 093\Head4.jpg
2017.03.31 09:56:58 642,TFT_SIDE5.46,90,RETRY,-0.7419,-0.58,-0.7185,-0.5798,-0.0502,0.01525,True,860.287441586259,492.018436658268,.\Image\Alignment\2017\03\31\09.56.58 642\Head1.jpg,True,803.78486070445,479.277043453533,.\Image\Alignment\2017\03\31\09.56.58 642\Head2.jpg,True,840.486298111188,471.104269876024,.\Image\Alignment\2017\03\31\09.56.58 642\Head3.jpg,True,816.532415663233,450.037301770613,.\Image\Alignment\2017\03\31\09.56.58 642\Head4.jpg
2017.03.31 09:57:00 400,TFT_SIDE5.46,90,RETRY,-0.0105,0.0452,0.0462,-0.0092,0.0367,-0.00146,True,640.689733741952,487.349525832507,.\Image\Alignment\2017\03\31\09.57.00 400\Head1.jpg,True,627.112915569202,492.109059662549,.\Image\Alignment\2017\03\31\09.57.00 400\Head2.jpg,True,626.80043230809,492.87880737808,.\Image\Alignment\2017\03\31\09.57.00 400\Head3.jpg,True,640.278524372307,491.420615831709,.\Image\Alignment\2017\03\31\09.57.00 400\Head4.jpg
2017.03.31 09:57:02 228,TFT_SIDE5.46,90,OK,0.0024,-0.0041,-0.0055,0.0012,0,0,True,639.369252173335,479.043873469826,.\Image\Alignment\2017\03\31\09.57.02 228\Head1.jpg,True,641.101894697835,482.425414248123,.\Image\Alignment\2017\03\31\09.57.02 228\Head2.jpg,True,641.454519186418,482.342819695909,.\Image\Alignment\2017\03\31\09.57.02 228\Head3.jpg,True,639.690360193562,478.995057904792,.\Image\Alignment\2017\03\31\09.57.02 228\Head4.jpg
2017.03.31 10:02:13 605,TFT_SIDE5.46,0,RETRY,-0.7905,-0.5407,-0.6847,-0.6352,0.4335,0.02327,True,892.300959115706,629.362562904863,.\Image\Alignment\2017\03\31\10.02.13 605\Head1.jpg,True,834.959598745283,615.110454438013,.\Image\Alignment\2017\03\31\10.02.13 605\Head2.jpg,True,872.66533286594,587.882765787774,.\Image\Alignment\2017\03\31\10.02.13 605\Head3.jpg,True,849.611775069991,562.457609856868,.\Image\Alignment\2017\03\31\10.02.13 605\Head4.jpg
2017.03.31 10:02:15 447,TFT_SIDE5.46,0,RETRY,-0.059,-0.1041,-0.1065,-0.0577,0.0251,-0.00914,True,639.643283343313,473.494608897814,.\Image\Alignment\2017\03\31\10.02.15 447\Head1.jpg,True,648.954555846733,484.732284885926,.\Image\Alignment\2017\03\31\10.02.15 447\Head2.jpg,True,649.538329683507,494.998191134546,.\Image\Alignment\2017\03\31\10.02.15 447\Head3.jpg,True,639.203733395236,499.958298733081,.\Image\Alignment\2017\03\31\10.02.15 447\Head4.jpg
2017.03.31 10:02:17 191,TFT_SIDE5.46,0,RETRY,0.0021,0.0013,0.0043,0.0017,0.0002,0.00059,True,640.491132435335,480.899749294641,.\Image\Alignment\2017\03\31\10.02.17 191\Head1.jpg,True,638.814685212388,482.839598042368,.\Image\Alignment\2017\03\31\10.02.17 191\Head2.jpg,True,637.985676811874,483.297810628594,.\Image\Alignment\2017\03\31\10.02.17 191\Head3.jpg,True,640.597131174387,479.193797440803,.\Image\Alignment\2017\03\31\10.02.17 191\Head4.jpg
2017.03.31 10:02:18 991,TFT_SIDE5.46,0,OK,-0.0027,0.0087,0.0068,-0.0002,0,0,True,640.719071582563,479.946871527275,.\Image\Alignment\2017\03\31\10.02.18 991\Head1.jpg,True,637.671288921724,482.613370330593,.\Image\Alignment\2017\03\31\10.02.18 991\Head2.jpg,True,638.194780517561,483.489170367441,.\Image\Alignment\2017\03\31\10.02.18 991\Head3.jpg,True,640.061159276205,480.020483226314,.\Image\Alignment\2017\03\31\10.02.18 991\Head4.jpg
2017.03.31 10:02:37 556,TFT_SIDE5.46,90,RETRY,-0.6807,-0.4967,-0.6368,-0.5224,0.023,0.00374,True,827.216318930499,492.264796162171,.\Image\Alignment\2017\03\31\10.02.37 556\Head1.jpg,True,770.974606770283,489.426490813112,.\Image\Alignment\2017\03\31\10.02.37 556\Head2.jpg,True,808.033394412092,490.938293748043,.\Image\Alignment\2017\03\31\10.02.37 556\Head3.jpg,True,784.45032689492,482.463106101431,.\Image\Alignment\2017\03\31\10.02.37 556\Head4.jpg
2017.03.31 10:02:39 424,TFT_SIDE5.46,90,RETRY,-0.0063,0.0249,0.0247,-0.0057,0.0134,-0.00109,True,640.097806115191,481.754518189817,.\Image\Alignment\2017\03\31\10.02.39 424\Head1.jpg,True,632.92662549571,486.748145010785,.\Image\Alignment\2017\03\31\10.02.39 424\Head2.jpg,True,632.961496969878,487.139641525101,.\Image\Alignment\2017\03\31\10.02.39 424\Head3.jpg,True,639.923073075083,484.80197950925,.\Image\Alignment\2017\03\31\10.02.39 424\Head4.jpg
2017.03.31 10:02:41 181,TFT_SIDE5.46,90,RETRY,0.0004,-0.0054,-0.0042,0.0008,-0.0013,0.00014,True,640.084111043856,479.89626745041,.\Image\Alignment\2017\03\31\10.02.41 181\Head1.jpg,True,641.38158320596,483.11477977901,.\Image\Alignment\2017\03\31\10.02.41 181\Head2.jpg,True,641.050078026017,483.160321209892,.\Image\Alignment\2017\03\31\10.02.41 181\Head3.jpg,True,639.985734404328,479.502930879654,.\Image\Alignment\2017\03\31\10.02.41 181\Head4.jpg
2017.03.31 10:02:42 871,TFT_SIDE5.46,90,OK,0.0001,0.0031,-0.0003,-0.0007,0,0,True,639.983672837156,479.654356317509,.\Image\Alignment\2017\03\31\10.02.42 871\Head1.jpg,True,639.160857388511,483.325632706215,.\Image\Alignment\2017\03\31\10.02.42 871\Head2.jpg,True,640.070822260795,483.258419962414,.\Image\Alignment\2017\03\31\10.02.42 871\Head3.jpg,True,640.179168067848,479.699253397283,.\Image\Alignment\2017\03\31\10.02.42 871\Head4.jpg
2017.03.31 10:06:01 295,TFT_SIDE5.46,0,RETRY,-0.8976,-0.7151,-0.8538,-0.7438,0.4404,0.0201,True,915.311901631908,626.586984115241,.\Image\Alignment\2017\03\31\10.06.01 295\Head1.jpg,True,857.981621126139,614.50482959576,.\Image\Alignment\2017\03\31\10.06.01 295\Head2.jpg,True,894.203120384178,600.1071648905,.\Image\Alignment\2017\03\31\10.06.01 295\Head3.jpg,True,872.930568394361,568.968012561158,.\Image\Alignment\2017\03\31\10.06.01 295\Head4.jpg
2017.03.31 10:06:03 150,TFT_SIDE5.46,0,RETRY,0.0019,0.0279,0.0244,0.0052,0.0068,0.00031,True,640.023677512798,482.254698014969,.\Image\Alignment\2017\03\31\10.06.03 150\Head1.jpg,True,631.974565695526,484.656277563056,.\Image\Alignment\2017\03\31\10.06.03 150\Head2.jpg,True,632.903634686327,484.965469425842,.\Image\Alignment\2017\03\31\10.06.03 150\Head3.jpg,True,639.137246997296,481.358071796854,.\Image\Alignment\2017\03\31\10.06.03 150\Head4.jpg
2017.03.31 10:06:05 030,TFT_SIDE5.46,0,RETRY,-0.0039,-0.0036,-0.0032,-0.0006,0.0011,-0.00024,True,640.628140886209,479.948008153136,.\Image\Alignment\2017\03\31\10.06.05 030\Head1.jpg,True,639.35993997895,482.743873365769,.\Image\Alignment\2017\03\31\10.06.05 030\Head2.jpg,True,639.237527859578,483.616014827525,.\Image\Alignment\2017\03\31\10.06.05 030\Head3.jpg,True,639.736199892167,480.635886452435,.\Image\Alignment\2017\03\31\10.06.05 030\Head4.jpg
2017.03.31 10:06:06 831,TFT_SIDE5.46,0,RETRY,0.0011,0.0019,-0.0008,0.0004,0.0003,0.00016,True,639.988301380173,480.306541751931,.\Image\Alignment\2017\03\31\10.06.06 831\Head1.jpg,True,638.41623033417,482.731716173889,.\Image\Alignment\2017\03\31\10.06.06 831\Head2.jpg,True,639.132195396664,483.318031673707,.\Image\Alignment\2017\03\31\10.06.06 831\Head3.jpg,True,640.170783076792,479.832262499453,.\Image\Alignment\2017\03\31\10.06.06 831\Head4.jpg
2017.03.31 10:06:08 590,TFT_SIDE5.46,0,RETRY,0.0019,-0.0007,0.0018,0.001,-0.0017,0.00011,True,639.676615539796,479.714165117811,.\Image\Alignment\2017\03\31\10.06.08 590\Head1.jpg,True,638.808171569535,482.271173003704,.\Image\Alignment\2017\03\31\10.06.08 590\Head2.jpg,True,638.122931955796,483.017897752867,.\Image\Alignment\2017\03\31\10.06.08 590\Head3.jpg,True,639.919890039135,479.393777460645,.\Image\Alignment\2017\03\31\10.06.08 590\Head4.jpg
2017.03.31 10:06:10 320,TFT_SIDE5.46,0,OK,-0.0005,0.0066,0.0054,-0.0002,0,0,True,640.142883113977,480.124745417972,.\Image\Alignment\2017\03\31\10.06.10 320\Head1.jpg,True,638.25139590859,482.817106481878,.\Image\Alignment\2017\03\31\10.06.10 320\Head2.jpg,True,638.559759735928,483.685345538769,.\Image\Alignment\2017\03\31\10.06.10 320\Head3.jpg,True,640.043825034777,480.348629777314,.\Image\Alignment\2017\03\31\10.06.10 320\Head4.jpg
2017.03.31 10:06:28 787,TFT_SIDE5.46,90,RETRY,-0.667,-0.5102,-0.6489,-0.5074,-0.0372,0.01036,True,833.179487645118,487.297807639114,.\Image\Alignment\2017\03\31\10.06.28 787\Head1.jpg,True,776.29201614282,463.078638989293,.\Image\Alignment\2017\03\31\10.06.28 787\Head2.jpg,True,813.095262017315,463.00450197792,.\Image\Alignment\2017\03\31\10.06.28 787\Head3.jpg,True,790.144382678011,458.941496655171,.\Image\Alignment\2017\03\31\10.06.28 787\Head4.jpg
2017.03.31 10:06:30 667,TFT_SIDE5.46,90,RETRY,-0.0076,0.051,0.0515,-0.0081,0.0274,-0.00171,True,639.549943814999,484.46236173398,.\Image\Alignment\2017\03\31\10.06.30 667\Head1.jpg,True,625.276532207369,489.567574351344,.\Image\Alignment\2017\03\31\10.06.30 667\Head2.jpg,True,625.105403102765,490.598858999037,.\Image\Alignment\2017\03\31\10.06.30 667\Head3.jpg,True,639.650266858962,489.245928949138,.\Image\Alignment\2017\03\31\10.06.30 667\Head4.jpg
2017.03.31 10:06:32 577,TFT_SIDE5.46,90,RETRY,0.0014,-0.0035,-0.0081,-0.0012,-0.0035,0.00011,True,639.772452205759,479.247027201824,.\Image\Alignment\2017\03\31\10.06.32 577\Head1.jpg,True,640.783272908963,482.401469260968,.\Image\Alignment\2017\03\31\10.06.32 577\Head2.jpg,True,642.001979156272,482.531339227939,.\Image\Alignment\2017\03\31\10.06.32 577\Head3.jpg,True,640.471519651638,478.943443779467,.\Image\Alignment\2017\03\31\10.06.32 577\Head4.jpg
2017.03.31 10:06:34 403,TFT_SIDE5.46,90,RETRY,-0.0005,0.0003,0.0027,-0.0003,-0.0003,0.00015,True,640.361023450755,480.163931491873,.\Image\Alignment\2017\03\31\10.06.34 403\Head1.jpg,True,639.993680769625,483.269268423693,.\Image\Alignment\2017\03\31\10.06.34 403\Head2.jpg,True,639.335718195063,483.203977149706,.\Image\Alignment\2017\03\31\10.06.34 403\Head3.jpg,True,640.306054999024,479.743890284471,.\Image\Alignment\2017\03\31\10.06.34 403\Head4.jpg
2017.03.31 10:06:36 162,TFT_SIDE5.46,90,OK,-0.0012,0.0003,0,0.0023,0,0,True,640.314950523741,480.244700233031,.\Image\Alignment\2017\03\31\10.06.36 162\Head1.jpg,True,639.926047694946,483.560929876871,.\Image\Alignment\2017\03\31\10.06.36 162\Head2.jpg,True,640.013047191524,483.660945829795,.\Image\Alignment\2017\03\31\10.06.36 162\Head3.jpg,True,639.390198321486,480.215087941231,.\Image\Alignment\2017\03\31\10.06.36 162\Head4.jpg
2017.03.31 10:09:31 243,TFT_SIDE5.46,0,RETRY,-0.7786,-0.5907,-0.7329,-0.6243,0.4592,0.03599,True,911.593439834662,654.725256691346,.\Image\Alignment\2017\03\31\10.09.31 243\Head1.jpg,True,854.402612804414,620.423648976033,.\Image\Alignment\2017\03\31\10.09.31 243\Head2.jpg,True,891.609184441534,589.906080223598,.\Image\Alignment\2017\03\31\10.09.31 243\Head3.jpg,True,869.134852917806,550.956507082437,.\Image\Alignment\2017\03\31\10.09.31 243\Head4.jpg
2017.03.31 10:09:33 139,TFT_SIDE5.46,0,RETRY,-0.0005,0.017,0.0162,0.0018,0.0053,-0.00013,True,639.890359051221,481.227804721034,.\Image\Alignment\2017\03\31\10.09.33 139\Head1.jpg,True,633.973652058983,484.010022973266,.\Image\Alignment\2017\03\31\10.09.33 139\Head2.jpg,True,634.170608367099,484.820684893105,.\Image\Alignment\2017\03\31\10.09.33 139\Head3.jpg,True,639.294431518226,481.601292683739,.\Image\Alignment\2017\03\31\10.09.33 139\Head4.jpg
2017.03.31 10:09:34 843,TFT_SIDE5.46,0,OK,-0.0007,0.005,0.0054,0.0004,0,0,True,640.176556421412,479.912794422212,.\Image\Alignment\2017\03\31\10.09.34 843\Head1.jpg,True,638.670722952204,482.179800267558,.\Image\Alignment\2017\03\31\10.09.34 843\Head2.jpg,True,638.561711411781,483.129614252675,.\Image\Alignment\2017\03\31\10.09.34 843\Head3.jpg,True,639.90556918402,479.835327679264,.\Image\Alignment\2017\03\31\10.09.34 843\Head4.jpg
2017.03.31 10:09:55 780,TFT_SIDE5.46,90,RETRY,-0.6858,-0.5589,-0.6984,-0.53,0.0431,0.02501,True,859.480861932579,533.293619246958,.\Image\Alignment\2017\03\31\10.09.55 780\Head1.jpg,True,803.151299292755,510.361135976389,.\Image\Alignment\2017\03\31\10.09.55 780\Head2.jpg,True,840.006397056585,497.638925093292,.\Image\Alignment\2017\03\31\10.09.55 780\Head3.jpg,True,817.304911128939,463.738093149352,.\Image\Alignment\2017\03\31\10.09.55 780\Head4.jpg
2017.03.31 10:09:57 647,TFT_SIDE5.46,90,RETRY,-0.0054,0.0798,0.0807,-0.0032,0.0624,-0.00055,True,640.660435087885,495.724689850096,.\Image\Alignment\2017\03\31\10.09.57 647\Head1.jpg,True,618.325228891259,499.880770433808,.\Image\Alignment\2017\03\31\10.09.57 647\Head2.jpg,True,618.030243484178,500.231234758627,.\Image\Alignment\2017\03\31\10.09.57 647\Head3.jpg,True,639.987966684621,497.208334770217,.\Image\Alignment\2017\03\31\10.09.57 647\Head4.jpg
2017.03.31 10:09:59 516,TFT_SIDE5.46,90,RETRY,0.0015,-0.0009,-0.0019,0.0003,-0.0012,0.00012,True,639.770030632174,479.884442834715,.\Image\Alignment\2017\03\31\10.09.59 516\Head1.jpg,True,640.407201065969,483.244736296126,.\Image\Alignment\2017\03\31\10.09.59 516\Head2.jpg,True,640.676909605173,483.087010190872,.\Image\Alignment\2017\03\31\10.09.59 516\Head3.jpg,True,640.082675795115,479.562045296837,.\Image\Alignment\2017\03\31\10.09.59 516\Head4.jpg
2017.03.31 10:10:01 343,TFT_SIDE5.46,90,OK,-0.0003,0.0004,0.0013,0.0005,0,0,True,640.084314958599,480.228969584189,.\Image\Alignment\2017\03\31\10.10.01 343\Head1.jpg,True,639.904150200129,483.770867543963,.\Image\Alignment\2017\03\31\10.10.01 343\Head2.jpg,True,639.649236110357,483.80826788683,.\Image\Alignment\2017\03\31\10.10.01 343\Head3.jpg,True,639.867831846651,480.330449380272,.\Image\Alignment\2017\03\31\10.10.01 343\Head4.jpg
2017.03.31 10:13:01 057,TFT_SIDE5.46,0,RETRY,-0.8668,-0.5137,-0.6567,-0.7112,0.4187,0.0182,True,903.720415401633,618.02298064167,.\Image\Alignment\2017\03\31\10.13.01 057\Head1.jpg,True,846.117053350618,598.077883341955,.\Image\Alignment\2017\03\31\10.13.01 057\Head2.jpg,True,883.657782036123,560.869356732519,.\Image\Alignment\2017\03\31\10.13.01 057\Head3.jpg,True,860.912778833761,565.907417647808,.\Image\Alignment\2017\03\31\10.13.01 057\Head4.jpg
2017.03.31 10:13:02 923,TFT_SIDE5.46,0,RETRY,-0.0016,-0.149,-0.1479,0.0011,-0.0278,-0.00025,True,639.98047646784,472.235827539045,.\Image\Alignment\2017\03\31\10.13.02 923\Head1.jpg,True,677.390478923638,475.031982561984,.\Image\Alignment\2017\03\31\10.13.02 923\Head2.jpg,True,677.097005533892,476.36307314372,.\Image\Alignment\2017\03\31\10.13.02 923\Head3.jpg,True,639.309255128851,472.971462982399,.\Image\Alignment\2017\03\31\10.13.02 923\Head4.jpg
2017.03.31 10:13:04 750,TFT_SIDE5.46,0,OK,-0.0012,0.0066,0.0059,-0.0006,0,0,True,640.322318743709,480.3628017198,.\Image\Alignment\2017\03\31\10.13.04 750\Head1.jpg,True,638.243756601141,483.061075242798,.\Image\Alignment\2017\03\31\10.13.04 750\Head2.jpg,True,638.429696332131,483.666288288414,.\Image\Alignment\2017\03\31\10.13.04 750\Head3.jpg,True,640.160777395862,480.145864365913,.\Image\Alignment\2017\03\31\10.13.04 750\Head4.jpg
2017.03.31 10:13:23 357,TFT_SIDE5.46,90,RETRY,-0.6158,-0.4254,-0.564,-0.4554,-0.0011,0.00722,True,814.938581949059,491.667749528845,.\Image\Alignment\2017\03\31\10.13.23 357\Head1.jpg,True,758.399326362415,487.201480023023,.\Image\Alignment\2017\03\31\10.13.23 357\Head2.jpg,True,795.091951451914,482.823966588114,.\Image\Alignment\2017\03\31\10.13.23 357\Head3.jpg,True,771.679047161334,472.046591572791,.\Image\Alignment\2017\03\31\10.13.23 357\Head4.jpg
2017.03.31 10:13:25 252,TFT_SIDE5.46,90,RETRY,-0.0055,0.0213,0.0217,-0.0021,0.0199,-0.00086,True,640.204052370915,483.872720650511,.\Image\Alignment\2017\03\31\10.13.25 252\Head1.jpg,True,633.743435884572,487.621651127119,.\Image\Alignment\2017\03\31\10.13.25 252\Head2.jpg,True,633.621369436368,488.139015220147,.\Image\Alignment\2017\03\31\10.13.25 252\Head3.jpg,True,639.275571492078,486.282144427307,.\Image\Alignment\2017\03\31\10.13.25 252\Head4.jpg
2017.03.31 10:13:27 078,TFT_SIDE5.46,90,OK,0.0028,-0.0039,-0.0052,-0.0011,0,0,True,639.246856785734,479.429543637129,.\Image\Alignment\2017\03\31\10.13.27 078\Head1.jpg,True,641.037822624048,482.401741706724,.\Image\Alignment\2017\03\31\10.13.27 078\Head2.jpg,True,641.397168391584,482.524235532748,.\Image\Alignment\2017\03\31\10.13.27 078\Head3.jpg,True,640.286287517956,479.646641234122,.\Image\Alignment\2017\03\31\10.13.27 078\Head4.jpg
2017.03.31 10:17:19 686,TFT_SIDE5.46,0,RETRY,-0.8282,-0.5265,-0.6716,-0.6716,0.3774,0.02159,True,899.391884497751,611.938256090078,.\Image\Alignment\2017\03\31\10.17.19 686\Head1.jpg,True,841.234207080972,611.444995720865,.\Image\Alignment\2017\03\31\10.17.19 686\Head2.jpg,True,879.249685119943,578.753419696612,.\Image\Alignment\2017\03\31\10.17.19 686\Head3.jpg,True,856.425010848576,549.985369643932,.\Image\Alignment\2017\03\31\10.17.19 686\Head4.jpg
2017.03.31 10:17:21 579,TFT_SIDE5.46,0,RETRY,-0.0037,-0.101,-0.0985,-0.001,0.0536,-0.00085,True,639.49218361459,493.084885513657,.\Image\Alignment\2017\03\31\10.17.21 579\Head1.jpg,True,663.105993184656,495.971117075282,.\Image\Alignment\2017\03\31\10.17.21 579\Head2.jpg,True,662.349206375783,498.091467975088,.\Image\Alignment\2017\03\31\10.17.21 579\Head3.jpg,True,638.70760757685,495.495558525573,.\Image\Alignment\2017\03\31\10.17.21 579\Head4.jpg
2017.03.31 10:17:23 432,TFT_SIDE5.46,0,OK,0.0007,0.0088,0.009,-0.0006,0,0,True,639.808486576994,479.813975100746,.\Image\Alignment\2017\03\31\10.17.23 432\Head1.jpg,True,637.665337971679,482.429493849654,.\Image\Alignment\2017\03\31\10.17.23 432\Head2.jpg,True,637.610924063405,483.207675392528,.\Image\Alignment\2017\03\31\10.17.23 432\Head3.jpg,True,640.158421814846,479.683851448736,.\Image\Alignment\2017\03\31\10.17.23 432\Head4.jpg
2017.03.31 10:17:41 900,TFT_SIDE5.46,90,RETRY,-0.6525,-0.4353,-0.5719,-0.4921,0.0302,0.01044,True,829.440421459278,505.429203675997,.\Image\Alignment\2017\03\31\10.17.41 900\Head1.jpg,True,773.08307937748,496.300741158835,.\Image\Alignment\2017\03\31\10.17.41 900\Head2.jpg,True,809.223333344235,480.943211636211,.\Image\Alignment\2017\03\31\10.17.41 900\Head3.jpg,True,786.114273521696,476.756948562716,.\Image\Alignment\2017\03\31\10.17.41 900\Head4.jpg
2017.03.31 10:17:43 781,TFT_SIDE5.46,90,RETRY,-0.0064,-0.007,-0.0111,-0.0076,0.0263,-0.00142,True,639.664088084411,484.655938125956,.\Image\Alignment\2017\03\31\10.17.43 781\Head1.jpg,True,640.943760541269,489.873694949253,.\Image\Alignment\2017\03\31\10.17.43 781\Head2.jpg,True,642.008143866013,490.715144081087,.\Image\Alignment\2017\03\31\10.17.43 781\Head3.jpg,True,639.92549069716,488.626863602523,.\Image\Alignment\2017\03\31\10.17.43 781\Head4.jpg
2017.03.31 10:17:45 538,TFT_SIDE5.46,90,RETRY,0.0004,-0.0053,-0.0056,0.0008,-0.0038,0.00022,True,640.227782122146,479.372554500224,.\Image\Alignment\2017\03\31\10.17.45 538\Head1.jpg,True,641.074622558878,482.417078971211,.\Image\Alignment\2017\03\31\10.17.45 538\Head2.jpg,True,641.13362514202,482.732969717195,.\Image\Alignment\2017\03\31\10.17.45 538\Head3.jpg,True,640.104911102484,478.745511929588,.\Image\Alignment\2017\03\31\10.17.45 538\Head4.jpg
2017.03.31 10:17:47 365,TFT_SIDE5.46,90,OK,0.001,0.0013,0.0035,0.001,0,0,True,639.727282329502,480.300225168122,.\Image\Alignment\2017\03\31\10.17.47 365\Head1.jpg,True,639.659848276549,483.509535806229,.\Image\Alignment\2017\03\31\10.17.47 365\Head2.jpg,True,639.071884764877,483.797889159587,.\Image\Alignment\2017\03\31\10.17.47 365\Head3.jpg,True,639.729033743428,480.144520587482,.\Image\Alignment\2017\03\31\10.17.47 365\Head4.jpg
2017.03.31 10:20:38 103,TFT_SIDE5.46,0,RETRY,-0.9063,-0.6452,-0.7863,-0.7487,0.3944,0.01497,True,908.589716620868,606.853573167624,.\Image\Alignment\2017\03\31\10.20.38 103\Head1.jpg,True,851.023497824635,601.95416050888,.\Image\Alignment\2017\03\31\10.20.38 103\Head2.jpg,True,887.975588754618,581.178916336146,.\Image\Alignment\2017\03\31\10.20.38 103\Head3.jpg,True,865.239165264881,564.137257976027,.\Image\Alignment\2017\03\31\10.20.38 103\Head4.jpg
2017.03.31 10:20:39 998,TFT_SIDE5.46,0,RETRY,-0.0006,-0.0514,-0.0517,0.0004,0.0032,0.00024,True,640.578547324718,481.205629272475,.\Image\Alignment\2017\03\31\10.20.39 998\Head1.jpg,True,653.501605562348,483.947135511967,.\Image\Alignment\2017\03\31\10.20.39 998\Head2.jpg,True,653.546234467135,484.080893609354,.\Image\Alignment\2017\03\31\10.20.39 998\Head3.jpg,True,640.317214523943,480.505154918572,.\Image\Alignment\2017\03\31\10.20.39 998\Head4.jpg
2017.03.31 10:20:41 772,TFT_SIDE5.46,0,OK,-0.0011,0.0021,-0.0006,-0.0006,0,0,True,640.30194814283,479.945727520285,.\Image\Alignment\2017\03\31\10.20.41 772\Head1.jpg,True,639.438315045134,483.032710202729,.\Image\Alignment\2017\03\31\10.20.41 772\Head2.jpg,True,640.163724167518,483.642776151779,.\Image\Alignment\2017\03\31\10.20.41 772\Head3.jpg,True,640.158732920445,480.110570078513,.\Image\Alignment\2017\03\31\10.20.41 772\Head4.jpg
2017.03.31 10:21:00 269,TFT_SIDE5.46,90,RETRY,-0.5979,-0.3801,-0.5156,-0.4322,-0.0699,0.00908,True,812.859286287903,476.442218248625,.\Image\Alignment\2017\03\31\10.21.00 269\Head1.jpg,True,756.179849366877,472.598734785466,.\Image\Alignment\2017\03\31\10.21.00 269\Head2.jpg,True,792.148178382771,459.213369792345,.\Image\Alignment\2017\03\31\10.21.00 269\Head3.jpg,True,768.315074113132,451.611897677359,.\Image\Alignment\2017\03\31\10.21.00 269\Head4.jpg
2017.03.31 10:21:02 040,TFT_SIDE5.46,90,RETRY,-0.0312,-0.0212,-0.0208,-0.0338,0.0591,-0.00602,True,639.595545206438,485.698785359048,.\Image\Alignment\2017\03\31\10.21.02 040\Head1.jpg,True,641.716555607059,495.41569393261,.\Image\Alignment\2017\03\31\10.21.02 040\Head2.jpg,True,641.534098739817,499.022026020459,.\Image\Alignment\2017\03\31\10.21.02 040\Head3.jpg,True,640.187143569496,502.584652789144,.\Image\Alignment\2017\03\31\10.21.02 040\Head4.jpg
2017.03.31 10:21:03 853,TFT_SIDE5.46,90,RETRY,0.0029,-0.0167,-0.0204,0.0011,-0.0132,0.00065,True,640.18216807905,477.557955578653,.\Image\Alignment\2017\03\31\10.21.03 853\Head1.jpg,True,644.570233782229,479.990638436687,.\Image\Alignment\2017\03\31\10.21.03 853\Head2.jpg,True,645.570508538255,479.879743195021,.\Image\Alignment\2017\03\31\10.21.03 853\Head3.jpg,True,640.66775897354,475.736870899203,.\Image\Alignment\2017\03\31\10.21.03 853\Head4.jpg
2017.03.31 10:21:05 693,TFT_SIDE5.46,90,OK,-0.0005,0.0032,0.0041,-0.0002,0,0,True,640.121286523435,480.434427924423,.\Image\Alignment\2017\03\31\10.21.05 693\Head1.jpg,True,639.13478637653,483.522287502077,.\Image\Alignment\2017\03\31\10.21.05 693\Head2.jpg,True,638.900993973671,483.676635897661,.\Image\Alignment\2017\03\31\10.21.05 693\Head3.jpg,True,640.065855300832,480.626609245293,.\Image\Alignment\2017\03\31\10.21.05 693\Head4.jpg
2017.03.31 10:25:27 334,TFT_SIDE5.46,0,RETRY,-0.8829,-0.7039,-0.8454,-0.7253,0.4323,0.01267,True,898.258172784072,613.612568858871,.\Image\Alignment\2017\03\31\10.25.27 334\Head1.jpg,True,840.382606289361,624.267828871121,.\Image\Alignment\2017\03\31\10.25.27 334\Head2.jpg,True,877.298753979317,617.810342736885,.\Image\Alignment\2017\03\31\10.25.27 334\Head3.jpg,True,854.887223152832,577.497530684354,.\Image\Alignment\2017\03\31\10.25.27 334\Head4.jpg
2017.03.31 10:25:29 243,TFT_SIDE5.46,0,RETRY,-0.0038,0.0256,0.0259,-0.0016,0.0657,-0.00051,True,640.129687667497,496.799128316788,.\Image\Alignment\2017\03\31\10.25.29 243\Head1.jpg,True,631.107953803779,499.843011789559,.\Image\Alignment\2017\03\31\10.25.29 243\Head2.jpg,True,630.954937342389,500.950272391848,.\Image\Alignment\2017\03\31\10.25.29 243\Head3.jpg,True,639.443717496192,498.208549663921,.\Image\Alignment\2017\03\31\10.25.29 243\Head4.jpg
2017.03.31 10:25:31 097,TFT_SIDE5.46,0,OK,0.0003,0.0051,0.0034,0.0009,0,0,True,639.928306383445,479.883673046548,.\Image\Alignment\2017\03\31\10.25.31 097\Head1.jpg,True,638.634695943399,482.438434326721,.\Image\Alignment\2017\03\31\10.25.31 097\Head2.jpg,True,639.092790599344,483.251417178842,.\Image\Alignment\2017\03\31\10.25.31 097\Head3.jpg,True,639.750779696172,479.745742409677,.\Image\Alignment\2017\03\31\10.25.31 097\Head4.jpg
2017.03.31 10:25:49 630,TFT_SIDE5.46,90,RETRY,-0.724,-0.5151,-0.6532,-0.5623,-0.0056,0.00066,True,834.319580369769,479.470503266223,.\Image\Alignment\2017\03\31\10.25.49 630\Head1.jpg,True,778.054100179374,482.590549204038,.\Image\Alignment\2017\03\31\10.25.49 630\Head2.jpg,True,814.598603079088,482.106128849746,.\Image\Alignment\2017\03\31\10.25.49 630\Head3.jpg,True,790.621017396853,478.403884060252,.\Image\Alignment\2017\03\31\10.25.49 630\Head4.jpg
2017.03.31 10:25:51 471,TFT_SIDE5.46,90,RETRY,-0.0014,-0.0015,-0.0006,-0.0023,0.0058,-0.00014,True,640.159517850955,481.307394092113,.\Image\Alignment\2017\03\31\10.25.51 471\Head1.jpg,True,640.057581673171,484.729621464441,.\Image\Alignment\2017\03\31\10.25.51 471\Head2.jpg,True,639.80182811276,485.031679712783,.\Image\Alignment\2017\03\31\10.25.51 471\Head3.jpg,True,640.398223717506,481.707649997856,.\Image\Alignment\2017\03\31\10.25.51 471\Head4.jpg
2017.03.31 10:25:53 201,TFT_SIDE5.46,90,OK,-0.0009,0.002,0.0006,-0.001,0,0,True,640.246772148437,479.83313572227,.\Image\Alignment\2017\03\31\10.25.53 201\Head1.jpg,True,639.462735172971,482.925510035279,.\Image\Alignment\2017\03\31\10.25.53 201\Head2.jpg,True,639.846368033008,483.010202316183,.\Image\Alignment\2017\03\31\10.25.53 201\Head3.jpg,True,640.256453462779,479.624156688827,.\Image\Alignment\2017\03\31\10.25.53 201\Head4.jpg
2017.03.31 10:29:24 361,TFT_SIDE5.46,0,RETRY,-0.7756,-0.5779,-0.7209,-0.6178,0.4697,0.02552,True,892.306870643456,642.286352178921,.\Image\Alignment\2017\03\31\10.29.24 361\Head1.jpg,True,834.285684909426,621.065966392618,.\Image\Alignment\2017\03\31\10.29.24 361\Head2.jpg,True,871.697507034037,599.607648437549,.\Image\Alignment\2017\03\31\10.29.24 361\Head3.jpg,True,848.916509438728,568.793582170036,.\Image\Alignment\2017\03\31\10.29.24 361\Head4.jpg
2017.03.31 10:29:26 242,TFT_SIDE5.46,0,RETRY,-0.005,0.0036,0.0043,-0.0033,0.004,-0.00105,True,639.490992557561,479.547217660636,.\Image\Alignment\2017\03\31\10.29.26 242\Head1.jpg,True,635.253035035259,483.17435372162,.\Image\Alignment\2017\03\31\10.29.26 242\Head2.jpg,True,635.045172960749,485.232472818667,.\Image\Alignment\2017\03\31\10.29.26 242\Head3.jpg,True,639.024535039507,482.571501668148,.\Image\Alignment\2017\03\31\10.29.26 242\Head4.jpg
2017.03.31 10:29:28 082,TFT_SIDE5.46,0,RETRY,-0.0028,-0.0017,-0.0011,-0.0022,0.0007,-0.00011,True,640.542164299625,480.018905189904,.\Image\Alignment\2017\03\31\10.29.28 082\Head1.jpg,True,638.975884876072,483.359523008214,.\Image\Alignment\2017\03\31\10.29.28 082\Head2.jpg,True,638.79404999826,484.163361721946,.\Image\Alignment\2017\03\31\10.29.28 082\Head3.jpg,True,640.404018311123,480.339149698014,.\Image\Alignment\2017\03\31\10.29.28 082\Head4.jpg
2017.03.31 10:29:29 814,TFT_SIDE5.46,0,OK,0.0004,0.0056,0.0057,-0.0005,0,0,True,639.897547058521,480.270011086821,.\Image\Alignment\2017\03\31\10.29.29 814\Head1.jpg,True,638.506184197674,483.166372692743,.\Image\Alignment\2017\03\31\10.29.29 814\Head2.jpg,True,638.492217304112,483.846972763188,.\Image\Alignment\2017\03\31\10.29.29 814\Head3.jpg,True,640.144443937719,480.274316835746,.\Image\Alignment\2017\03\31\10.29.29 814\Head4.jpg
2017.03.31 10:29:48 332,TFT_SIDE5.46,90,RETRY,-0.703,-0.5332,-0.6723,-0.5405,0.071,0.01394,True,848.005355800816,522.175386884074,.\Image\Alignment\2017\03\31\10.29.48 332\Head1.jpg,True,791.069147362949,510.39786879733,.\Image\Alignment\2017\03\31\10.29.48 332\Head2.jpg,True,827.806738310448,502.458790446781,.\Image\Alignment\2017\03\31\10.29.48 332\Head3.jpg,True,803.989291437877,483.716233500525,.\Image\Alignment\2017\03\31\10.29.48 332\Head4.jpg
2017.03.31 10:29:50 198,TFT_SIDE5.46,90,RETRY,-0.0016,0.0434,0.0417,-0.004,0.0348,-0.00077,True,639.304511722511,487.99098028657,.\Image\Alignment\2017\03\31\10.29.50 198\Head1.jpg,True,627.864958260396,492.022808083102,.\Image\Alignment\2017\03\31\10.29.50 198\Head2.jpg,True,628.273194848879,492.536762464252,.\Image\Alignment\2017\03\31\10.29.50 198\Head3.jpg,True,639.896877236509,490.126060187822,.\Image\Alignment\2017\03\31\10.29.50 198\Head4.jpg
2017.03.31 10:29:52 053,TFT_SIDE5.46,90,RETRY,-0.0012,-0.0058,-0.0016,0.0002,-0.0007,-0.00014,True,640.115141822431,479.579584287576,.\Image\Alignment\2017\03\31\10.29.52 053\Head1.jpg,True,641.354025600972,482.652508809875,.\Image\Alignment\2017\03\31\10.29.52 053\Head2.jpg,True,640.214867650902,482.831330823539,.\Image\Alignment\2017\03\31\10.29.52 053\Head3.jpg,True,639.729576794411,479.97971104198,.\Image\Alignment\2017\03\31\10.29.52 053\Head4.jpg
2017.03.31 10:29:53 825,TFT_SIDE5.46,90,RETRY,0.0011,0.0006,-0.0012,0.0018,-0.0006,0.00025,True,640.058916808721,480.248281248172,.\Image\Alignment\2017\03\31\10.29.53 825\Head1.jpg,True,639.487589641903,482.816159861648,.\Image\Alignment\2017\03\31\10.29.53 825\Head2.jpg,True,639.961515332215,483.133566318426,.\Image\Alignment\2017\03\31\10.29.53 825\Head3.jpg,True,639.885028473337,479.540934272542,.\Image\Alignment\2017\03\31\10.29.53 825\Head4.jpg
2017.03.31 10:29:55 555,TFT_SIDE5.46,90,OK,0.0017,0.002,0.0031,0.0006,0,0,True,639.547560970943,480.074577031924,.\Image\Alignment\2017\03\31\10.29.55 555\Head1.jpg,True,639.471016567005,482.719768111105,.\Image\Alignment\2017\03\31\10.29.55 555\Head2.jpg,True,639.175161173112,483.450554323296,.\Image\Alignment\2017\03\31\10.29.55 555\Head3.jpg,True,639.844555230399,480.269665865211,.\Image\Alignment\2017\03\31\10.29.55 555\Head4.jpg
2017.03.31 10:33:32 733,TFT_SIDE5.46,0,RETRY,-0.7444,-0.7374,-0.8776,-0.5874,0.3864,0.04052,True,910.421048528503,641.8516381352,.\Image\Alignment\2017\03\31\10.33.32 733\Head1.jpg,True,852.860413899396,595.349524362505,.\Image\Alignment\2017\03\31\10.33.32 733\Head2.jpg,True,889.543499124374,586.969862769435,.\Image\Alignment\2017\03\31\10.33.32 733\Head3.jpg,True,867.397891346251,525.037211296957,.\Image\Alignment\2017\03\31\10.33.32 733\Head4.jpg
2017.03.31 10:33:34 600,TFT_SIDE5.46,0,RETRY,-0.0646,0.1377,0.1358,-0.0634,0.0337,-0.00967,True,640.188689800665,475.021258237578,.\Image\Alignment\2017\03\31\10.33.34 600\Head1.jpg,True,585.469869796543,487.196453191471,.\Image\Alignment\2017\03\31\10.33.34 600\Head2.jpg,True,585.94844861404,496.826650312637,.\Image\Alignment\2017\03\31\10.33.34 600\Head3.jpg,True,639.784913781511,503.017997080074,.\Image\Alignment\2017\03\31\10.33.34 600\Head4.jpg
2017.03.31 10:33:36 373,TFT_SIDE5.46,0,RETRY,0.001,-0.0011,-0.0015,0.0013,-0.0013,-0.00037,True,639.082743676298,479.115037512572,.\Image\Alignment\2017\03\31\10.33.36 373\Head1.jpg,True,638.264766702146,482.170364928842,.\Image\Alignment\2017\03\31\10.33.36 373\Head2.jpg,True,638.358341625891,483.279274936944,.\Image\Alignment\2017\03\31\10.33.36 373\Head3.jpg,True,638.986302295592,480.197396878422,.\Image\Alignment\2017\03\31\10.33.36 373\Head4.jpg
2017.03.31 10:33:38 171,TFT_SIDE5.46,0,OK,-0.0003,0.0032,0.0066,0,0,0,True,640.071091034889,479.902890235815,.\Image\Alignment\2017\03\31\10.33.38 171\Head1.jpg,True,639.149368310183,483.046694437965,.\Image\Alignment\2017\03\31\10.33.38 171\Head2.jpg,True,638.234078290108,483.35232387509,.\Image\Alignment\2017\03\31\10.33.38 171\Head3.jpg,True,640.009405087425,480.058671279095,.\Image\Alignment\2017\03\31\10.33.38 171\Head4.jpg
2017.03.31 10:33:58 983,TFT_SIDE5.46,90,RETRY,-0.6391,-0.5433,-0.6831,-0.4747,0.0311,0.02112,True,841.353123447228,523.557070937767,.\Image\Alignment\2017\03\31\10.33.58 983\Head1.jpg,True,784.007934683629,491.74424161174,.\Image\Alignment\2017\03\31\10.33.58 983\Head2.jpg,True,820.973331314813,492.690513839926,.\Image\Alignment\2017\03\31\10.33.58 983\Head3.jpg,True,796.959622364204,464.88394408685,.\Image\Alignment\2017\03\31\10.33.58 983\Head4.jpg
2017.03.31 10:34:00 742,TFT_SIDE5.46,90,RETRY,-0.0099,0.111,0.1129,-0.0122,0.0487,-0.00171,True,640.164390634268,490.136982015037,.\Image\Alignment\2017\03\31\10.34.00 742\Head1.jpg,True,609.247975711502,495.165194966179,.\Image\Alignment\2017\03\31\10.34.00 742\Head2.jpg,True,608.713383195724,496.208782392958,.\Image\Alignment\2017\03\31\10.34.00 742\Head3.jpg,True,640.718395306075,494.905911020883,.\Image\Alignment\2017\03\31\10.34.00 742\Head4.jpg
2017.03.31 10:34:02 555,TFT_SIDE5.46,90,OK,0.0008,-0.0052,-0.0054,0.0012,0,0,True,639.794523890702,478.854335639545,.\Image\Alignment\2017\03\31\10.34.02 555\Head1.jpg,True,641.38223249829,481.87026913916,.\Image\Alignment\2017\03\31\10.34.02 555\Head2.jpg,True,641.44970029865,481.966308357279,.\Image\Alignment\2017\03\31\10.34.02 555\Head3.jpg,True,639.682509087524,478.828082215133,.\Image\Alignment\2017\03\31\10.34.02 555\Head4.jpg
2017.03.31 10:38:07 727,TFT_SIDE5.46,0,RETRY,-0.8273,-0.6356,-0.7771,-0.6735,0.5029,0.01801,True,892.866447132181,640.253199117504,.\Image\Alignment\2017\03\31\10.38.07 727\Head1.jpg,True,835.21083213275,620.307249853911,.\Image\Alignment\2017\03\31\10.38.07 727\Head2.jpg,True,872.181771716359,606.729296793668,.\Image\Alignment\2017\03\31\10.38.07 727\Head3.jpg,True,850.456583332971,588.520995777861,.\Image\Alignment\2017\03\31\10.38.07 727\Head4.jpg
2017.03.31 10:38:09 635,TFT_SIDE5.46,0,RETRY,-0.026,-0.0069,-0.0104,-0.0214,-0.0098,-0.00375,True,640.323175137018,471.954994228754,.\Image\Alignment\2017\03\31\10.38.09 635\Head1.jpg,True,634.247653442178,478.371185901563,.\Image\Alignment\2017\03\31\10.38.09 635\Head2.jpg,True,635.15725129459,482.513357594359,.\Image\Alignment\2017\03\31\10.38.09 635\Head3.jpg,True,639.094829381475,482.835903138175,.\Image\Alignment\2017\03\31\10.38.09 635\Head4.jpg
2017.03.31 10:38:11 421,TFT_SIDE5.46,0,RETRY,0.0018,-0.0019,0.0006,0.001,0.0007,0.00017,True,639.818934635623,480.440454141945,.\Image\Alignment\2017\03\31\10.38.11 421\Head1.jpg,True,639.655355642431,483.090122849239,.\Image\Alignment\2017\03\31\10.38.11 421\Head2.jpg,True,638.96908818661,483.549629933629,.\Image\Alignment\2017\03\31\10.38.11 421\Head3.jpg,True,640.036770842559,479.941752111046,.\Image\Alignment\2017\03\31\10.38.11 421\Head4.jpg
2017.03.31 10:38:13 262,TFT_SIDE5.46,0,OK,0.001,0.0063,0.0051,-0.0004,0,0,True,639.739150141987,479.866016485855,.\Image\Alignment\2017\03\31\10.38.13 262\Head1.jpg,True,638.321586953838,482.57167357906,.\Image\Alignment\2017\03\31\10.38.13 262\Head2.jpg,True,638.639413562516,483.171239595983,.\Image\Alignment\2017\03\31\10.38.13 262\Head3.jpg,True,640.09601478703,479.676542074395,.\Image\Alignment\2017\03\31\10.38.13 262\Head4.jpg
2017.03.31 10:38:31 729,TFT_SIDE5.46,90,RETRY,-0.7283,-0.5216,-0.6608,-0.5692,0.014,0.00134,True,836.459948606843,485.846022051204,.\Image\Alignment\2017\03\31\10.38.31 729\Head1.jpg,True,779.908150323239,490.850931995034,.\Image\Alignment\2017\03\31\10.38.31 729\Head2.jpg,True,816.734220630684,490.261133283207,.\Image\Alignment\2017\03\31\10.38.31 729\Head3.jpg,True,793.422346511593,482.856200163539,.\Image\Alignment\2017\03\31\10.38.31 729\Head4.jpg
2017.03.31 10:38:33 623,TFT_SIDE5.46,90,RETRY,0.0076,0.0068,0.0075,0.0089,0.0159,0.00141,True,640.014099093458,486.600953406693,.\Image\Alignment\2017\03\31\10.38.33 623\Head1.jpg,True,639.015305888845,488.143134295787,.\Image\Alignment\2017\03\31\10.38.33 623\Head2.jpg,True,638.823429426824,487.377621018155,.\Image\Alignment\2017\03\31\10.38.33 623\Head3.jpg,True,639.647318029397,482.621487501347,.\Image\Alignment\2017\03\31\10.38.33 623\Head4.jpg
2017.03.31 10:38:35 245,TFT_SIDE5.46,90,OK,-0.0016,0.005,0.0054,-0.0002,0,0,True,640.422164627826,480.784112397696,.\Image\Alignment\2017\03\31\10.38.35 245\Head1.jpg,True,638.657098250793,483.467740230365,.\Image\Alignment\2017\03\31\10.38.35 245\Head2.jpg,True,638.567952296967,483.791326224126,.\Image\Alignment\2017\03\31\10.38.35 245\Head3.jpg,True,640.045299007191,480.880265897807,.\Image\Alignment\2017\03\31\10.38.35 245\Head4.jpg
2017.03.31 10:42:01 036,TFT_SIDE5.46,0,RETRY,-0.785,-0.4941,-0.636,-0.6305,0.5183,0.02615,True,895.922780959578,656.19169503195,.\Image\Alignment\2017\03\31\10.42.01 036\Head1.jpg,True,838.835143337196,639.86545149868,.\Image\Alignment\2017\03\31\10.42.01 036\Head2.jpg,True,875.924486801028,603.762740817967,.\Image\Alignment\2017\03\31\10.42.01 036\Head3.jpg,True,853.344462149126,580.830989184164,.\Image\Alignment\2017\03\31\10.42.01 036\Head4.jpg
2017.03.31 10:42:02 933,TFT_SIDE5.46,0,RETRY,-0.0481,-0.1322,-0.1324,-0.0429,0.0125,-0.00759,True,639.442826220608,472.368957034885,.\Image\Alignment\2017\03\31\10.42.02 933\Head1.jpg,True,660.464376074922,482.324631638673,.\Image\Alignment\2017\03\31\10.42.02 933\Head2.jpg,True,660.476057247088,490.41941275381,.\Image\Alignment\2017\03\31\10.42.02 933\Head3.jpg,True,638.002034617372,494.362231961403,.\Image\Alignment\2017\03\31\10.42.02 933\Head4.jpg
2017.03.31 10:42:04 759,TFT_SIDE5.46,0,RETRY,0.0016,0.0015,0.0004,-0.0005,-0.0004,0.00046,True,640.380121515549,480.555558547757,.\Image\Alignment\2017\03\31\10.42.04 759\Head1.jpg,True,639.223129738719,482.936188915847,.\Image\Alignment\2017\03\31\10.42.04 759\Head2.jpg,True,639.520768766515,483.135428777591,.\Image\Alignment\2017\03\31\10.42.04 759\Head3.jpg,True,640.953356875537,479.223429404137,.\Image\Alignment\2017\03\31\10.42.04 759\Head4.jpg
2017.03.31 10:42:06 367,TFT_SIDE5.46,0,OK,0.0005,0.0061,0.008,0.0009,0,0,True,639.85675574523,480.199522336066,.\Image\Alignment\2017\03\31\10.42.06 367\Head1.jpg,True,638.367044196711,482.846446840688,.\Image\Alignment\2017\03\31\10.42.06 367\Head2.jpg,True,637.862892847079,483.618344784248,.\Image\Alignment\2017\03\31\10.42.06 367\Head3.jpg,True,639.771553333062,480.114719920642,.\Image\Alignment\2017\03\31\10.42.06 367\Head4.jpg
2017.03.31 10:42:24 862,TFT_SIDE5.46,90,RETRY,-0.7515,-0.5704,-0.7088,-0.5904,0.0326,0.00846,True,852.980893617734,502.721657503613,.\Image\Alignment\2017\03\31\10.42.24 862\Head1.jpg,True,796.41198927643,496.120791824087,.\Image\Alignment\2017\03\31\10.42.24 862\Head2.jpg,True,833.017131411536,492.339728860804,.\Image\Alignment\2017\03\31\10.42.24 862\Head3.jpg,True,809.367791580307,479.755163140644,.\Image\Alignment\2017\03\31\10.42.24 862\Head4.jpg
2017.03.31 10:42:26 702,TFT_SIDE5.46,90,RETRY,-0.0079,0.0281,0.0283,-0.0074,0.0236,-0.00123,True,640.32920451351,484.254116258741,.\Image\Alignment\2017\03\31\10.42.26 702\Head1.jpg,True,631.7448140178,488.627957046702,.\Image\Alignment\2017\03\31\10.42.26 702\Head2.jpg,True,631.656913806287,489.328010240234,.\Image\Alignment\2017\03\31\10.42.26 702\Head3.jpg,True,640.164781780747,487.688640931642,.\Image\Alignment\2017\03\31\10.42.26 702\Head4.jpg
2017.03.31 10:42:28 570,TFT_SIDE5.46,90,RETRY,0.0026,-0.0068,-0.0054,0.0025,-0.002,0.00023,True,639.638217306015,479.846789803085,.\Image\Alignment\2017\03\31\10.42.28 570\Head1.jpg,True,641.433479195803,482.334453602793,.\Image\Alignment\2017\03\31\10.42.28 570\Head2.jpg,True,641.048502235989,482.681067054093,.\Image\Alignment\2017\03\31\10.42.28 570\Head3.jpg,True,639.667993985599,479.213723943225,.\Image\Alignment\2017\03\31\10.42.28 570\Head4.jpg
2017.03.31 10:42:30 356,TFT_SIDE5.46,90,OK,-0.0019,0.0025,0.0024,-0.0016,0,0,True,640.506577638707,479.775194648836,.\Image\Alignment\2017\03\31\10.42.30 356\Head1.jpg,True,639.320803604354,482.897382957762,.\Image\Alignment\2017\03\31\10.42.30 356\Head2.jpg,True,639.348989780232,483.085988056195,.\Image\Alignment\2017\03\31\10.42.30 356\Head3.jpg,True,640.4340411849,479.943068263062,.\Image\Alignment\2017\03\31\10.42.30 356\Head4.jpg
2017.03.31 10:45:49 465,TFT_SIDE5.46,0,RETRY,-0.7629,-0.5159,-0.6602,-0.6106,0.6397,0.03795,True,910.851952657252,705.739547269547,.\Image\Alignment\2017\03\31\10.45.49 465\Head1.jpg,True,853.325574617628,673.457830716282,.\Image\Alignment\2017\03\31\10.45.49 465\Head2.jpg,True,890.927371180984,632.655816825355,.\Image\Alignment\2017\03\31\10.45.49 465\Head3.jpg,True,868.715748031193,596.088143091992,.\Image\Alignment\2017\03\31\10.45.49 465\Head4.jpg
2017.03.31 10:45:51 318,TFT_SIDE5.46,0,RETRY,-0.0214,-0.0635,-0.0607,-0.0149,-0.0121,-0.0028,True,640.787415977092,472.720613541313,.\Image\Alignment\2017\03\31\10.45.51 318\Head1.jpg,True,650.228652040045,477.949475531357,.\Image\Alignment\2017\03\31\10.45.51 318\Head2.jpg,True,649.469637544382,481.618295167062,.\Image\Alignment\2017\03\31\10.45.51 318\Head3.jpg,True,639.039865500789,480.842981901182,.\Image\Alignment\2017\03\31\10.45.51 318\Head4.jpg
2017.03.31 10:45:53 186,TFT_SIDE5.46,0,RETRY,-0.0013,-0.0038,-0.0056,-0.0025,0.0009,-0.00022,True,639.955055843328,479.933079007201,.\Image\Alignment\2017\03\31\10.45.53 186\Head1.jpg,True,638.306194644344,482.878754674154,.\Image\Alignment\2017\03\31\10.45.53 186\Head2.jpg,True,638.771374672766,484.356792858665,.\Image\Alignment\2017\03\31\10.45.53 186\Head3.jpg,True,640.269428107116,480.570371181024,.\Image\Alignment\2017\03\31\10.45.53 186\Head4.jpg
2017.03.31 10:45:54 887,TFT_SIDE5.46,0,OK,0.0002,0.0093,0.0097,0,0,0,True,639.941044797536,480.127159199945,.\Image\Alignment\2017\03\31\10.45.54 887\Head1.jpg,True,637.529703898927,483.050920206626,.\Image\Alignment\2017\03\31\10.45.54 887\Head2.jpg,True,637.42213498254,483.946709476675,.\Image\Alignment\2017\03\31\10.45.54 887\Head3.jpg,True,640.004116934165,480.19903809902,.\Image\Alignment\2017\03\31\10.45.54 887\Head4.jpg
2017.03.31 10:46:13 465,TFT_SIDE5.46,90,RETRY,-0.8484,-0.7237,-0.8621,-0.6892,0.0421,0.02492,True,902.794593758599,532.872847710958,.\Image\Alignment\2017\03\31\10.46.13 465\Head1.jpg,True,846.283259213761,508.04442547231,.\Image\Alignment\2017\03\31\10.46.13 465\Head2.jpg,True,882.814384880668,496.071239513138,.\Image\Alignment\2017\03\31\10.46.13 465\Head3.jpg,True,859.558079282095,463.783301348111,.\Image\Alignment\2017\03\31\10.46.13 465\Head4.jpg
2017.03.31 10:46:15 318,TFT_SIDE5.46,90,RETRY,-0.0093,0.0829,0.081,-0.0095,0.059,-0.00148,True,640.352266976631,493.256703954302,.\Image\Alignment\2017\03\31\10.46.15 318\Head1.jpg,True,616.983924737836,497.92883597563,.\Image\Alignment\2017\03\31\10.46.15 318\Head2.jpg,True,617.432932459054,498.757982200961,.\Image\Alignment\2017\03\31\10.46.15 318\Head3.jpg,True,640.313634928389,497.375155372585,.\Image\Alignment\2017\03\31\10.46.15 318\Head4.jpg
2017.03.31 10:46:17 187,TFT_SIDE5.46,90,RETRY,0.0006,-0.0068,-0.0044,0.0012,-0.0031,0.00033,True,640.316035751561,479.71915553067,.\Image\Alignment\2017\03\31\10.46.17 187\Head1.jpg,True,641.867292547459,482.420846178664,.\Image\Alignment\2017\03\31\10.46.17 187\Head2.jpg,True,641.215685022962,482.368145771558,.\Image\Alignment\2017\03\31\10.46.17 187\Head3.jpg,True,640.162795789218,478.804809553095,.\Image\Alignment\2017\03\31\10.46.17 187\Head4.jpg
2017.03.31 10:46:18 891,TFT_SIDE5.46,90,OK,0.0012,0.0027,0.0025,-0.0007,0,0,True,639.679715630851,480.000507073109,.\Image\Alignment\2017\03\31\10.46.18 891\Head1.jpg,True,639.27718320768,483.134193760827,.\Image\Alignment\2017\03\31\10.46.18 891\Head2.jpg,True,639.323106191174,483.297906064756,.\Image\Alignment\2017\03\31\10.46.18 891\Head3.jpg,True,640.174300459285,480.099374786362,.\Image\Alignment\2017\03\31\10.46.18 891\Head4.jpg
2017.03.31 10:51:17 742,TFT_SIDE5.46,0,RETRY,-0.7269,-0.5725,-0.7146,-0.5721,0.5835,0.03485,True,895.759461670537,686.229442215073,.\Image\Alignment\2017\03\31\10.51.17 742\Head1.jpg,True,838.278234409126,638.712180905261,.\Image\Alignment\2017\03\31\10.51.17 742\Head2.jpg,True,875.369148216808,614.30201036256,.\Image\Alignment\2017\03\31\10.51.17 742\Head3.jpg,True,853.059732352505,585.55665699065,.\Image\Alignment\2017\03\31\10.51.17 742\Head4.jpg
2017.03.31 10:51:19 609,TFT_SIDE5.46,0,RETRY,-0.0539,0.001,-0.0007,-0.0512,0.0152,-0.00803,True,640.208948846144,472.438666154536,.\Image\Alignment\2017\03\31\10.51.19 609\Head1.jpg,True,624.141330448399,482.829182548691,.\Image\Alignment\2017\03\31\10.51.19 609\Head2.jpg,True,624.573218400385,491.31624405547,.\Image\Alignment\2017\03\31\10.51.19 609\Head3.jpg,True,639.434211931073,495.71977959019,.\Image\Alignment\2017\03\31\10.51.19 609\Head4.jpg
2017.03.31 10:51:21 450,TFT_SIDE5.46,0,RETRY,0.0016,-0.0003,-0.0003,0.001,0.0002,-0.00033,True,638.978609503305,479.584452045253,.\Image\Alignment\2017\03\31\10.51.21 450\Head1.jpg,True,637.897192773737,482.477323777173,.\Image\Alignment\2017\03\31\10.51.21 450\Head2.jpg,True,637.894553771448,483.658506729735,.\Image\Alignment\2017\03\31\10.51.21 450\Head3.jpg,True,639.153093157368,480.542396502535,.\Image\Alignment\2017\03\31\10.51.21 450\Head4.jpg
2017.03.31 10:51:23 181,TFT_SIDE5.46,0,OK,-0.0012,0.005,0.0056,-0.0008,0,0,True,640.322367274835,479.961246442626,.\Image\Alignment\2017\03\31\10.51.23 181\Head1.jpg,True,638.673320349298,482.505762506795,.\Image\Alignment\2017\03\31\10.51.23 181\Head2.jpg,True,638.504741883333,483.394449661478,.\Image\Alignment\2017\03\31\10.51.23 181\Head3.jpg,True,640.209826237529,480.0088427343,.\Image\Alignment\2017\03\31\10.51.23 181\Head4.jpg
2017.03.31 10:51:44 027,TFT_SIDE5.46,90,RETRY,-0.8241,-0.6611,-0.8019,-0.664,0.0634,0.01571,True,882.907313236241,523.109360526783,.\Image\Alignment\2017\03\31\10.51.44 027\Head1.jpg,True,825.586102884518,511.129454155103,.\Image\Alignment\2017\03\31\10.51.44 027\Head2.jpg,True,862.744785590149,502.813122099046,.\Image\Alignment\2017\03\31\10.51.44 027\Head3.jpg,True,839.444525514847,479.84108779313,.\Image\Alignment\2017\03\31\10.51.44 027\Head4.jpg
2017.03.31 10:51:45 895,TFT_SIDE5.46,90,RETRY,-0.002,0.0479,0.0497,-0.0023,0.043,-0.00031,True,640.081950658186,490.951734697035,.\Image\Alignment\2017\03\31\10.51.45 895\Head1.jpg,True,627.011446335436,494.572453289642,.\Image\Alignment\2017\03\31\10.51.45 895\Head2.jpg,True,626.488954224722,494.77631074805,.\Image\Alignment\2017\03\31\10.51.45 895\Head3.jpg,True,640.109482218583,491.786928317395,.\Image\Alignment\2017\03\31\10.51.45 895\Head4.jpg
2017.03.31 10:51:47 680,TFT_SIDE5.46,90,OK,-0.0009,0,-0.0015,-0.0009,0,0,True,640.227566822493,479.944986703555,.\Image\Alignment\2017\03\31\10.51.47 680\Head1.jpg,True,639.991002955921,483.311739867021,.\Image\Alignment\2017\03\31\10.51.47 680\Head2.jpg,True,640.410639684523,483.31551160865,.\Image\Alignment\2017\03\31\10.51.47 680\Head3.jpg,True,640.234407769109,479.740535712338,.\Image\Alignment\2017\03\31\10.51.47 680\Head4.jpg
2017.03.31 10:55:03 760,TFT_SIDE5.46,0,RETRY,-0.8451,-0.6347,-0.7775,-0.6928,0.5529,0.01585,True,893.817698010829,650.441168232105,.\Image\Alignment\2017\03\31\10.55.03 760\Head1.jpg,True,836.607918046735,638.20419677147,.\Image\Alignment\2017\03\31\10.55.03 760\Head2.jpg,True,873.858603613541,623.746003740376,.\Image\Alignment\2017\03\31\10.55.03 760\Head3.jpg,True,851.720076457908,604.922980350177,.\Image\Alignment\2017\03\31\10.55.03 760\Head4.jpg
2017.03.31 10:55:05 615,TFT_SIDE5.46,0,RETRY,0.0015,-0.0032,-0.0041,0.0057,0.0046,0.00038,True,640.270212874237,481.789797528355,.\Image\Alignment\2017\03\31\10.55.05 615\Head1.jpg,True,639.798070779598,483.817240905352,.\Image\Alignment\2017\03\31\10.55.05 615\Head2.jpg,True,640.040156541319,484.388379013374,.\Image\Alignment\2017\03\31\10.55.05 615\Head3.jpg,True,639.140766970379,480.677182461889,.\Image\Alignment\2017\03\31\10.55.05 615\Head4.jpg
2017.03.31 10:55:07 415,TFT_SIDE5.46,0,OK,0.0006,0.0068,0.0065,-0.0001,0,0,True,639.83303143663,479.41958891983,.\Image\Alignment\2017\03\31\10.55.07 415\Head1.jpg,True,638.176099636813,481.709791755139,.\Image\Alignment\2017\03\31\10.55.07 415\Head2.jpg,True,638.257755576105,482.780892005462,.\Image\Alignment\2017\03\31\10.55.07 415\Head3.jpg,True,640.024382791869,479.361989108149,.\Image\Alignment\2017\03\31\10.55.07 415\Head4.jpg
2017.03.31 10:55:25 934,TFT_SIDE5.46,90,RETRY,-0.7759,-0.5909,-0.728,-0.6206,0.0251,0.00529,True,854.895772899934,495.406826363281,.\Image\Alignment\2017\03\31\10.55.25 934\Head1.jpg,True,799.326093745557,492.721436106364,.\Image\Alignment\2017\03\31\10.55.25 934\Head2.jpg,True,835.579698978025,491.27818260806,.\Image\Alignment\2017\03\31\10.55.25 934\Head3.jpg,True,812.814315671325,481.386906184546,.\Image\Alignment\2017\03\31\10.55.25 934\Head4.jpg
2017.03.31 10:55:27 748,TFT_SIDE5.46,90,RETRY,-0.0077,0.0211,0.0188,-0.0043,0.0188,-0.00106,True,640.529188667088,483.25420874797,.\Image\Alignment\2017\03\31\10.55.27 748\Head1.jpg,True,633.471756136621,487.521121145381,.\Image\Alignment\2017\03\31\10.55.27 748\Head2.jpg,True,634.054810670912,488.34590769877,.\Image\Alignment\2017\03\31\10.55.27 748\Head3.jpg,True,639.569741413145,486.220944180985,.\Image\Alignment\2017\03\31\10.55.27 748\Head4.jpg
2017.03.31 10:55:29 575,TFT_SIDE5.46,90,RETRY,-0.0004,-0.0041,-0.0038,-0.0001,-0.0025,0.00011,True,640.268523329118,479.519089661666,.\Image\Alignment\2017\03\31\10.55.29 575\Head1.jpg,True,640.979160601437,482.748841752441,.\Image\Alignment\2017\03\31\10.55.29 575\Head2.jpg,True,640.890869340721,482.841907237237,.\Image\Alignment\2017\03\31\10.55.29 575\Head3.jpg,True,640.199480602229,479.210425959895,.\Image\Alignment\2017\03\31\10.55.29 575\Head4.jpg
2017.03.31 10:55:31 184,TFT_SIDE5.46,90,OK,0.0007,0.0007,0.0012,-0.0003,0,0,True,639.822051802071,480.07025809158,.\Image\Alignment\2017\03\31\10.55.31 184\Head1.jpg,True,639.803477647293,483.440619398406,.\Image\Alignment\2017\03\31\10.55.31 184\Head2.jpg,True,639.68297018232,483.458404097677,.\Image\Alignment\2017\03\31\10.55.31 184\Head3.jpg,True,640.069067906891,480.105996429055,.\Image\Alignment\2017\03\31\10.55.31 184\Head4.jpg
2017.03.31 10:59:14 286,TFT_SIDE5.46,0,RETRY,-0.8329,-0.6298,-0.772,-0.6763,0.5902,0.01623,True,891.232786972639,660.957890000708,.\Image\Alignment\2017\03\31\10.59.14 286\Head1.jpg,True,833.05569932004,647.27963918362,.\Image\Alignment\2017\03\31\10.59.14 286\Head2.jpg,True,870.097987644725,634.034778248265,.\Image\Alignment\2017\03\31\10.59.14 286\Head3.jpg,True,847.952354579737,614.269126826974,.\Image\Alignment\2017\03\31\10.59.14 286\Head4.jpg
2017.03.31 10:59:16 112,TFT_SIDE5.46,0,RETRY,-0.0008,0.0035,0.0041,0.0014,-0.0219,0,True,640.219893650034,474.155139660426,.\Image\Alignment\2017\03\31\10.59.16 112\Head1.jpg,True,637.387487115452,476.62873591644,.\Image\Alignment\2017\03\31\10.59.16 112\Head2.jpg,True,637.228176748839,477.541643492581,.\Image\Alignment\2017\03\31\10.59.16 112\Head3.jpg,True,639.645943187535,474.165149864319,.\Image\Alignment\2017\03\31\10.59.16 112\Head4.jpg
2017.03.31 10:59:17 831,TFT_SIDE5.46,0,OK,-0.0004,0.0061,0.0055,0.0007,0,0,True,640.096118162596,480.169689547255,.\Image\Alignment\2017\03\31\10.59.17 831\Head1.jpg,True,638.362310381381,482.650427842151,.\Image\Alignment\2017\03\31\10.59.17 831\Head2.jpg,True,638.533947870737,483.537380980345,.\Image\Alignment\2017\03\31\10.59.17 831\Head3.jpg,True,639.801896790229,479.923090512977,.\Image\Alignment\2017\03\31\10.59.17 831\Head4.jpg
2017.03.31 10:59:36 380,TFT_SIDE5.46,90,RETRY,-0.7936,-0.6029,-0.7399,-0.6324,0.0369,0.0053,True,859.636135008185,498.569854528705,.\Image\Alignment\2017\03\31\10.59.36 380\Head1.jpg,True,802.70926981406,496.008263138466,.\Image\Alignment\2017\03\31\10.59.36 380\Head2.jpg,True,838.916031389807,494.391387507026,.\Image\Alignment\2017\03\31\10.59.36 380\Head3.jpg,True,815.977276490092,484.523203526561,.\Image\Alignment\2017\03\31\10.59.36 380\Head4.jpg
2017.03.31 10:59:38 207,TFT_SIDE5.46,90,RETRY,-0.0052,0.0202,0.0187,-0.0044,0.0171,-0.00089,True,640.103007461254,483.075764096744,.\Image\Alignment\2017\03\31\10.59.38 207\Head1.jpg,True,633.991642535544,487.214915890157,.\Image\Alignment\2017\03\31\10.59.38 207\Head2.jpg,True,634.36625570512,487.786511323427,.\Image\Alignment\2017\03\31\10.59.38 207\Head3.jpg,True,639.842107582568,485.576422110906,.\Image\Alignment\2017\03\31\10.59.38 207\Head4.jpg
2017.03.31 10:59:39 871,TFT_SIDE5.46,90,RETRY,0.0011,-0.0051,-0.0043,0.0009,-0.0027,0.00011,True,639.857630115274,479.470914102518,.\Image\Alignment\2017\03\31\10.59.39 871\Head1.jpg,True,641.152116296671,482.526630487273,.\Image\Alignment\2017\03\31\10.59.39 871\Head2.jpg,True,640.927675980454,482.717910046077,.\Image\Alignment\2017\03\31\10.59.39 871\Head3.jpg,True,639.920174424245,479.15476761207,.\Image\Alignment\2017\03\31\10.59.39 871\Head4.jpg
2017.03.31 10:59:41 534,TFT_SIDE5.46,90,RETRY,0.0005,0.0022,0.0025,0.0009,0.0008,0.00014,True,640.059385201807,480.450940622909,.\Image\Alignment\2017\03\31\10.59.41 534\Head1.jpg,True,639.257881779896,483.426812471633,.\Image\Alignment\2017\03\31\10.59.41 534\Head2.jpg,True,639.173593803812,483.564403926085,.\Image\Alignment\2017\03\31\10.59.41 534\Head3.jpg,True,639.9555594461,480.06257668578,.\Image\Alignment\2017\03\31\10.59.41 534\Head4.jpg
2017.03.31 10:59:43 141,TFT_SIDE5.46,90,OK,0.0009,0.0017,0.0006,0.0006,0,0,True,639.772183963825,479.943763291611,.\Image\Alignment\2017\03\31\10.59.43 141\Head1.jpg,True,639.550015054501,483.149038489823,.\Image\Alignment\2017\03\31\10.59.43 141\Head2.jpg,True,639.85278589977,483.418916770458,.\Image\Alignment\2017\03\31\10.59.43 141\Head3.jpg,True,639.839015500367,480.216055340108,.\Image\Alignment\2017\03\31\10.59.43 141\Head4.jpg
2017.03.31 11:06:31 208,TFT_SIDE5.46,0,RETRY,-0.8826,-0.7069,-0.8511,-0.7249,0.458,0.01023,True,893.876127415714,616.931281164389,.\Image\Alignment\2017\03\31\11.06.31 208\Head1.jpg,True,835.657701871538,607.847453500851,.\Image\Alignment\2017\03\31\11.06.31 208\Head2.jpg,True,873.353318252308,604.382451890432,.\Image\Alignment\2017\03\31\11.06.31 208\Head3.jpg,True,850.436619674916,587.842907130056,.\Image\Alignment\2017\03\31\11.06.31 208\Head4.jpg
2017.03.31 11:06:33 076,TFT_SIDE5.46,0,RETRY,-0.0067,0.0239,0.0254,-0.0056,0.0012,-0.00096,True,640.098074237002,478.924225554964,.\Image\Alignment\2017\03\31\11.06.33 076\Head1.jpg,True,630.33785700129,482.298659835736,.\Image\Alignment\2017\03\31\11.06.33 076\Head2.jpg,True,629.933763087264,484.072743826015,.\Image\Alignment\2017\03\31\11.06.33 076\Head3.jpg,True,639.79362773506,481.700982523926,.\Image\Alignment\2017\03\31\11.06.33 076\Head4.jpg
2017.03.31 11:06:34 778,TFT_SIDE5.46,0,OK,0.0001,0.0069,0.006,0.0009,0,0,True,639.984627251601,479.945147946603,.\Image\Alignment\2017\03\31\11.06.34 778\Head1.jpg,True,638.162145599965,482.554052099254,.\Image\Alignment\2017\03\31\11.06.34 778\Head2.jpg,True,638.40171984117,483.512760814652,.\Image\Alignment\2017\03\31\11.06.34 778\Head3.jpg,True,639.747584102601,480.169474499315,.\Image\Alignment\2017\03\31\11.06.34 778\Head4.jpg
2017.03.31 11:06:53 275,TFT_SIDE5.46,90,RETRY,-0.6861,-0.4701,-0.6091,-0.5258,-0.0036,-0.00236,True,819.796570631179,474.954157174752,.\Image\Alignment\2017\03\31\11.06.53 275\Head1.jpg,True,763.066237410716,481.244021605212,.\Image\Alignment\2017\03\31\11.06.53 275\Head2.jpg,True,799.890336816615,483.475647836794,.\Image\Alignment\2017\03\31\11.06.53 275\Head3.jpg,True,776.532805372929,482.310205899812,.\Image\Alignment\2017\03\31\11.06.53 275\Head4.jpg
2017.03.31 11:06:55 047,TFT_SIDE5.46,90,OK,-0.0006,-0.0042,-0.0041,-0.001,0,0,True,640.169053343773,479.514805744637,.\Image\Alignment\2017\03\31\11.06.55 047\Head1.jpg,True,641.13242604711,482.956684624478,.\Image\Alignment\2017\03\31\11.06.55 047\Head2.jpg,True,641.082442753756,483.165214115098,.\Image\Alignment\2017\03\31\11.06.55 047\Head3.jpg,True,640.275458056455,479.682204714206,.\Image\Alignment\2017\03\31\11.06.55 047\Head4.jpg
2017.03.31 11:10:39 487,TFT_SIDE5.46,0,RETRY,-0.84,-0.6379,-0.7811,-0.6846,0.6114,0.0241,True,907.008958877167,678.041587881482,.\Image\Alignment\2017\03\31\11.10.39 487\Head1.jpg,True,848.976779470394,656.336085010998,.\Image\Alignment\2017\03\31\11.10.39 487\Head2.jpg,True,886.295261592849,635.617176707755,.\Image\Alignment\2017\03\31\11.10.39 487\Head3.jpg,True,864.007626684089,608.594806010212,.\Image\Alignment\2017\03\31\11.10.39 487\Head4.jpg
2017.03.31 11:10:41 353,TFT_SIDE5.46,0,RETRY,0.0004,0.0078,0.0089,0.0049,-0.0253,-0.00056,True,638.894526507326,472.436368375333,.\Image\Alignment\2017\03\31\11.10.41 353\Head1.jpg,True,636.137843845195,475.753783396082,.\Image\Alignment\2017\03\31\11.10.41 353\Head2.jpg,True,635.872067058889,476.715469686036,.\Image\Alignment\2017\03\31\11.10.41 353\Head3.jpg,True,637.730022551114,474.084462860743,.\Image\Alignment\2017\03\31\11.10.41 353\Head4.jpg
2017.03.31 11:10:43 206,TFT_SIDE5.46,0,OK,-0.0001,0.0014,0.0017,-0.0014,0,0,True,640.028350238047,480.115475250916,.\Image\Alignment\2017\03\31\11.10.43 206\Head1.jpg,True,639.617332058504,482.903635286109,.\Image\Alignment\2017\03\31\11.10.43 206\Head2.jpg,True,639.538861242928,483.465436207568,.\Image\Alignment\2017\03\31\11.10.43 206\Head3.jpg,True,640.363812240511,479.874587985087,.\Image\Alignment\2017\03\31\11.10.43 206\Head4.jpg
2017.03.31 11:11:01 752,TFT_SIDE5.46,90,RETRY,-0.8065,-0.6395,-0.7788,-0.6457,0.0083,0.01374,True,875.339913913168,505.097823391871,.\Image\Alignment\2017\03\31\11.11.01 752\Head1.jpg,True,818.416918795731,493.515926900598,.\Image\Alignment\2017\03\31\11.11.01 752\Head2.jpg,True,855.243924906784,486.482530625359,.\Image\Alignment\2017\03\31\11.11.01 752\Head3.jpg,True,831.805545621339,467.39135767885,.\Image\Alignment\2017\03\31\11.11.01 752\Head4.jpg
2017.03.31 11:11:03 523,TFT_SIDE5.46,90,RETRY,-0.009,0.041,0.041,-0.0092,0.0387,-0.0015,True,640.242434454431,487.822690044022,.\Image\Alignment\2017\03\31\11.11.03 523\Head1.jpg,True,627.909581055445,492.3801846988,.\Image\Alignment\2017\03\31\11.11.03 523\Head2.jpg,True,627.870177711643,493.437044931747,.\Image\Alignment\2017\03\31\11.11.03 523\Head3.jpg,True,640.224010919613,492.01130832693,.\Image\Alignment\2017\03\31\11.11.03 523\Head4.jpg
2017.03.31 11:11:05 323,TFT_SIDE5.46,90,OK,0.0013,-0.0033,-0.0034,0.0018,0,0,True,639.643474901096,479.215653822189,.\Image\Alignment\2017\03\31\11.11.05 323\Head1.jpg,True,640.877870069094,482.397137728373,.\Image\Alignment\2017\03\31\11.11.05 323\Head2.jpg,True,640.903031835586,482.401984565919,.\Image\Alignment\2017\03\31\11.11.05 323\Head3.jpg,True,639.518609946767,479.011401568041,.\Image\Alignment\2017\03\31\11.11.05 323\Head4.jpg
2017.03.31 11:14:52 647,TFT_SIDE5.46,0,RETRY,-0.8001,-0.6622,-0.8017,-0.6484,0.584,0.01231,True,875.543524241567,653.603340632121,.\Image\Alignment\2017\03\31\11.14.52 647\Head1.jpg,True,818.629930793,639.452163287262,.\Image\Alignment\2017\03\31\11.14.52 647\Head2.jpg,True,854.943233044327,638.758812668373,.\Image\Alignment\2017\03\31\11.14.52 647\Head3.jpg,True,833.611500752328,618.249880411174,.\Image\Alignment\2017\03\31\11.14.52 647\Head4.jpg
2017.03.31 11:14:54 500,TFT_SIDE5.46,0,RETRY,-0.0192,0.0544,0.0511,-0.0151,-0.0125,-0.00242,True,640.860239095019,473.166773670373,.\Image\Alignment\2017\03\31\11.14.54 500\Head1.jpg,True,621.113655261789,478.715165915252,.\Image\Alignment\2017\03\31\11.14.54 500\Head2.jpg,True,622.024123625296,481.07297289513,.\Image\Alignment\2017\03\31\11.14.54 500\Head3.jpg,True,639.764627427135,480.199681822712,.\Image\Alignment\2017\03\31\11.14.54 500\Head4.jpg
2017.03.31 11:14:56 177,TFT_SIDE5.46,0,OK,-0.0014,-0.0009,0.0001,0.0022,0,0,True,640.366943155838,479.969395330036,.\Image\Alignment\2017\03\31\11.14.56 177\Head1.jpg,True,640.241175115424,482.5654875046,.\Image\Alignment\2017\03\31\11.14.56 177\Head2.jpg,True,639.984316367278,483.543598584096,.\Image\Alignment\2017\03\31\11.14.56 177\Head3.jpg,True,639.413193537911,480.133569077512,.\Image\Alignment\2017\03\31\11.14.56 177\Head4.jpg
2017.03.31 11:15:14 698,TFT_SIDE5.46,90,RETRY,-0.8018,-0.5845,-0.7242,-0.6424,0.0587,-0.00171,True,851.655497911092,492.652512966137,.\Image\Alignment\2017\03\31\11.15.14 698\Head1.jpg,True,794.83467426825,498.608840043639,.\Image\Alignment\2017\03\31\11.15.14 698\Head2.jpg,True,831.737680215428,499.700360153187,.\Image\Alignment\2017\03\31\11.15.14 698\Head3.jpg,True,808.421030507323,498.282052551065,.\Image\Alignment\2017\03\31\11.15.14 698\Head4.jpg
2017.03.31 11:15:16 470,TFT_SIDE5.46,90,OK,-0.0016,-0.0056,-0.0063,0,0,0,True,640.425946297559,481.272183674761,.\Image\Alignment\2017\03\31\11.15.16 470\Head1.jpg,True,641.488236641872,484.599957917977,.\Image\Alignment\2017\03\31\11.15.16 470\Head2.jpg,True,641.681897843057,484.351639791309,.\Image\Alignment\2017\03\31\11.15.16 470\Head3.jpg,True,640.001749773377,481.342270920144,.\Image\Alignment\2017\03\31\11.15.16 470\Head4.jpg
2017.03.31 12:28:19 989,TFT_SIDE5.46,0,RETRY,-0.8805,-0.6742,-0.8176,-0.7203,0.5678,0.00802,True,889.441050593075,643.05208700812,.\Image\Alignment\2017\03\31\12.28.19 989\Head1.jpg,True,830.936578571559,637.607227194373,.\Image\Alignment\2017\03\31\12.28.19 989\Head2.jpg,True,868.29835249875,631.972717372082,.\Image\Alignment\2017\03\31\12.28.19 989\Head3.jpg,True,845.193950292942,620.213604057155,.\Image\Alignment\2017\03\31\12.28.19 989\Head4.jpg
2017.03.31 12:28:21 884,TFT_SIDE5.46,0,OK,-0.0011,0.0083,0.0081,0.0024,0,0,True,640.28344801366,481.996187186467,.\Image\Alignment\2017\03\31\12.28.21 884\Head1.jpg,True,637.776981575705,484.470796654587,.\Image\Alignment\2017\03\31\12.28.21 884\Head2.jpg,True,637.830211171839,485.435017934741,.\Image\Alignment\2017\03\31\12.28.21 884\Head3.jpg,True,639.350421764438,481.988964792157,.\Image\Alignment\2017\03\31\12.28.21 884\Head4.jpg
2017.03.31 12:28:40 490,TFT_SIDE5.46,90,RETRY,-0.8134,-0.5906,-0.7303,-0.6484,0.0073,-0.00388,True,851.601263354916,475.288300031365,.\Image\Alignment\2017\03\31\12.28.40 490\Head1.jpg,True,793.857530493446,483.301901459777,.\Image\Alignment\2017\03\31\12.28.40 490\Head2.jpg,True,830.822731116837,486.75974804721,.\Image\Alignment\2017\03\31\12.28.40 490\Head3.jpg,True,806.949215363592,487.078162461381,.\Image\Alignment\2017\03\31\12.28.40 490\Head4.jpg
2017.03.31 12:28:42 262,TFT_SIDE5.46,90,RETRY,-0.0022,-0.0085,-0.0108,-0.001,-0.0059,0.0001,True,640.736327658952,478.60128006229,.\Image\Alignment\2017\03\31\12.28.42 262\Head1.jpg,True,642.211945027377,481.824900469902,.\Image\Alignment\2017\03\31\12.28.42 262\Head2.jpg,True,642.830486007507,481.872077951706,.\Image\Alignment\2017\03\31\12.28.42 262\Head3.jpg,True,640.420272820207,478.321354053418,.\Image\Alignment\2017\03\31\12.28.42 262\Head4.jpg
2017.03.31 12:28:43 993,TFT_SIDE5.46,90,RETRY,0.0019,-0.0007,0.0005,0.0006,0.0004,0.00019,True,639.768966947719,480.42559957604,.\Image\Alignment\2017\03\31\12.28.43 993\Head1.jpg,True,640.00783470544,483.462403737146,.\Image\Alignment\2017\03\31\12.28.43 993\Head2.jpg,True,639.66071214733,483.628714195442,.\Image\Alignment\2017\03\31\12.28.43 993\Head3.jpg,True,640.116575810993,479.892044277008,.\Image\Alignment\2017\03\31\12.28.43 993\Head4.jpg
2017.03.31 12:28:45 629,TFT_SIDE5.46,90,OK,-0.0008,0.0011,0.0026,0.0005,0,0,True,640.215897715623,479.84523908072,.\Image\Alignment\2017\03\31\12.28.45 629\Head1.jpg,True,639.716384174985,483.16757125191,.\Image\Alignment\2017\03\31\12.28.45 629\Head2.jpg,True,639.312541613849,483.497828226086,.\Image\Alignment\2017\03\31\12.28.45 629\Head3.jpg,True,639.861323936631,479.956817676066,.\Image\Alignment\2017\03\31\12.28.45 629\Head4.jpg
2017.03.31 12:30:10 521,TFT_SIDE5.46,0,RETRY,-0.8432,-0.6356,-0.7784,-0.6844,0.5804,0.03123,True,920.432138054932,680.154857912546,.\Image\Alignment\2017\03\31\12.30.10 521\Head1.jpg,True,861.782483106911,651.82781520288,.\Image\Alignment\2017\03\31\12.30.10 521\Head2.jpg,True,899.012276025041,623.819287858759,.\Image\Alignment\2017\03\31\12.30.10 521\Head3.jpg,True,876.576699512733,590.103922254767,.\Image\Alignment\2017\03\31\12.30.10 521\Head4.jpg
2017.03.31 12:30:12 389,TFT_SIDE5.46,0,RETRY,-0.0064,-0.0045,-0.0035,-0.0046,-0.0212,-0.00087,True,640.157367311854,473.068819141597,.\Image\Alignment\2017\03\31\12.30.12 389\Head1.jpg,True,638.186211466137,476.703833442292,.\Image\Alignment\2017\03\31\12.30.12 389\Head2.jpg,True,637.925359826738,478.342775775162,.\Image\Alignment\2017\03\31\12.30.12 389\Head3.jpg,True,639.696438683805,475.625299055726,.\Image\Alignment\2017\03\31\12.30.12 389\Head4.jpg
2017.03.31 12:30:14 134,TFT_SIDE5.46,0,RETRY,-0.0014,-0.0018,0.0005,0.0003,0.002,-0.00011,True,640.180666733145,480.368483781475,.\Image\Alignment\2017\03\31\12.30.14 134\Head1.jpg,True,639.006292914298,483.325011247545,.\Image\Alignment\2017\03\31\12.30.14 134\Head2.jpg,True,638.38076676898,484.125732783102,.\Image\Alignment\2017\03\31\12.30.14 134\Head3.jpg,True,639.734090295678,480.673547620968,.\Image\Alignment\2017\03\31\12.30.14 134\Head4.jpg
2017.03.31 12:30:15 839,TFT_SIDE5.46,0,OK,0.0003,0.0057,0.0044,0.0004,0,0,True,639.915279202174,480.186049796418,.\Image\Alignment\2017\03\31\12.30.15 839\Head1.jpg,True,638.468646113681,483.053742092214,.\Image\Alignment\2017\03\31\12.30.15 839\Head2.jpg,True,638.830290624032,483.712699929722,.\Image\Alignment\2017\03\31\12.30.15 839\Head3.jpg,True,639.894874708592,480.068828530288,.\Image\Alignment\2017\03\31\12.30.15 839\Head4.jpg
2017.03.31 12:30:34 338,TFT_SIDE5.46,90,RETRY,-0.786,-0.6426,-0.7807,-0.6212,-0.0039,0.02099,True,880.408692185086,513.984234308498,.\Image\Alignment\2017\03\31\12.30.34 338\Head1.jpg,True,823.074456544693,493.785543139918,.\Image\Alignment\2017\03\31\12.30.34 338\Head2.jpg,True,859.615217025471,483.240720786013,.\Image\Alignment\2017\03\31\12.30.34 338\Head3.jpg,True,835.802341934797,455.894799593163,.\Image\Alignment\2017\03\31\12.30.34 338\Head4.jpg
2017.03.31 12:30:36 137,TFT_SIDE5.46,90,RETRY,-0.0097,0.0656,0.0654,-0.01,0.0445,-0.00174,True,640.084867195422,488.973560526193,.\Image\Alignment\2017\03\31\12.30.36 137\Head1.jpg,True,621.308100031613,493.781954199145,.\Image\Alignment\2017\03\31\12.30.36 137\Head2.jpg,True,621.344835448201,494.864194384172,.\Image\Alignment\2017\03\31\12.30.36 137\Head3.jpg,True,640.083698766294,493.825561755723,.\Image\Alignment\2017\03\31\12.30.36 137\Head4.jpg
2017.03.31 12:30:37 841,TFT_SIDE5.46,90,OK,-0.0008,-0.0064,-0.0065,-0.0004,0,0,True,640.201977252017,478.771922082673,.\Image\Alignment\2017\03\31\12.30.37 841\Head1.jpg,True,641.717183024642,481.652758633587,.\Image\Alignment\2017\03\31\12.30.37 841\Head2.jpg,True,641.732877325311,481.789359653302,.\Image\Alignment\2017\03\31\12.30.37 841\Head3.jpg,True,640.097807599781,478.710162675739,.\Image\Alignment\2017\03\31\12.30.37 841\Head4.jpg
2017.03.31 12:32:04 891,TFT_SIDE5.46,0,RETRY,-0.8264,-0.6132,-0.7527,-0.6716,0.6372,0.02983,True,913.490904176216,693.260169807592,.\Image\Alignment\2017\03\31\12.32.04 891\Head1.jpg,True,855.932411465087,667.87369671872,.\Image\Alignment\2017\03\31\12.32.04 891\Head2.jpg,True,892.215249537596,639.790178900892,.\Image\Alignment\2017\03\31\12.32.04 891\Head3.jpg,True,870.623570595234,607.1830299555,.\Image\Alignment\2017\03\31\12.32.04 891\Head4.jpg
2017.03.31 12:32:06 785,TFT_SIDE5.46,0,RETRY,-0.001,-0.0096,-0.0092,0.004,-0.0057,-0.00024,True,639.853014240579,478.132613281024,.\Image\Alignment\2017\03\31\12.32.06 785\Head1.jpg,True,639.763505127375,480.647914187239,.\Image\Alignment\2017\03\31\12.32.06 785\Head2.jpg,True,639.661870189576,482.171621546981,.\Image\Alignment\2017\03\31\12.32.06 785\Head3.jpg,True,638.522230801645,478.824719568269,.\Image\Alignment\2017\03\31\12.32.06 785\Head4.jpg
2017.03.31 12:32:08 598,TFT_SIDE5.46,0,RETRY,-0.0041,0.0076,0.0046,-0.0029,0.0009,-0.00033,True,640.52387433045,479.766027341443,.\Image\Alignment\2017\03\31\12.32.08 598\Head1.jpg,True,637.48470921162,483.105141316291,.\Image\Alignment\2017\03\31\12.32.08 598\Head2.jpg,True,638.27445679779,483.368995511183,.\Image\Alignment\2017\03\31\12.32.08 598\Head3.jpg,True,640.198325695737,480.721976887124,.\Image\Alignment\2017\03\31\12.32.08 598\Head4.jpg
2017.03.31 12:32:10 329,TFT_SIDE5.46,0,RETRY,0.003,-0.0059,-0.0047,0.0022,0.0011,0.0002,True,639.544062369386,480.574587946819,.\Image\Alignment\2017\03\31\12.32.10 329\Head1.jpg,True,640.492393618059,483.108324421245,.\Image\Alignment\2017\03\31\12.32.10 329\Head2.jpg,True,640.166294475288,483.699819707727,.\Image\Alignment\2017\03\31\12.32.10 329\Head3.jpg,True,639.771710028775,479.986165851227,.\Image\Alignment\2017\03\31\12.32.10 329\Head4.jpg
2017.03.31 12:32:12 047,TFT_SIDE5.46,0,OK,-0.0014,0.0047,0.0061,-0.0014,0,0,True,640.377689220795,479.73320486839,.\Image\Alignment\2017\03\31\12.32.12 047\Head1.jpg,True,638.75395599782,482.524577973448,.\Image\Alignment\2017\03\31\12.32.12 047\Head2.jpg,True,638.383165057377,483.200089884785,.\Image\Alignment\2017\03\31\12.32.12 047\Head3.jpg,True,640.371143742324,479.892013787496,.\Image\Alignment\2017\03\31\12.32.12 047\Head4.jpg
2017.03.31 12:32:32 843,TFT_SIDE5.46,90,RETRY,-0.8605,-0.7107,-0.8486,-0.6988,0.0109,0.01959,True,898.279352816027,515.579241020657,.\Image\Alignment\2017\03\31\12.32.32 843\Head1.jpg,True,840.836534488679,496.240606484419,.\Image\Alignment\2017\03\31\12.32.32 843\Head2.jpg,True,877.29468698633,486.060716308708,.\Image\Alignment\2017\03\31\12.32.32 843\Head3.jpg,True,854.400854144824,461.511814905563,.\Image\Alignment\2017\03\31\12.32.32 843\Head4.jpg
2017.03.31 12:32:34 656,TFT_SIDE5.46,90,RETRY,-0.0084,0.0589,0.0589,-0.0058,0.0497,-0.00126,True,640.429601301976,491.16281960749,.\Image\Alignment\2017\03\31\12.32.34 656\Head1.jpg,True,623.433585111203,495.182830933104,.\Image\Alignment\2017\03\31\12.32.34 656\Head2.jpg,True,623.373569696254,495.972594512831,.\Image\Alignment\2017\03\31\12.32.34 656\Head3.jpg,True,639.661084404754,494.653648112841,.\Image\Alignment\2017\03\31\12.32.34 656\Head4.jpg
2017.03.31 12:32:36 402,TFT_SIDE5.46,90,RETRY,0.0005,-0.002,-0.0039,0.0002,-0.0032,0.00021,True,640.156098204697,479.4839265028,.\Image\Alignment\2017\03\31\12.32.36 402\Head1.jpg,True,640.690732825726,482.13970532379,.\Image\Alignment\2017\03\31\12.32.36 402\Head2.jpg,True,641.192857743024,481.9909216392,.\Image\Alignment\2017\03\31\12.32.36 402\Head3.jpg,True,640.248424221458,478.909075312192,.\Image\Alignment\2017\03\31\12.32.36 402\Head4.jpg
2017.03.31 12:32:38 148,TFT_SIDE5.46,90,RETRY,0.0021,-0.0016,0.0014,0.0006,0.0003,0.00021,True,639.749544450399,480.436312747608,.\Image\Alignment\2017\03\31\12.32.38 148\Head1.jpg,True,640.140136295489,483.019702102707,.\Image\Alignment\2017\03\31\12.32.38 148\Head2.jpg,True,639.347524550752,483.27241228955,.\Image\Alignment\2017\03\31\12.32.38 148\Head3.jpg,True,640.130162601228,479.852127570944,.\Image\Alignment\2017\03\31\12.32.38 148\Head4.jpg
2017.03.31 12:32:39 893,TFT_SIDE5.46,90,OK,-0.0009,0.0038,-0.001,0.0018,0,0,True,640.248111430759,480.126772605345,.\Image\Alignment\2017\03\31\12.32.39 893\Head1.jpg,True,638.983841381183,482.887528978207,.\Image\Alignment\2017\03\31\12.32.39 893\Head2.jpg,True,640.275669994423,482.930052498289,.\Image\Alignment\2017\03\31\12.32.39 893\Head3.jpg,True,639.52211228616,480.252605170651,.\Image\Alignment\2017\03\31\12.32.39 893\Head4.jpg
2017.03.31 12:34:26 589,TFT_SIDE5.46,0,RETRY,-0.7754,-0.5928,-0.7352,-0.6164,0.591,0.02262,True,887.134669076098,670.467744121726,.\Image\Alignment\2017\03\31\12.34.26 589\Head1.jpg,True,828.678210494812,653.352104482194,.\Image\Alignment\2017\03\31\12.34.26 589\Head2.jpg,True,865.759760490414,637.113947472261,.\Image\Alignment\2017\03\31\12.34.26 589\Head3.jpg,True,843.273664672907,605.232206876587,.\Image\Alignment\2017\03\31\12.34.26 589\Head4.jpg
2017.03.31 12:34:28 429,TFT_SIDE5.46,0,RETRY,-0.0241,-0.0011,-0.0017,-0.0208,-0.0071,-0.00362,True,640.034683206432,472.871829840751,.\Image\Alignment\2017\03\31\12.34.28 429\Head1.jpg,True,631.302144701268,478.19039121919,.\Image\Alignment\2017\03\31\12.34.28 429\Head2.jpg,True,631.457981159161,483.085118196087,.\Image\Alignment\2017\03\31\12.34.28 429\Head3.jpg,True,639.157568461792,483.373049663418,.\Image\Alignment\2017\03\31\12.34.28 429\Head4.jpg
2017.03.31 12:34:30 255,TFT_SIDE5.46,0,OK,-0.0008,0.0067,0.0091,-0.0021,0,0,True,640.223479046095,480.122475550608,.\Image\Alignment\2017\03\31\12.34.30 255\Head1.jpg,True,638.217823999052,482.406460627145,.\Image\Alignment\2017\03\31\12.34.30 255\Head2.jpg,True,637.57147656172,483.374000147441,.\Image\Alignment\2017\03\31\12.34.30 255\Head3.jpg,True,640.550812787273,480.074739715145,.\Image\Alignment\2017\03\31\12.34.30 255\Head4.jpg
2017.03.31 12:34:48 625,TFT_SIDE5.46,90,RETRY,-0.8186,-0.6273,-0.766,-0.6571,0.0603,0.00717,True,869.051165451596,507.951368918612,.\Image\Alignment\2017\03\31\12.34.48 625\Head1.jpg,True,812.062243517635,502.542660730141,.\Image\Alignment\2017\03\31\12.34.48 625\Head2.jpg,True,848.69801887858,498.343131928297,.\Image\Alignment\2017\03\31\12.34.48 625\Head3.jpg,True,825.232191206475,488.66866701822,.\Image\Alignment\2017\03\31\12.34.48 625\Head4.jpg
2017.03.31 12:34:50 490,TFT_SIDE5.46,90,RETRY,0.0007,0.0212,0.0205,0,0.0249,0.00011,True,639.983675337244,486.846361730621,.\Image\Alignment\2017\03\31\12.34.50 490\Head1.jpg,True,634.138587244828,489.978785110075,.\Image\Alignment\2017\03\31\12.34.50 490\Head2.jpg,True,634.295680794859,490.164021876663,.\Image\Alignment\2017\03\31\12.34.50 490\Head3.jpg,True,640.127491641229,486.499221227458,.\Image\Alignment\2017\03\31\12.34.50 490\Head4.jpg
2017.03.31 12:34:52 250,TFT_SIDE5.46,90,OK,0.0007,0.0014,0.002,0.0005,0,0,True,639.805816371903,480.108035367523,.\Image\Alignment\2017\03\31\12.34.52 250\Head1.jpg,True,639.631630855629,483.409438293318,.\Image\Alignment\2017\03\31\12.34.52 250\Head2.jpg,True,639.46096106134,483.644879956707,.\Image\Alignment\2017\03\31\12.34.52 250\Head3.jpg,True,639.879054883192,480.255128618192,.\Image\Alignment\2017\03\31\12.34.52 250\Head4.jpg
2017.03.31 12:37:26 312,TFT_SIDE5.46,0,RETRY,-0.7973,-0.59,-0.7339,-0.6399,0.6147,0.03121,True,908.151620982332,689.262116804002,.\Image\Alignment\2017\03\31\12.37.26 312\Head1.jpg,True,849.570511219475,661.214178558731,.\Image\Alignment\2017\03\31\12.37.26 312\Head2.jpg,True,887.062981367901,633.213162566917,.\Image\Alignment\2017\03\31\12.37.26 312\Head3.jpg,True,864.637279954023,599.17276390625,.\Image\Alignment\2017\03\31\12.37.26 312\Head4.jpg
2017.03.31 12:37:28 220,TFT_SIDE5.46,0,RETRY,-0.0034,-0.0007,0.0018,0.0021,0.0042,-0.00074,True,639.617980668743,480.043693308207,.\Image\Alignment\2017\03\31\12.37.28 220\Head1.jpg,True,637.47404263474,483.181896180996,.\Image\Alignment\2017\03\31\12.37.28 220\Head2.jpg,True,636.785882049522,484.653610846295,.\Image\Alignment\2017\03\31\12.37.28 220\Head3.jpg,True,638.127442002475,482.169424603012,.\Image\Alignment\2017\03\31\12.37.28 220\Head4.jpg
2017.03.31 12:37:29 966,TFT_SIDE5.46,0,OK,0.0005,0.0021,0.0042,-0.0024,0,0,True,639.853401470328,480.294280803816,.\Image\Alignment\2017\03\31\12.37.29 966\Head1.jpg,True,639.444078518673,482.97561264788,.\Image\Alignment\2017\03\31\12.37.29 966\Head2.jpg,True,638.888462142529,483.748660668303,.\Image\Alignment\2017\03\31\12.37.29 966\Head3.jpg,True,640.630524316095,480.504937671069,.\Image\Alignment\2017\03\31\12.37.29 966\Head4.jpg
2017.03.31 12:37:48 496,TFT_SIDE5.46,90,RETRY,-0.8475,-0.7002,-0.8375,-0.6823,0.0384,0.02052,True,896.169029761271,524.492083525313,.\Image\Alignment\2017\03\31\12.37.48 496\Head1.jpg,True,838.574807155303,504.420128541871,.\Image\Alignment\2017\03\31\12.37.48 496\Head2.jpg,True,874.863630461913,493.748709834948,.\Image\Alignment\2017\03\31\12.37.48 496\Head3.jpg,True,851.352026420032,467.749605951674,.\Image\Alignment\2017\03\31\12.37.48 496\Head4.jpg
2017.03.31 12:37:50 378,TFT_SIDE5.46,90,RETRY,-0.0068,0.062,0.0629,-0.0088,0.0491,-0.0013,True,639.934834626386,490.923457970171,.\Image\Alignment\2017\03\31\12.37.50 378\Head1.jpg,True,622.36488933528,495.079515584194,.\Image\Alignment\2017\03\31\12.37.50 378\Head2.jpg,True,622.082588180355,496.089035537093,.\Image\Alignment\2017\03\31\12.37.50 378\Head3.jpg,True,640.398007168964,494.548267532533,.\Image\Alignment\2017\03\31\12.37.50 378\Head4.jpg
2017.03.31 12:37:52 135,TFT_SIDE5.46,90,RETRY,0.0017,-0.0028,-0.0049,0.0014,-0.004,0.00032,True,640.021442316679,479.470573090812,.\Image\Alignment\2017\03\31\12.37.52 135\Head1.jpg,True,640.77467197275,482.109174502062,.\Image\Alignment\2017\03\31\12.37.52 135\Head2.jpg,True,641.324878043295,482.095799838975,.\Image\Alignment\2017\03\31\12.37.52 135\Head3.jpg,True,640.093963846725,478.572340923491,.\Image\Alignment\2017\03\31\12.37.52 135\Head4.jpg
2017.03.31 12:37:53 881,TFT_SIDE5.46,90,RETRY,-0.0025,-0.0004,0.0014,-0.0019,0.0014,-0.00013,True,640.475522951361,480.162277343289,.\Image\Alignment\2017\03\31\12.37.53 881\Head1.jpg,True,639.70991051841,483.119110518975,.\Image\Alignment\2017\03\31\12.37.53 881\Head2.jpg,True,639.225573990251,483.473936124815,.\Image\Alignment\2017\03\31\12.37.53 881\Head3.jpg,True,640.324026096261,480.524598357528,.\Image\Alignment\2017\03\31\12.37.53 881\Head4.jpg
2017.03.31 12:37:55 584,TFT_SIDE5.46,90,OK,0.0026,0.0009,0.0007,0.0014,0,0,True,639.301210182254,479.902148553521,.\Image\Alignment\2017\03\31\12.37.55 584\Head1.jpg,True,639.749408095507,482.92191731566,.\Image\Alignment\2017\03\31\12.37.55 584\Head2.jpg,True,639.805234764445,483.13399670363,.\Image\Alignment\2017\03\31\12.37.55 584\Head3.jpg,True,639.625455122307,480.052107780715,.\Image\Alignment\2017\03\31\12.37.55 584\Head4.jpg
2017.03.31 12:40:54 224,TFT_SIDE5.46,0,RETRY,-0.6895,-0.4822,-0.6233,-0.533,0.5031,0.044,True,901.914681507308,678.062768183697,.\Image\Alignment\2017\03\31\12.40.54 224\Head1.jpg,True,844.170797572394,633.735135810017,.\Image\Alignment\2017\03\31\12.40.54 224\Head2.jpg,True,881.078226358843,593.010915777103,.\Image\Alignment\2017\03\31\12.40.54 224\Head3.jpg,True,858.937555445156,550.956245633899,.\Image\Alignment\2017\03\31\12.40.54 224\Head4.jpg
2017.03.31 12:40:56 037,TFT_SIDE5.46,0,RETRY,-0.0253,-0.0282,-0.0279,-0.0241,0.0015,-0.00404,True,639.619431036871,474.548950499219,.\Image\Alignment\2017\03\31\12.40.56 037\Head1.jpg,True,638.63885074286,480.840129391886,.\Image\Alignment\2017\03\31\12.40.56 037\Head2.jpg,True,638.562477276818,485.675244786327,.\Image\Alignment\2017\03\31\12.40.56 037\Head3.jpg,True,639.276355517501,486.270810451691,.\Image\Alignment\2017\03\31\12.40.56 037\Head4.jpg
2017.03.31 12:40:57 810,TFT_SIDE5.46,0,OK,-0.0001,0.0089,0.0079,0.0012,0,0,True,640.035728991143,479.938334515143,.\Image\Alignment\2017\03\31\12.40.57 810\Head1.jpg,True,637.634371337109,482.128535629028,.\Image\Alignment\2017\03\31\12.40.57 810\Head2.jpg,True,637.890140692445,483.196600919291,.\Image\Alignment\2017\03\31\12.40.57 810\Head3.jpg,True,639.666869298659,479.835345474575,.\Image\Alignment\2017\03\31\12.40.57 810\Head4.jpg
2017.03.31 12:41:16 338,TFT_SIDE5.46,90,RETRY,-0.7251,-0.6182,-0.7557,-0.5641,0.106,0.03043,True,877.861361362969,559.173591330424,.\Image\Alignment\2017\03\31\12.41.16 338\Head1.jpg,True,820.995764482541,527.363837116049,.\Image\Alignment\2017\03\31\12.41.16 338\Head2.jpg,True,857.239040655488,512.803453295563,.\Image\Alignment\2017\03\31\12.41.16 338\Head3.jpg,True,834.172637452464,474.377281138823,.\Image\Alignment\2017\03\31\12.41.16 338\Head4.jpg
2017.03.31 12:41:18 123,TFT_SIDE5.46,90,RETRY,-0.0125,0.0989,0.0965,-0.0131,0.0672,-0.00203,True,640.399462317576,494.541913939183,.\Image\Alignment\2017\03\31\12.41.18 123\Head1.jpg,True,611.95950312831,499.841388987809,.\Image\Alignment\2017\03\31\12.41.18 123\Head2.jpg,True,612.525474867859,501.367053660879,.\Image\Alignment\2017\03\31\12.41.18 123\Head3.jpg,True,640.482164133439,500.177299663339,.\Image\Alignment\2017\03\31\12.41.18 123\Head4.jpg
2017.03.31 12:41:20 031,TFT_SIDE5.46,90,RETRY,-0.0015,-0.0065,-0.0071,0.0008,-0.0033,0.00023,True,640.73505077378,479.497315573247,.\Image\Alignment\2017\03\31\12.41.20 031\Head1.jpg,True,641.426237506007,482.290071363505,.\Image\Alignment\2017\03\31\12.41.20 031\Head2.jpg,True,641.584003752685,482.571869345432,.\Image\Alignment\2017\03\31\12.41.20 031\Head3.jpg,True,640.1404809706,478.84624222612,.\Image\Alignment\2017\03\31\12.41.20 031\Head4.jpg
2017.03.31 12:41:21 817,TFT_SIDE5.46,90,OK,0.002,0.0021,0.0041,0.0008,0,0,True,639.455022711806,479.952964617089,.\Image\Alignment\2017\03\31\12.41.21 817\Head1.jpg,True,639.433315886998,483.290107850217,.\Image\Alignment\2017\03\31\12.41.21 817\Head2.jpg,True,638.897750338056,483.530939851034,.\Image\Alignment\2017\03\31\12.41.21 817\Head3.jpg,True,639.789674156265,480.073086056495,.\Image\Alignment\2017\03\31\12.41.21 817\Head4.jpg
2017.03.31 12:44:13 290,TFT_SIDE5.46,0,RETRY,-0.8102,-0.6335,-0.7762,-0.6523,0.5587,0.02056,True,892.800986268108,658.851984337439,.\Image\Alignment\2017\03\31\12.44.13 290\Head1.jpg,True,834.537616098832,626.820282097447,.\Image\Alignment\2017\03\31\12.44.13 290\Head2.jpg,True,871.80254971364,613.306662389951,.\Image\Alignment\2017\03\31\12.44.13 290\Head3.jpg,True,849.236899467419,599.64875646658,.\Image\Alignment\2017\03\31\12.44.13 290\Head4.jpg
2017.03.31 12:44:15 130,TFT_SIDE5.46,0,RETRY,-0.0012,0.0324,0.0313,0.0027,-0.0278,-0.00038,True,639.655730673492,472.041609406748,.\Image\Alignment\2017\03\31\12.44.15 130\Head1.jpg,True,629.243470634864,474.791563869522,.\Image\Alignment\2017\03\31\12.44.15 130\Head2.jpg,True,629.568319049104,475.934166235488,.\Image\Alignment\2017\03\31\12.44.15 130\Head3.jpg,True,638.638227239718,473.153758451887,.\Image\Alignment\2017\03\31\12.44.15 130\Head4.jpg
2017.03.31 12:44:16 944,TFT_SIDE5.46,0,OK,-0.0007,0.0035,0.0054,0,0,0,True,640.174108735018,480.217231670037,.\Image\Alignment\2017\03\31\12.44.16 944\Head1.jpg,True,639.079668514752,482.521547496329,.\Image\Alignment\2017\03\31\12.44.16 944\Head2.jpg,True,638.551355846535,483.525203359507,.\Image\Alignment\2017\03\31\12.44.16 944\Head3.jpg,True,640.001404789223,480.130615281704,.\Image\Alignment\2017\03\31\12.44.16 944\Head4.jpg
2017.03.31 12:44:35 457,TFT_SIDE5.46,90,RETRY,-0.7592,-0.514,-0.6508,-0.5966,0.0475,0.00999,True,857.265392130494,509.281543901737,.\Image\Alignment\2017\03\31\12.44.35 457\Head1.jpg,True,799.361475257562,502.623788285231,.\Image\Alignment\2017\03\31\12.44.35 457\Head2.jpg,True,835.554316206717,482.436378347813,.\Image\Alignment\2017\03\31\12.44.35 457\Head3.jpg,True,813.242932407124,482.006830204113,.\Image\Alignment\2017\03\31\12.44.35 457\Head4.jpg
2017.03.31 12:44:37 351,TFT_SIDE5.46,90,RETRY,-0.0042,-0.0329,-0.0351,-0.0049,0.0295,-0.00131,True,639.210745963054,485.671296091666,.\Image\Alignment\2017\03\31\12.44.37 351\Head1.jpg,True,647.642775029483,490.523757074399,.\Image\Alignment\2017\03\31\12.44.37 351\Head2.jpg,True,648.172328245782,491.565130321853,.\Image\Alignment\2017\03\31\12.44.37 351\Head3.jpg,True,639.372942791898,489.33244881167,.\Image\Alignment\2017\03\31\12.44.37 351\Head4.jpg
2017.03.31 12:44:39 163,TFT_SIDE5.46,90,OK,-0.001,-0.0044,-0.0024,-0.0005,0,0,True,640.258103189877,479.314864778636,.\Image\Alignment\2017\03\31\12.44.39 163\Head1.jpg,True,641.174646628322,482.660893518083,.\Image\Alignment\2017\03\31\12.44.39 163\Head2.jpg,True,640.634207873803,482.9968711254,.\Image\Alignment\2017\03\31\12.44.39 163\Head3.jpg,True,640.128419523071,479.100688753543,.\Image\Alignment\2017\03\31\12.44.39 163\Head4.jpg
2017.03.31 12:47:45 756,TFT_SIDE5.46,0,RETRY,-0.8071,-0.6399,-0.7808,-0.65,0.4249,0.02341,True,896.989408204049,627.257466393566,.\Image\Alignment\2017\03\31\12.47.45 756\Head1.jpg,True,839.263666978472,623.877470478805,.\Image\Alignment\2017\03\31\12.47.45 756\Head2.jpg,True,876.066733439173,608.71915977872,.\Image\Alignment\2017\03\31\12.47.45 756\Head3.jpg,True,853.829106171148,559.964435395745,.\Image\Alignment\2017\03\31\12.47.45 756\Head4.jpg
2017.03.31 12:47:47 568,TFT_SIDE5.46,0,RETRY,-0.0235,0.0175,0.0164,-0.0214,0.0516,-0.00389,True,639.422372364775,488.142471312127,.\Image\Alignment\2017\03\31\12.47.47 568\Head1.jpg,True,627.775715003044,494.980957397179,.\Image\Alignment\2017\03\31\12.47.47 568\Head2.jpg,True,627.996331430261,499.085057330844,.\Image\Alignment\2017\03\31\12.47.47 568\Head3.jpg,True,638.776196782331,499.371935626559,.\Image\Alignment\2017\03\31\12.47.47 568\Head4.jpg
2017.03.31 12:47:49 368,TFT_SIDE5.46,0,RETRY,-0.0005,-0.0019,-0.0015,-0.0015,0.0016,0.00026,True,640.583286657274,480.809850492558,.\Image\Alignment\2017\03\31\12.47.49 368\Head1.jpg,True,639.191719578294,482.903234832609,.\Image\Alignment\2017\03\31\12.47.49 368\Head2.jpg,True,639.089320424314,483.612372344045,.\Image\Alignment\2017\03\31\12.47.49 368\Head3.jpg,True,640.864190337682,480.065169978108,.\Image\Alignment\2017\03\31\12.47.49 368\Head4.jpg
2017.03.31 12:47:51 140,TFT_SIDE5.46,0,OK,-0.0006,0.0054,0.0047,0.0002,0,0,True,640.152399717865,480.26046187483,.\Image\Alignment\2017\03\31\12.47.51 140\Head1.jpg,True,638.56032222886,482.660520391227,.\Image\Alignment\2017\03\31\12.47.51 140\Head2.jpg,True,638.744139607364,483.643276621377,.\Image\Alignment\2017\03\31\12.47.51 140\Head3.jpg,True,639.959120716944,480.303066268643,.\Image\Alignment\2017\03\31\12.47.51 140\Head4.jpg
2017.03.31 12:48:09 604,TFT_SIDE5.46,90,RETRY,-0.7022,-0.5174,-0.656,-0.5444,0.0311,0.00929,True,841.021402378555,503.716316684543,.\Image\Alignment\2017\03\31\12.48.09 604\Head1.jpg,True,784.746335328401,495.510182457424,.\Image\Alignment\2017\03\31\12.48.09 604\Head2.jpg,True,821.409297062943,489.487766738485,.\Image\Alignment\2017\03\31\12.48.09 604\Head3.jpg,True,798.339713083032,478.363260216575,.\Image\Alignment\2017\03\31\12.48.09 604\Head4.jpg
2017.03.31 12:48:11 459,TFT_SIDE5.46,90,RETRY,-0.0086,0.0217,0.0217,-0.006,0.025,-0.00139,True,640.277976675248,484.333104393957,.\Image\Alignment\2017\03\31\12.48.11 459\Head1.jpg,True,633.220609114443,489.076779155632,.\Image\Alignment\2017\03\31\12.48.11 459\Head2.jpg,True,633.191221955329,489.990847807628,.\Image\Alignment\2017\03\31\12.48.11 459\Head3.jpg,True,639.539347394976,488.22581044409,.\Image\Alignment\2017\03\31\12.48.11 459\Head4.jpg
2017.03.31 12:48:13 244,TFT_SIDE5.46,90,RETRY,0.0011,-0.0054,-0.0043,0.002,-0.0042,0.00019,True,639.962923283962,479.199525122829,.\Image\Alignment\2017\03\31\12.48.13 244\Head1.jpg,True,641.320291023811,482.446329731359,.\Image\Alignment\2017\03\31\12.48.13 244\Head2.jpg,True,641.026666255242,482.545397896188,.\Image\Alignment\2017\03\31\12.48.13 244\Head3.jpg,True,639.745506981493,478.679700874548,.\Image\Alignment\2017\03\31\12.48.13 244\Head4.jpg
2017.03.31 12:48:14 935,TFT_SIDE5.46,90,OK,0.0001,0.0019,0.0015,-0.0016,0,0,True,639.980203566328,480.32649492679,.\Image\Alignment\2017\03\31\12.48.14 935\Head1.jpg,True,639.486055152405,483.573888166711,.\Image\Alignment\2017\03\31\12.48.14 935\Head2.jpg,True,639.611826615413,483.845953416179,.\Image\Alignment\2017\03\31\12.48.14 935\Head3.jpg,True,640.437844931173,480.28288178391,.\Image\Alignment\2017\03\31\12.48.14 935\Head4.jpg
2017.03.31 12:52:30 903,TFT_SIDE5.46,0,RETRY,-0.8599,-0.621,-0.7641,-0.7016,0.437,0.02659,True,916.68636528847,635.117607167677,.\Image\Alignment\2017\03\31\12.52.30 903\Head1.jpg,True,858.615680998424,614.873293870396,.\Image\Alignment\2017\03\31\12.52.30 903\Head2.jpg,True,896.080699799824,586.462784591582,.\Image\Alignment\2017\03\31\12.52.30 903\Head3.jpg,True,873.142360207566,558.690637258121,.\Image\Alignment\2017\03\31\12.52.30 903\Head4.jpg
2017.03.31 12:52:32 784,TFT_SIDE5.46,0,RETRY,-0.0017,-0.0283,-0.0263,0.0001,-0.0091,-0.00044,True,639.692877689556,476.951502786825,.\Image\Alignment\2017\03\31\12.52.32 784\Head1.jpg,True,646.322114111952,480.593794936532,.\Image\Alignment\2017\03\31\12.52.32 784\Head2.jpg,True,645.771103694237,481.271622230323,.\Image\Alignment\2017\03\31\12.52.32 784\Head3.jpg,True,639.216063230155,478.220334273381,.\Image\Alignment\2017\03\31\12.52.32 784\Head4.jpg
2017.03.31 12:52:34 583,TFT_SIDE5.46,0,OK,-0.0004,-0.0011,-0.0006,-0.0012,0,0,True,640.106623920738,480.714655043766,.\Image\Alignment\2017\03\31\12.52.34 583\Head1.jpg,True,640.292233074281,483.546713620483,.\Image\Alignment\2017\03\31\12.52.34 583\Head2.jpg,True,640.159223334953,483.671335552408,.\Image\Alignment\2017\03\31\12.52.34 583\Head3.jpg,True,640.309790188895,480.777461024634,.\Image\Alignment\2017\03\31\12.52.34 583\Head4.jpg
2017.03.31 12:52:52 996,TFT_SIDE5.46,90,RETRY,-0.6544,-0.4922,-0.6283,-0.4907,-0.0194,0.01644,True,838.630799961921,502.232700985164,.\Image\Alignment\2017\03\31\12.52.52 996\Head1.jpg,True,782.163052909327,488.47617508551,.\Image\Alignment\2017\03\31\12.52.52 996\Head2.jpg,True,818.189867839559,478.666728326829,.\Image\Alignment\2017\03\31\12.52.52 996\Head3.jpg,True,794.496737242397,456.765912953413,.\Image\Alignment\2017\03\31\12.52.52 996\Head4.jpg
2017.03.31 12:52:54 824,TFT_SIDE5.46,90,RETRY,-0.0093,0.0435,0.0429,-0.0108,0.0457,-0.00141,True,640.455051177379,489.846798920191,.\Image\Alignment\2017\03\31\12.52.54 824\Head1.jpg,True,627.441136547032,494.300120980103,.\Image\Alignment\2017\03\31\12.52.54 824\Head2.jpg,True,627.549306780526,495.175052012033,.\Image\Alignment\2017\03\31\12.52.54 824\Head3.jpg,True,640.788099340376,493.763918974569,.\Image\Alignment\2017\03\31\12.52.54 824\Head4.jpg
2017.03.31 12:52:56 705,TFT_SIDE5.46,90,RETRY,0.0015,-0.0025,-0.0037,0.0026,-0.0032,0.0001,True,639.738181103761,479.328188745711,.\Image\Alignment\2017\03\31\12.52.56 705\Head1.jpg,True,640.506756572209,482.139050427147,.\Image\Alignment\2017\03\31\12.52.56 705\Head2.jpg,True,640.818087575788,482.284738395035,.\Image\Alignment\2017\03\31\12.52.56 705\Head3.jpg,True,639.45680434921,479.039967291478,.\Image\Alignment\2017\03\31\12.52.56 705\Head4.jpg
2017.03.31 12:52:58 422,TFT_SIDE5.46,90,OK,0.0002,0.0001,0.0021,0.0007,0,0,True,639.947540377066,480.057718442531,.\Image\Alignment\2017\03\31\12.52.58 422\Head1.jpg,True,639.966174927748,482.960375047595,.\Image\Alignment\2017\03\31\12.52.58 422\Head2.jpg,True,639.452593058419,483.141420952045,.\Image\Alignment\2017\03\31\12.52.58 422\Head3.jpg,True,639.820172494286,479.978426376561,.\Image\Alignment\2017\03\31\12.52.58 422\Head4.jpg
2017.03.31 12:56:43 052,TFT_SIDE5.46,0,RETRY,-0.7973,-0.6049,-0.745,-0.6414,0.4736,0.01332,True,876.557451448875,625.606274340584,.\Image\Alignment\2017\03\31\12.56.43 052\Head1.jpg,True,819.700746671894,611.288388274079,.\Image\Alignment\2017\03\31\12.56.43 052\Head2.jpg,True,856.320903436902,601.672408984016,.\Image\Alignment\2017\03\31\12.56.43 052\Head3.jpg,True,833.658174651616,587.437265163485,.\Image\Alignment\2017\03\31\12.56.43 052\Head4.jpg
2017.03.31 12:56:44 932,TFT_SIDE5.46,0,RETRY,-0.0183,-0.0069,-0.0095,-0.016,-0.004,-0.00232,True,640.801967862355,475.576480350479,.\Image\Alignment\2017\03\31\12.56.44 932\Head1.jpg,True,635.656976518578,479.985623141528,.\Image\Alignment\2017\03\31\12.56.44 932\Head2.jpg,True,636.330985983541,483.352512952966,.\Image\Alignment\2017\03\31\12.56.44 932\Head3.jpg,True,640.157567124316,482.308801991195,.\Image\Alignment\2017\03\31\12.56.44 932\Head4.jpg
2017.03.31 12:56:46 690,TFT_SIDE5.46,0,OK,-0.0006,0.0059,0.0089,-0.0019,0,0,True,640.146852367539,480.267296537327,.\Image\Alignment\2017\03\31\12.56.46 690\Head1.jpg,True,638.413699617993,482.731685731641,.\Image\Alignment\2017\03\31\12.56.46 690\Head2.jpg,True,637.622019751757,483.22160354891,.\Image\Alignment\2017\03\31\12.56.46 690\Head3.jpg,True,640.514770035289,480.487655900947,.\Image\Alignment\2017\03\31\12.56.46 690\Head4.jpg
2017.03.31 12:57:05 148,TFT_SIDE5.46,90,RETRY,-0.7008,-0.5215,-0.6573,-0.5384,0.065,-0.0006,True,826.306396840906,496.199327077807,.\Image\Alignment\2017\03\31\12.57.05 148\Head1.jpg,True,770.038621452793,492.856729410445,.\Image\Alignment\2017\03\31\12.57.05 148\Head2.jpg,True,805.928026613749,501.245069365694,.\Image\Alignment\2017\03\31\12.57.05 148\Head3.jpg,True,782.34844098133,498.568917228995,.\Image\Alignment\2017\03\31\12.57.05 148\Head4.jpg
2017.03.31 12:57:06 948,TFT_SIDE5.46,90,RETRY,-0.0042,0.0302,0.0286,-0.0024,0.002,-0.00019,True,640.848718249079,480.229290036826,.\Image\Alignment\2017\03\31\12.57.06 948\Head1.jpg,True,631.856500900016,483.43091547027,.\Image\Alignment\2017\03\31\12.57.06 948\Head2.jpg,True,632.258164575619,483.523614582983,.\Image\Alignment\2017\03\31\12.57.06 948\Head3.jpg,True,640.372412113638,480.755124413437,.\Image\Alignment\2017\03\31\12.57.06 948\Head4.jpg
2017.03.31 12:57:08 692,TFT_SIDE5.46,90,OK,0.0013,0,-0.0014,-0.0002,0,0,True,639.665835457065,479.720689427245,.\Image\Alignment\2017\03\31\12.57.08 692\Head1.jpg,True,640.013061190796,482.61777840138,.\Image\Alignment\2017\03\31\12.57.08 692\Head2.jpg,True,640.384330021512,483.207300998284,.\Image\Alignment\2017\03\31\12.57.08 692\Head3.jpg,True,640.048213167572,479.806580019876,.\Image\Alignment\2017\03\31\12.57.08 692\Head4.jpg
2017.03.31 13:00:18 604,TFT_SIDE5.46,0,RETRY,-0.8895,-0.7203,-0.8605,-0.7308,0.487,0.0233,True,918.80080483155,643.682589670478,.\Image\Alignment\2017\03\31\13.00.18 604\Head1.jpg,True,860.846061335936,621.027878653551,.\Image\Alignment\2017\03\31\13.00.18 604\Head2.jpg,True,897.46886163065,605.824140894927,.\Image\Alignment\2017\03\31\13.00.18 604\Head3.jpg,True,875.055524757993,576.741772535195,.\Image\Alignment\2017\03\31\13.00.18 604\Head4.jpg
2017.03.31 13:00:20 567,TFT_SIDE5.46,0,RETRY,-0.0078,0.0308,0.03,-0.0081,-0.0044,-0.00191,True,638.702565130491,476.059929379382,.\Image\Alignment\2017\03\31\13.00.20 567\Head1.jpg,True,627.278424656347,480.513485137097,.\Image\Alignment\2017\03\31\13.00.20 567\Head2.jpg,True,627.485152934422,482.956853080692,.\Image\Alignment\2017\03\31\13.00.20 567\Head3.jpg,True,638.789952871064,481.59867887193,.\Image\Alignment\2017\03\31\13.00.20 567\Head4.jpg
2017.03.31 13:00:22 284,TFT_SIDE5.46,0,OK,-0.0018,0.0026,0.0024,0.0015,0,0,True,640.491003548253,480.085572605695,.\Image\Alignment\2017\03\31\13.00.22 284\Head1.jpg,True,639.313975807971,482.732839773586,.\Image\Alignment\2017\03\31\13.00.22 284\Head2.jpg,True,639.361847580935,483.150038796763,.\Image\Alignment\2017\03\31\13.00.22 284\Head3.jpg,True,639.595099208758,479.818740374795,.\Image\Alignment\2017\03\31\13.00.22 284\Head4.jpg
2017.03.31 13:00:40 781,TFT_SIDE5.46,90,RETRY,-0.7141,-0.5382,-0.675,-0.5521,-0.0446,0.01,True,845.230879257375,484.729593002122,.\Image\Alignment\2017\03\31\13.00.40 781\Head1.jpg,True,788.950413195327,478.15920809428,.\Image\Alignment\2017\03\31\13.00.40 781\Head2.jpg,True,825.178172365034,473.350964671613,.\Image\Alignment\2017\03\31\13.00.40 781\Head3.jpg,True,801.519076832617,457.456514293622,.\Image\Alignment\2017\03\31\13.00.40 781\Head4.jpg
2017.03.31 13:00:42 649,TFT_SIDE5.46,90,RETRY,0.0029,0.0353,0.0356,0.0007,0.0324,0.00022,True,639.556185825803,489.014112089217,.\Image\Alignment\2017\03\31\13.00.42 649\Head1.jpg,True,630.510034271907,491.827646842758,.\Image\Alignment\2017\03\31\13.00.42 649\Head2.jpg,True,630.393241165347,491.903061138334,.\Image\Alignment\2017\03\31\13.00.42 649\Head3.jpg,True,640.085475311603,488.376740502799,.\Image\Alignment\2017\03\31\13.00.42 649\Head4.jpg
2017.03.31 13:00:44 379,TFT_SIDE5.46,90,OK,-0.002,0.0018,-0.0006,0.0007,0,0,True,640.525378173947,480.097913017161,.\Image\Alignment\2017\03\31\13.00.44 379\Head1.jpg,True,639.506783026107,483.06512665043,.\Image\Alignment\2017\03\31\13.00.44 379\Head2.jpg,True,640.164145266205,483.28379317907,.\Image\Alignment\2017\03\31\13.00.44 379\Head3.jpg,True,639.817023181714,480.139990007252,.\Image\Alignment\2017\03\31\13.00.44 379\Head4.jpg
2017.03.31 13:03:54 067,TFT_SIDE5.46,0,RETRY,-0.7969,-0.6541,-0.7958,-0.642,0.4153,0.01131,True,872.904415011404,607.131943879595,.\Image\Alignment\2017\03\31\13.03.54 067\Head1.jpg,True,815.794543677783,597.31662204868,.\Image\Alignment\2017\03\31\13.03.54 067\Head2.jpg,True,852.869059762802,596.967756109979,.\Image\Alignment\2017\03\31\13.03.54 067\Head3.jpg,True,830.365252644147,574.838171108806,.\Image\Alignment\2017\03\31\13.03.54 067\Head4.jpg
2017.03.31 13:03:55 919,TFT_SIDE5.46,0,RETRY,-0.0003,0.06,0.0603,0.003,0.0052,8E-05,True,640.205219142334,481.494449799838,.\Image\Alignment\2017\03\31\13.03.55 919\Head1.jpg,True,622.510377652894,483.995590582937,.\Image\Alignment\2017\03\31\13.03.55 919\Head2.jpg,True,622.43337140192,484.783503226009,.\Image\Alignment\2017\03\31\13.03.55 919\Head3.jpg,True,639.322567445083,481.268837059635,.\Image\Alignment\2017\03\31\13.03.55 919\Head4.jpg
2017.03.31 13:03:57 664,TFT_SIDE5.46,0,OK,-0.0013,0.0082,0.0065,-0.0013,0,0,True,640.33832162769,479.820708769776,.\Image\Alignment\2017\03\31\13.03.57 664\Head1.jpg,True,637.805460598483,482.145691843985,.\Image\Alignment\2017\03\31\13.03.57 664\Head2.jpg,True,638.257205713217,483.079349322738,.\Image\Alignment\2017\03\31\13.03.57 664\Head3.jpg,True,640.341124808639,479.769625363447,.\Image\Alignment\2017\03\31\13.03.57 664\Head4.jpg
2017.03.31 13:04:16 102,TFT_SIDE5.46,90,RETRY,-0.6495,-0.4269,-0.5667,-0.4898,0.0812,-9E-05,True,813.330550385746,501.400391448525,.\Image\Alignment\2017\03\31\13.04.16 102\Head1.jpg,True,755.968967787535,504.371618540185,.\Image\Alignment\2017\03\31\13.04.16 102\Head2.jpg,True,792.909285657962,502.590183313425,.\Image\Alignment\2017\03\31\13.04.16 102\Head3.jpg,True,770.135711038127,502.251496763516,.\Image\Alignment\2017\03\31\13.04.16 102\Head4.jpg
2017.03.31 13:04:17 969,TFT_SIDE5.46,90,RETRY,-0.0008,-0.0113,-0.0105,0.0001,0.0052,-0.00031,True,639.75892131204,480.868380199111,.\Image\Alignment\2017\03\31\13.04.17 969\Head1.jpg,True,642.825574162448,484.498217604925,.\Image\Alignment\2017\03\31\13.04.17 969\Head2.jpg,True,642.579673715615,484.676512056321,.\Image\Alignment\2017\03\31\13.04.17 969\Head3.jpg,True,639.511993503512,481.744313269517,.\Image\Alignment\2017\03\31\13.04.17 969\Head4.jpg
2017.03.31 13:04:19 808,TFT_SIDE5.46,90,OK,0.0004,0.0008,-0.0008,-0.0012,0,0,True,639.884825609755,480.079559055638,.\Image\Alignment\2017\03\31\13.04.19 808\Head1.jpg,True,639.798737337806,483.185751242249,.\Image\Alignment\2017\03\31\13.04.19 808\Head2.jpg,True,640.225033254987,483.395239891762,.\Image\Alignment\2017\03\31\13.04.19 808\Head3.jpg,True,640.311093679726,479.958024118338,.\Image\Alignment\2017\03\31\13.04.19 808\Head4.jpg
2017.03.31 13:07:17 616,TFT_SIDE5.46,0,RETRY,-0.7739,-0.549,-0.6908,-0.6199,0.6024,0.02911,True,898.195482860996,682.929294109485,.\Image\Alignment\2017\03\31\13.07.17 616\Head1.jpg,True,841.037234456574,656.611308558932,.\Image\Alignment\2017\03\31\13.07.17 616\Head2.jpg,True,877.997570022751,627.289301013013,.\Image\Alignment\2017\03\31\13.07.17 616\Head3.jpg,True,855.625991821619,598.904567464596,.\Image\Alignment\2017\03\31\13.07.17 616\Head4.jpg
2017.03.31 13:07:19 593,TFT_SIDE5.46,0,RETRY,-0.0263,-0.0446,-0.046,-0.0201,-0.0044,-0.00408,True,639.821420381094,472.920487733201,.\Image\Alignment\2017\03\31\13.07.19 593\Head1.jpg,True,643.51824353077,478.970188336804,.\Image\Alignment\2017\03\31\13.07.19 593\Head2.jpg,True,643.85108001135,483.552884918938,.\Image\Alignment\2017\03\31\13.07.19 593\Head3.jpg,True,638.155021923831,484.758366438486,.\Image\Alignment\2017\03\31\13.07.19 593\Head4.jpg
2017.03.31 13:07:21 433,TFT_SIDE5.46,0,RETRY,-0.0018,0.0003,0.0028,-0.0014,-0.0002,-0.00019,True,640.146615991187,479.683958512033,.\Image\Alignment\2017\03\31\13.07.21 433\Head1.jpg,True,639.077140694886,482.907192787322,.\Image\Alignment\2017\03\31\13.07.21 433\Head2.jpg,True,638.413845957335,483.359655287805,.\Image\Alignment\2017\03\31\13.07.21 433\Head3.jpg,True,640.046957899176,480.232938057319,.\Image\Alignment\2017\03\31\13.07.21 433\Head4.jpg
2017.03.31 13:07:23 164,TFT_SIDE5.46,0,OK,0.0004,0.0033,0.0015,-0.0017,0,0,True,639.902464836846,480.336589537792,.\Image\Alignment\2017\03\31\13.07.23 164\Head1.jpg,True,639.117500518666,482.432983241285,.\Image\Alignment\2017\03\31\13.07.23 164\Head2.jpg,True,639.604294045878,483.329840503107,.\Image\Alignment\2017\03\31\13.07.23 164\Head3.jpg,True,640.461558810316,480.050584613519,.\Image\Alignment\2017\03\31\13.07.23 164\Head4.jpg
2017.03.31 13:07:41 625,TFT_SIDE5.46,90,RETRY,-0.8214,-0.6899,-0.8282,-0.6614,0.0443,0.01472,True,880.753107106506,516.348603370636,.\Image\Alignment\2017\03\31\13.07.41 625\Head1.jpg,True,824.026531423626,496.281366535684,.\Image\Alignment\2017\03\31\13.07.41 625\Head2.jpg,True,860.54915681107,496.389728659057,.\Image\Alignment\2017\03\31\13.07.41 625\Head3.jpg,True,837.354766563728,475.861211161937,.\Image\Alignment\2017\03\31\13.07.41 625\Head4.jpg
2017.03.31 13:07:43 493,TFT_SIDE5.46,90,RETRY,-0.0085,0.0744,0.0761,-0.0072,0.0402,-0.0012,True,640.552275871344,488.71655177598,.\Image\Alignment\2017\03\31\13.07.43 493\Head1.jpg,True,619.284729934245,492.902377189019,.\Image\Alignment\2017\03\31\13.07.43 493\Head2.jpg,True,618.801293276759,493.701228477699,.\Image\Alignment\2017\03\31\13.07.43 493\Head3.jpg,True,640.147095745469,492.045813035818,.\Image\Alignment\2017\03\31\13.07.43 493\Head4.jpg
2017.03.31 13:07:45 347,TFT_SIDE5.46,90,RETRY,0.0008,-0.0034,-0.0048,-0.0002,-0.004,0.0001,True,639.92732112461,479.103975207694,.\Image\Alignment\2017\03\31\13.07.45 347\Head1.jpg,True,640.790178085353,482.011938128376,.\Image\Alignment\2017\03\31\13.07.45 347\Head2.jpg,True,641.155070297165,482.118202460454,.\Image\Alignment\2017\03\31\13.07.45 347\Head3.jpg,True,640.19510041131,478.82652370211,.\Image\Alignment\2017\03\31\13.07.45 347\Head4.jpg
2017.03.31 13:07:47 132,TFT_SIDE5.46,90,OK,0.0001,0.0018,0.0016,-0.0009,0,0,True,639.971196450668,480.330053876329,.\Image\Alignment\2017\03\31\13.07.47 132\Head1.jpg,True,639.508853090912,483.19146494414,.\Image\Alignment\2017\03\31\13.07.47 132\Head2.jpg,True,639.574502362764,483.47327205874,.\Image\Alignment\2017\03\31\13.07.47 132\Head3.jpg,True,640.244797385133,480.389029593607,.\Image\Alignment\2017\03\31\13.07.47 132\Head4.jpg
2017.03.31 13:11:12 132,TFT_SIDE5.46,0,RETRY,-0.7528,-0.5313,-0.6726,-0.5963,0.5365,0.03309,True,899.567947384684,671.128346879198,.\Image\Alignment\2017\03\31\13.11.12 132\Head1.jpg,True,841.654707950453,642.22155786044,.\Image\Alignment\2017\03\31\13.11.12 132\Head2.jpg,True,878.547893124142,609.992915701898,.\Image\Alignment\2017\03\31\13.11.12 132\Head3.jpg,True,856.456373417605,575.645443009071,.\Image\Alignment\2017\03\31\13.11.12 132\Head4.jpg
2017.03.31 13:11:14 013,TFT_SIDE5.46,0,RETRY,0.0028,-0.0119,-0.0123,0.0031,0.0058,0.00023,True,639.650636458949,481.875063882059,.\Image\Alignment\2017\03\31\13.11.14 013\Head1.jpg,True,641.46580862406,484.171938988319,.\Image\Alignment\2017\03\31\13.11.14 013\Head2.jpg,True,641.541310737156,485.104751379072,.\Image\Alignment\2017\03\31\13.11.14 013\Head3.jpg,True,639.561117810197,481.206195124935,.\Image\Alignment\2017\03\31\13.11.14 013\Head4.jpg
2017.03.31 13:11:15 868,TFT_SIDE5.46,0,RETRY,-0.0034,-0.0032,-0.003,-0.0011,0.0013,-0.00017,True,640.615575169504,480.101432640993,.\Image\Alignment\2017\03\31\13.11.15 868\Head1.jpg,True,638.263667975318,482.425916238119,.\Image\Alignment\2017\03\31\13.11.15 868\Head2.jpg,True,638.194610462406,483.841280970893,.\Image\Alignment\2017\03\31\13.11.15 868\Head3.jpg,True,639.980433802435,480.592099250106,.\Image\Alignment\2017\03\31\13.11.15 868\Head4.jpg
2017.03.31 13:11:17 639,TFT_SIDE5.46,0,OK,0.0001,0.0087,0.0092,0.0004,0,0,True,639.982715169748,479.957591400511,.\Image\Alignment\2017\03\31\13.11.17 639\Head1.jpg,True,637.676322286756,482.381067681655,.\Image\Alignment\2017\03\31\13.11.17 639\Head2.jpg,True,637.551032715294,483.272614483689,.\Image\Alignment\2017\03\31\13.11.17 639\Head3.jpg,True,639.906608166511,479.807317280892,.\Image\Alignment\2017\03\31\13.11.17 639\Head4.jpg
2017.03.31 13:11:38 419,TFT_SIDE5.46,90,RETRY,-0.7337,-0.5615,-0.6975,-0.5721,0.0441,0.02875,True,877.725380183576,539.82213709672,.\Image\Alignment\2017\03\31\13.11.38 419\Head1.jpg,True,821.255652354943,518.537189484527,.\Image\Alignment\2017\03\31\13.11.38 419\Head2.jpg,True,857.196135086145,489.915116363218,.\Image\Alignment\2017\03\31\13.11.38 419\Head3.jpg,True,833.965362200859,459.807237584297,.\Image\Alignment\2017\03\31\13.11.38 419\Head4.jpg
2017.03.31 13:11:40 245,TFT_SIDE5.46,90,RETRY,-0.0423,0.021,0.0183,-0.0434,0.1023,-0.00734,True,640.663899457725,495.046984904743,.\Image\Alignment\2017\03\31\13.11.40 245\Head1.jpg,True,629.950504526862,506.238496592326,.\Image\Alignment\2017\03\31\13.11.40 245\Head2.jpg,True,630.547938792295,510.315369885257,.\Image\Alignment\2017\03\31\13.11.40 245\Head3.jpg,True,640.782148729297,515.614319026163,.\Image\Alignment\2017\03\31\13.11.40 245\Head4.jpg
2017.03.31 13:11:42 129,TFT_SIDE5.46,90,RETRY,0.005,-0.0233,-0.0228,0.0034,-0.0145,0.00057,True,639.476442934387,477.079419892405,.\Image\Alignment\2017\03\31\13.11.42 129\Head1.jpg,True,646.407121900554,479.61936613248,.\Image\Alignment\2017\03\31\13.11.42 129\Head2.jpg,True,646.255940037369,479.446330359161,.\Image\Alignment\2017\03\31\13.11.42 129\Head3.jpg,True,639.950100175921,475.491281985451,.\Image\Alignment\2017\03\31\13.11.42 129\Head4.jpg
2017.03.31 13:11:43 954,TFT_SIDE5.46,90,OK,-0.0005,0.0033,0.0037,0.0001,0,0,True,640.143212117724,480.103764994738,.\Image\Alignment\2017\03\31\13.11.43 954\Head1.jpg,True,639.128243251427,483.274994364981,.\Image\Alignment\2017\03\31\13.11.43 954\Head2.jpg,True,639.023421898654,483.402273907015,.\Image\Alignment\2017\03\31\13.11.43 954\Head3.jpg,True,639.972644734453,480.23458812007,.\Image\Alignment\2017\03\31\13.11.43 954\Head4.jpg
2017.03.31 13:15:38 583,TFT_SIDE5.46,0,RETRY,-0.8107,-0.6904,-0.8341,-0.6562,0.5171,0.02414,True,899.238160093152,652.932650093335,.\Image\Alignment\2017\03\31\13.15.38 583\Head1.jpg,True,841.311609712413,621.21098362605,.\Image\Alignment\2017\03\31\13.15.38 583\Head2.jpg,True,878.811743511142,612.291777168335,.\Image\Alignment\2017\03\31\13.15.38 583\Head3.jpg,True,856.627768445447,583.44165180745,.\Image\Alignment\2017\03\31\13.15.38 583\Head4.jpg
2017.03.31 13:15:40 544,TFT_SIDE5.46,0,RETRY,0.0129,0.1009,0.099,0.017,-0.0081,0.00128,True,638.818307577224,479.693192252073,.\Image\Alignment\2017\03\31\13.15.40 544\Head1.jpg,True,614.076172509318,480.765147328635,.\Image\Alignment\2017\03\31\13.15.40 544\Head2.jpg,True,614.588124226716,480.194284938375,.\Image\Alignment\2017\03\31\13.15.40 544\Head3.jpg,True,637.753997237103,475.968471105709,.\Image\Alignment\2017\03\31\13.15.40 544\Head4.jpg
2017.03.31 13:15:42 331,TFT_SIDE5.46,0,OK,-0.0007,0.0038,0.0063,-0.0017,0,0,True,640.176804964808,479.936046420769,.\Image\Alignment\2017\03\31\13.15.42 331\Head1.jpg,True,638.987813639551,482.277775164521,.\Image\Alignment\2017\03\31\13.15.42 331\Head2.jpg,True,638.324272042225,483.299622398106,.\Image\Alignment\2017\03\31\13.15.42 331\Head3.jpg,True,640.445516456152,479.973132278395,.\Image\Alignment\2017\03\31\13.15.42 331\Head4.jpg
2017.03.31 13:16:00 780,TFT_SIDE5.46,90,RETRY,-0.7292,-0.6045,-0.7461,-0.5687,0.0456,0.0157,True,857.555850136294,518.333406346331,.\Image\Alignment\2017\03\31\13.16.00 780\Head1.jpg,True,800.100433240861,494.829167435121,.\Image\Alignment\2017\03\31\13.16.00 780\Head2.jpg,True,837.523263823709,496.001504904926,.\Image\Alignment\2017\03\31\13.16.00 780\Head3.jpg,True,814.093092151601,474.976561592827,.\Image\Alignment\2017\03\31\13.16.00 780\Head4.jpg
2017.03.31 13:16:02 579,TFT_SIDE5.46,90,RETRY,-0.0081,0.0846,0.0852,-0.0099,0.0425,-0.00169,True,639.712966859456,488.51809712923,.\Image\Alignment\2017\03\31\13.16.02 579\Head1.jpg,True,616.471114479834,493.444049837226,.\Image\Alignment\2017\03\31\13.16.02 579\Head2.jpg,True,616.276019209624,494.314331627065,.\Image\Alignment\2017\03\31\13.16.02 579\Head3.jpg,True,640.142365932329,493.229513362167,.\Image\Alignment\2017\03\31\13.16.02 579\Head4.jpg
2017.03.31 13:16:04 310,TFT_SIDE5.46,90,OK,-0.0001,-0.006,-0.0053,0.0001,0,0,True,640.034506832689,479.093198041772,.\Image\Alignment\2017\03\31\13.16.04 310\Head1.jpg,True,641.597315938531,481.933068243367,.\Image\Alignment\2017\03\31\13.16.04 310\Head2.jpg,True,641.416391441343,482.458834456779,.\Image\Alignment\2017\03\31\13.16.04 310\Head3.jpg,True,639.962730068338,478.828871954182,.\Image\Alignment\2017\03\31\13.16.04 310\Head4.jpg
2017.03.31 13:19:41 651,TFT_SIDE5.46,0,RETRY,-0.8441,-0.7011,-0.8411,-0.6878,0.4825,0.02079,True,902.242203715165,638.832247835871,.\Image\Alignment\2017\03\31\13.19.41 651\Head1.jpg,True,844.247240039358,621.143770274744,.\Image\Alignment\2017\03\31\13.19.41 651\Head2.jpg,True,880.771540991378,612.179740787342,.\Image\Alignment\2017\03\31\13.19.41 651\Head3.jpg,True,859.192465203956,579.100719415438,.\Image\Alignment\2017\03\31\13.19.41 651\Head4.jpg
2017.03.31 13:19:43 573,TFT_SIDE5.46,0,RETRY,-0.0018,0.0643,0.0631,0.0021,0.0084,-0.00048,True,639.623268363061,481.538418888571,.\Image\Alignment\2017\03\31\13.19.43 573\Head1.jpg,True,620.720320570075,484.568412137552,.\Image\Alignment\2017\03\31\13.19.43 573\Head2.jpg,True,621.03568632379,485.695952430212,.\Image\Alignment\2017\03\31\13.19.43 573\Head3.jpg,True,638.589072784511,482.914502741796,.\Image\Alignment\2017\03\31\13.19.43 573\Head4.jpg
2017.03.31 13:19:45 304,TFT_SIDE5.46,0,OK,0.0005,0.0046,0.0038,-0.0012,0,0,True,639.864901740372,480.087928914346,.\Image\Alignment\2017\03\31\13.19.45 304\Head1.jpg,True,638.779472555867,482.722261132393,.\Image\Alignment\2017\03\31\13.19.45 304\Head2.jpg,True,638.984931821525,483.394201964517,.\Image\Alignment\2017\03\31\13.19.45 304\Head3.jpg,True,640.317184133173,479.818414606307,.\Image\Alignment\2017\03\31\13.19.45 304\Head4.jpg
2017.03.31 13:20:03 789,TFT_SIDE5.46,90,RETRY,-0.7013,-0.5433,-0.6822,-0.5428,-0.0181,0.01208,True,844.82333253222,495.284209549362,.\Image\Alignment\2017\03\31\13.20.03 789\Head1.jpg,True,788.980957174038,492.530877060884,.\Image\Alignment\2017\03\31\13.20.03 789\Head2.jpg,True,825.710976554282,488.936233772621,.\Image\Alignment\2017\03\31\13.20.03 789\Head3.jpg,True,802.021463589489,462.128867125395,.\Image\Alignment\2017\03\31\13.20.03 789\Head4.jpg
2017.03.31 13:20:05 575,TFT_SIDE5.46,90,RETRY,-0.0192,0.0441,0.0425,-0.0167,0.0658,-0.00321,True,640.47177907571,492.205212896631,.\Image\Alignment\2017\03\31\13.20.05 575\Head1.jpg,True,626.188151923527,498.771740548351,.\Image\Alignment\2017\03\31\13.20.05 575\Head2.jpg,True,626.546201693139,500.641035622186,.\Image\Alignment\2017\03\31\13.20.05 575\Head3.jpg,True,639.726744180438,501.167383026204,.\Image\Alignment\2017\03\31\13.20.05 575\Head4.jpg
2017.03.31 13:20:07 389,TFT_SIDE5.46,90,RETRY,0.0017,-0.0097,-0.0081,0.0006,-0.0076,0.00014,True,639.742537975418,478.200740723815,.\Image\Alignment\2017\03\31\13.20.07 389\Head1.jpg,True,642.555106501545,481.168723268815,.\Image\Alignment\2017\03\31\13.20.07 389\Head2.jpg,True,642.124278297612,481.197818787444,.\Image\Alignment\2017\03\31\13.20.07 389\Head3.jpg,True,640.049023975184,477.811519528118,.\Image\Alignment\2017\03\31\13.20.07 389\Head4.jpg
2017.03.31 13:20:09 025,TFT_SIDE5.46,90,OK,-0.0005,-0.0007,0.0008,0.0003,0,0,True,640.121066364722,480.140074700482,.\Image\Alignment\2017\03\31\13.20.09 025\Head1.jpg,True,640.196991178761,483.511627684274,.\Image\Alignment\2017\03\31\13.20.09 025\Head2.jpg,True,639.799241384664,483.600590738574,.\Image\Alignment\2017\03\31\13.20.09 025\Head3.jpg,True,639.920559798861,480.204538701417,.\Image\Alignment\2017\03\31\13.20.09 025\Head4.jpg
2017.03.31 13:29:54 308,TFT_SIDE5.46,0,RETRY,-0.8826,-0.7031,-0.8454,-0.7261,0.4903,0.01424,True,900.959944921121,631.392381192437,.\Image\Alignment\2017\03\31\13.29.54 308\Head1.jpg,True,843.639266722812,636.113616991969,.\Image\Alignment\2017\03\31\13.29.54 308\Head2.jpg,True,880.739279783011,627.762943461893,.\Image\Alignment\2017\03\31\13.29.54 308\Head3.jpg,True,857.820491936803,590.651228911092,.\Image\Alignment\2017\03\31\13.29.54 308\Head4.jpg
2017.03.31 13:29:56 161,TFT_SIDE5.46,0,RETRY,0.0071,0.0324,0.0333,0.0082,0.0501,0.00136,True,640.51480523493,495.337515670384,.\Image\Alignment\2017\03\31\13.29.56 161\Head1.jpg,True,632.201163968655,496.345193825744,.\Image\Alignment\2017\03\31\13.29.56 161\Head2.jpg,True,631.914566374165,495.865238754238,.\Image\Alignment\2017\03\31\13.29.56 161\Head3.jpg,True,640.172308002957,491.3333623281,.\Image\Alignment\2017\03\31\13.29.56 161\Head4.jpg
2017.03.31 13:29:57 987,TFT_SIDE5.46,0,RETRY,-0.0029,-0.0024,-0.0039,-0.0037,0.0006,-0.00023,True,640.371710855659,479.827183459198,.\Image\Alignment\2017\03\31\13.29.57 987\Head1.jpg,True,638.686736876052,482.655173531353,.\Image\Alignment\2017\03\31\13.29.57 987\Head2.jpg,True,639.065395111495,483.724378339666,.\Image\Alignment\2017\03\31\13.29.57 987\Head3.jpg,True,640.564462797048,480.503999471262,.\Image\Alignment\2017\03\31\13.29.57 987\Head4.jpg
2017.03.31 13:29:59 759,TFT_SIDE5.46,0,OK,0,0.0064,0.0083,0.0026,0,0,True,640.001842236643,480.191027916615,.\Image\Alignment\2017\03\31\13.29.59 759\Head1.jpg,True,638.288800215707,482.807794486096,.\Image\Alignment\2017\03\31\13.29.59 759\Head2.jpg,True,637.774962757815,483.56064849607,.\Image\Alignment\2017\03\31\13.29.59 759\Head3.jpg,True,639.318522992864,479.941339331023,.\Image\Alignment\2017\03\31\13.29.59 759\Head4.jpg
2017.03.31 13:30:18 377,TFT_SIDE5.46,90,RETRY,-0.7694,-0.5732,-0.7125,-0.6089,-0.0055,0.00424,True,851.643622675842,485.47912282795,.\Image\Alignment\2017\03\31\13.30.18 377\Head1.jpg,True,794.565386188284,484.36759943317,.\Image\Alignment\2017\03\31\13.30.18 377\Head2.jpg,True,831.43074357338,482.946364185224,.\Image\Alignment\2017\03\31\13.30.18 377\Head3.jpg,True,808.240000892826,474.413432444165,.\Image\Alignment\2017\03\31\13.30.18 377\Head4.jpg
2017.03.31 13:30:20 244,TFT_SIDE5.46,90,RETRY,-0.0042,0.014,0.0164,-0.0034,0.0129,-0.00081,True,639.934054360745,482.075010011979,.\Image\Alignment\2017\03\31\13.30.20 244\Head1.jpg,True,635.51165855991,485.85303380178,.\Image\Alignment\2017\03\31\13.30.20 244\Head2.jpg,True,634.856270203026,486.545526950146,.\Image\Alignment\2017\03\31\13.30.20 244\Head3.jpg,True,639.715648307386,484.352304414362,.\Image\Alignment\2017\03\31\13.30.20 244\Head4.jpg
2017.03.31 13:30:22 110,TFT_SIDE5.46,90,RETRY,0.0013,-0.0009,-0.0049,0.0004,-0.0018,0.00011,True,639.806416863256,479.693285773108,.\Image\Alignment\2017\03\31\13.30.22 110\Head1.jpg,True,640.037325050952,482.675404196569,.\Image\Alignment\2017\03\31\13.30.22 110\Head2.jpg,True,641.100057429793,482.863689099271,.\Image\Alignment\2017\03\31\13.30.22 110\Head3.jpg,True,640.049499741428,479.38925703108,.\Image\Alignment\2017\03\31\13.30.22 110\Head4.jpg
2017.03.31 13:30:23 841,TFT_SIDE5.46,90,OK,-0.0005,-0.0005,0.0019,0.0002,0,0,True,640.127696741411,479.768320088942,.\Image\Alignment\2017\03\31\13.30.23 841\Head1.jpg,True,640.129070259401,482.893716091075,.\Image\Alignment\2017\03\31\13.30.23 841\Head2.jpg,True,639.491319214199,483.21132217842,.\Image\Alignment\2017\03\31\13.30.23 841\Head3.jpg,True,639.941639277014,479.856482082466,.\Image\Alignment\2017\03\31\13.30.23 841\Head4.jpg
2017.03.31 13:34:46 362,TFT_SIDE5.46,0,RETRY,-0.8216,-0.647,-0.7878,-0.666,0.545,0.02411,True,902.108110460053,660.335179147529,.\Image\Alignment\2017\03\31\13.34.46 362\Head1.jpg,True,844.533361928263,622.190295571052,.\Image\Alignment\2017\03\31\13.34.46 362\Head2.jpg,True,881.330823624564,605.202825149711,.\Image\Alignment\2017\03\31\13.34.46 362\Head3.jpg,True,859.155588348074,590.899820008997,.\Image\Alignment\2017\03\31\13.34.46 362\Head4.jpg
2017.03.31 13:34:48 230,TFT_SIDE5.46,0,RETRY,0.0361,0.0719,0.0692,0.0427,0.0087,0.00516,True,639.467982253231,489.780484647208,.\Image\Alignment\2017\03\31\13.34.48 230\Head1.jpg,True,628.936230922333,487.461674522636,.\Image\Alignment\2017\03\31\13.34.48 230\Head2.jpg,True,629.640023572615,483.022613899098,.\Image\Alignment\2017\03\31\13.34.48 230\Head3.jpg,True,637.730348926135,474.785864998769,.\Image\Alignment\2017\03\31\13.34.48 230\Head4.jpg
2017.03.31 13:34:50 057,TFT_SIDE5.46,0,RETRY,0.0007,0.0001,-0.0006,-0.0015,-0.0006,0.00015,True,640.070215573722,480.03855086112,.\Image\Alignment\2017\03\31\13.34.50 057\Head1.jpg,True,639.062707653935,482.533979916016,.\Image\Alignment\2017\03\31\13.34.50 057\Head2.jpg,True,639.22943025414,483.027830392429,.\Image\Alignment\2017\03\31\13.34.50 057\Head3.jpg,True,640.659990768385,479.617362697449,.\Image\Alignment\2017\03\31\13.34.50 057\Head4.jpg
2017.03.31 13:34:51 844,TFT_SIDE5.46,0,OK,0,0.0047,0.0059,0,0,0,True,639.999421200168,480.144096339911,.\Image\Alignment\2017\03\31\13.34.51 844\Head1.jpg,True,638.741000572848,482.926098854664,.\Image\Alignment\2017\03\31\13.34.51 844\Head2.jpg,True,638.436686641834,483.591634560047,.\Image\Alignment\2017\03\31\13.34.51 844\Head3.jpg,True,640.002452941146,480.268412780331,.\Image\Alignment\2017\03\31\13.34.51 844\Head4.jpg
2017.03.31 13:35:10 357,TFT_SIDE5.46,90,RETRY,-0.7497,-0.6375,-0.7772,-0.5879,0.0282,0.02414,True,875.296282752773,527.856630927377,.\Image\Alignment\2017\03\31\13.35.10 357\Head1.jpg,True,818.687289789497,508.442000379429,.\Image\Alignment\2017\03\31\13.35.10 357\Head2.jpg,True,855.576581880477,500.670995993179,.\Image\Alignment\2017\03\31\13.35.10 357\Head3.jpg,True,831.467314380192,460.841719178475,.\Image\Alignment\2017\03\31\13.35.10 357\Head4.jpg
2017.03.31 13:35:12 239,TFT_SIDE5.46,90,RETRY,-0.0354,0.0836,0.0839,-0.0359,0.0852,-0.00607,True,640.651962790218,492.597091141569,.\Image\Alignment\2017\03\31\13.35.12 239\Head1.jpg,True,614.01167075867,502.443507755242,.\Image\Alignment\2017\03\31\13.35.12 239\Head2.jpg,True,613.859505141138,505.824384829676,.\Image\Alignment\2017\03\31\13.35.12 239\Head3.jpg,True,640.650687635154,509.592568409875,.\Image\Alignment\2017\03\31\13.35.12 239\Head4.jpg
2017.03.31 13:35:14 092,TFT_SIDE5.46,90,RETRY,0.0026,-0.0199,-0.0199,0.0023,-0.0125,0.0004,True,639.886543912905,477.323237356631,.\Image\Alignment\2017\03\31\13.35.14 092\Head1.jpg,True,645.385981121419,480.100247028328,.\Image\Alignment\2017\03\31\13.35.14 092\Head2.jpg,True,645.36488136434,480.037627895755,.\Image\Alignment\2017\03\31\13.35.14 092\Head3.jpg,True,639.973554594504,476.207262935305,.\Image\Alignment\2017\03\31\13.35.14 092\Head4.jpg
2017.03.31 13:35:15 838,TFT_SIDE5.46,90,OK,-0.0007,0.0018,0.0026,-0.0012,0,0,True,640.191592323203,480.19714767529,.\Image\Alignment\2017\03\31\13.35.15 838\Head1.jpg,True,639.516426156348,483.270147945082,.\Image\Alignment\2017\03\31\13.35.15 838\Head2.jpg,True,639.3036318959,483.484086080303,.\Image\Alignment\2017\03\31\13.35.15 838\Head3.jpg,True,640.307568373504,480.142495982007,.\Image\Alignment\2017\03\31\13.35.15 838\Head4.jpg
2017.03.31 13:38:16 027,TFT_SIDE5.46,0,RETRY,-0.8442,-0.6305,-0.7723,-0.6881,0.5427,0.01905,True,899.195261106926,652.363544468965,.\Image\Alignment\2017\03\31\13.38.16 027\Head1.jpg,True,841.729290839942,637.572425226604,.\Image\Alignment\2017\03\31\13.38.16 027\Head2.jpg,True,878.720247951853,619.721343392813,.\Image\Alignment\2017\03\31\13.38.16 027\Head3.jpg,True,856.101238004467,597.606076889779,.\Image\Alignment\2017\03\31\13.38.16 027\Head4.jpg
2017.03.31 13:38:17 881,TFT_SIDE5.46,0,RETRY,-0.005,-0.0123,-0.0112,-0.0022,0.0128,-0.00032,True,640.781489511076,482.96699571355,.\Image\Alignment\2017\03\31\13.38.17 881\Head1.jpg,True,641.121276639402,484.979047905679,.\Image\Alignment\2017\03\31\13.38.17 881\Head2.jpg,True,640.798619837105,486.153945781583,.\Image\Alignment\2017\03\31\13.38.17 881\Head3.jpg,True,639.995459712758,483.878813622375,.\Image\Alignment\2017\03\31\13.38.17 881\Head4.jpg
2017.03.31 13:38:19 597,TFT_SIDE5.46,0,OK,0.0001,0.0059,0.0028,0.0001,0,0,True,639.963747701071,479.587253206314,.\Image\Alignment\2017\03\31\13.38.19 597\Head1.jpg,True,638.430556554386,482.040318694992,.\Image\Alignment\2017\03\31\13.38.19 597\Head2.jpg,True,639.260467620085,482.52023312,.\Image\Alignment\2017\03\31\13.38.19 597\Head3.jpg,True,639.969427810035,479.622780611466,.\Image\Alignment\2017\03\31\13.38.19 597\Head4.jpg
2017.03.31 13:38:38 146,TFT_SIDE5.46,90,RETRY,-0.7786,-0.5968,-0.7359,-0.6191,0.0145,0.00791,True,859.422570014205,496.981339737886,.\Image\Alignment\2017\03\31\13.38.38 146\Head1.jpg,True,802.673504052292,491.336580807343,.\Image\Alignment\2017\03\31\13.38.38 146\Head2.jpg,True,839.456096579282,488.270180421036,.\Image\Alignment\2017\03\31\13.38.38 146\Head3.jpg,True,816.23234614415,475.613148162635,.\Image\Alignment\2017\03\31\13.38.38 146\Head4.jpg
2017.03.31 13:38:40 000,TFT_SIDE5.46,90,RETRY,-0.006,0.0291,0.0291,-0.0036,0.0218,-0.00113,True,639.962785467296,483.921930839385,.\Image\Alignment\2017\03\31\13.38.40 000\Head1.jpg,True,631.653850999785,488.41792901632,.\Image\Alignment\2017\03\31\13.38.40 000\Head2.jpg,True,631.60338739093,488.964673123858,.\Image\Alignment\2017\03\31\13.38.40 000\Head3.jpg,True,639.296158895151,487.076961448874,.\Image\Alignment\2017\03\31\13.38.40 000\Head4.jpg
2017.03.31 13:38:41 855,TFT_SIDE5.46,90,OK,0.0014,-0.0046,-0.0061,-0.001,0,0,True,639.625950297279,479.44647621705,.\Image\Alignment\2017\03\31\13.38.41 855\Head1.jpg,True,641.215129529564,482.633598967359,.\Image\Alignment\2017\03\31\13.38.41 855\Head2.jpg,True,641.63439426997,482.718740032655,.\Image\Alignment\2017\03\31\13.38.41 855\Head3.jpg,True,640.270659930667,479.527734277688,.\Image\Alignment\2017\03\31\13.38.41 855\Head4.jpg
2017.03.31 13:44:13 817,TFT_SIDE5.46,0,RETRY,-0.7324,-0.5079,-0.6524,-0.5733,0.5285,0.03628,True,899.755806502019,673.616402235455,.\Image\Alignment\2017\03\31\13.44.13 817\Head1.jpg,True,841.097782391302,644.907693497382,.\Image\Alignment\2017\03\31\13.44.13 817\Head2.jpg,True,878.855026884706,609.579827244566,.\Image\Alignment\2017\03\31\13.44.13 817\Head3.jpg,True,855.984020199242,568.885246299984,.\Image\Alignment\2017\03\31\13.44.13 817\Head4.jpg
2017.03.31 13:44:15 657,TFT_SIDE5.46,0,RETRY,-0.0072,-0.0193,-0.0168,-0.0066,0.0017,-0.0013,True,639.628575616364,478.579653122973,.\Image\Alignment\2017\03\31\13.44.15 657\Head1.jpg,True,642.151336307283,482.649454011941,.\Image\Alignment\2017\03\31\13.44.15 657\Head2.jpg,True,641.479724145897,484.284311594005,.\Image\Alignment\2017\03\31\13.44.15 657\Head3.jpg,True,639.462376773685,482.343515493826,.\Image\Alignment\2017\03\31\13.44.15 657\Head4.jpg
2017.03.31 13:44:17 361,TFT_SIDE5.46,0,OK,0.0018,0.0015,0.002,0.0014,0,0,True,639.520022167433,480.283029071686,.\Image\Alignment\2017\03\31\13.44.17 361\Head1.jpg,True,639.608054383112,482.877852566586,.\Image\Alignment\2017\03\31\13.44.17 361\Head2.jpg,True,639.468625746256,483.682536034,.\Image\Alignment\2017\03\31\13.44.17 361\Head3.jpg,True,639.636671169282,480.265537561885,.\Image\Alignment\2017\03\31\13.44.17 361\Head4.jpg
2017.03.31 13:44:35 913,TFT_SIDE5.46,90,RETRY,-0.7505,-0.62,-0.7584,-0.5905,0.0873,0.02551,True,877.47918174851,545.922973139309,.\Image\Alignment\2017\03\31\13.44.35 913\Head1.jpg,True,820.926682536877,521.90347094797,.\Image\Alignment\2017\03\31\13.44.35 913\Head2.jpg,True,857.463052778879,507.822142196319,.\Image\Alignment\2017\03\31\13.44.35 913\Head3.jpg,True,834.08620713957,475.012822105268,.\Image\Alignment\2017\03\31\13.44.35 913\Head4.jpg
2017.03.31 13:44:37 710,TFT_SIDE5.46,90,RETRY,-0.0115,0.0745,0.0748,-0.0115,0.0626,-0.00199,True,640.190481971382,493.388986169585,.\Image\Alignment\2017\03\31\13.44.37 710\Head1.jpg,True,618.838254340643,498.897679897143,.\Image\Alignment\2017\03\31\13.44.37 710\Head2.jpg,True,618.692374887987,500.073598481236,.\Image\Alignment\2017\03\31\13.44.37 710\Head3.jpg,True,640.104302171685,498.92088617174,.\Image\Alignment\2017\03\31\13.44.37 710\Head4.jpg
2017.03.31 13:44:39 566,TFT_SIDE5.46,90,RETRY,0.0034,-0.0057,-0.0052,0.0021,-0.0047,0.00023,True,639.414139860086,479.131984294254,.\Image\Alignment\2017\03\31\13.44.39 566\Head1.jpg,True,641.47708219376,482.310862692573,.\Image\Alignment\2017\03\31\13.44.39 566\Head2.jpg,True,641.330653488554,482.359838497027,.\Image\Alignment\2017\03\31\13.44.39 566\Head3.jpg,True,639.7818629208,478.492838780028,.\Image\Alignment\2017\03\31\13.44.39 566\Head4.jpg
2017.03.31 13:44:41 378,TFT_SIDE5.46,90,OK,-0.0033,0.0023,0.0005,-0.0001,0,0,True,640.892110651748,480.166528388611,.\Image\Alignment\2017\03\31\13.44.41 378\Head1.jpg,True,639.390765802363,483.494349794112,.\Image\Alignment\2017\03\31\13.44.41 378\Head2.jpg,True,639.873461978442,483.620709920093,.\Image\Alignment\2017\03\31\13.44.41 378\Head3.jpg,True,640.016875688171,480.163219976529,.\Image\Alignment\2017\03\31\13.44.41 378\Head4.jpg
2017.03.31 13:54:59 313,TFT_SIDE5.46,0,RETRY,-0.781,-0.67,-0.812,-0.6248,0.4378,0.0287,True,899.36411627582,638.405415853906,.\Image\Alignment\2017\03\31\13.54.59 313\Head1.jpg,True,841.843054201323,618.69967204159,.\Image\Alignment\2017\03\31\13.54.59 313\Head2.jpg,True,878.953458702965,606.512879366902,.\Image\Alignment\2017\03\31\13.54.59 313\Head3.jpg,True,856.454425487833,555.751790269765,.\Image\Alignment\2017\03\31\13.54.59 313\Head4.jpg
2017.03.31 13:55:01 195,TFT_SIDE5.46,0,RETRY,-0.0361,0.06,0.0585,-0.0329,0.0368,-0.00592,True,639.199841042918,481.275527852066,.\Image\Alignment\2017\03\31\13.55.01 195\Head1.jpg,True,612.173216549404,489.36424003556,.\Image\Alignment\2017\03\31\13.55.01 195\Head2.jpg,True,612.528333779864,495.779749071465,.\Image\Alignment\2017\03\31\13.55.01 195\Head3.jpg,True,638.270798940418,498.387591284116,.\Image\Alignment\2017\03\31\13.55.01 195\Head4.jpg
2017.03.31 13:55:03 035,TFT_SIDE5.46,0,RETRY,0.0008,0.0012,0.0006,0.0013,-0.0005,0.00017,True,640.105219475172,480.117231280593,.\Image\Alignment\2017\03\31\13.55.03 035\Head1.jpg,True,638.872790842082,482.590640669608,.\Image\Alignment\2017\03\31\13.55.03 035\Head2.jpg,True,639.031747440948,483.024750627676,.\Image\Alignment\2017\03\31\13.55.03 035\Head3.jpg,True,639.961763997123,479.614228854306,.\Image\Alignment\2017\03\31\13.55.03 035\Head4.jpg
2017.03.31 13:55:04 766,TFT_SIDE5.46,0,OK,-0.0003,0.0072,0.0057,-0.0003,0,0,True,640.077154911753,480.067679411403,.\Image\Alignment\2017\03\31\13.55.04 766\Head1.jpg,True,638.071604062613,482.299164211521,.\Image\Alignment\2017\03\31\13.55.04 766\Head2.jpg,True,638.491752960893,483.363120038317,.\Image\Alignment\2017\03\31\13.55.04 766\Head3.jpg,True,640.092943553887,479.953390152419,.\Image\Alignment\2017\03\31\13.55.04 766\Head4.jpg
2017.03.31 13:55:23 313,TFT_SIDE5.46,90,RETRY,-0.7008,-0.5309,-0.6709,-0.5403,0.0323,0.01264,True,845.504451948641,509.653540064223,.\Image\Alignment\2017\03\31\13.55.23 313\Head1.jpg,True,788.041147211222,500.148827309587,.\Image\Alignment\2017\03\31\13.55.23 313\Head2.jpg,True,825.046531558202,494.398581688447,.\Image\Alignment\2017\03\31\13.55.23 313\Head3.jpg,True,802.11435282526,474.884246084453,.\Image\Alignment\2017\03\31\13.55.23 313\Head4.jpg
2017.03.31 13:55:25 194,TFT_SIDE5.46,90,RETRY,-0.0074,0.0397,0.041,-0.0061,0.0362,-0.00148,True,639.831274892446,487.185510357321,.\Image\Alignment\2017\03\31\13.55.25 194\Head1.jpg,True,628.391248827812,491.88169733809,.\Image\Alignment\2017\03\31\13.55.25 194\Head2.jpg,True,628.011162444456,492.816510272719,.\Image\Alignment\2017\03\31\13.55.25 194\Head3.jpg,True,639.438982377745,491.314336534665,.\Image\Alignment\2017\03\31\13.55.25 194\Head4.jpg
2017.03.31 13:55:27 007,TFT_SIDE5.46,90,OK,0.0029,-0.0016,-0.0046,-0.0006,0,0,True,639.220328554896,479.049414573128,.\Image\Alignment\2017\03\31\13.55.27 007\Head1.jpg,True,640.413676232021,482.249190618571,.\Image\Alignment\2017\03\31\13.55.27 007\Head2.jpg,True,641.218481821066,482.323105669,.\Image\Alignment\2017\03\31\13.55.27 007\Head3.jpg,True,640.165050622129,478.983350736659,.\Image\Alignment\2017\03\31\13.55.27 007\Head4.jpg
2017.03.31 13:58:13 040,TFT_SIDE5.46,0,RETRY,-0.8041,-0.5907,-0.7331,-0.6489,0.5001,0.02448,True,898.08731727814,648.89671835509,.\Image\Alignment\2017\03\31\13.58.13 040\Head1.jpg,True,839.563171509947,601.887698706165,.\Image\Alignment\2017\03\31\13.58.13 040\Head2.jpg,True,876.874981957341,579.420960907243,.\Image\Alignment\2017\03\31\13.58.13 040\Head3.jpg,True,855.310133161958,578.41687082117,.\Image\Alignment\2017\03\31\13.58.13 040\Head4.jpg
2017.03.31 13:58:14 949,TFT_SIDE5.46,0,RETRY,-0.0047,-0.0092,-0.011,-0.0008,-0.0045,-0.00106,True,639.377216814112,477.272811129362,.\Image\Alignment\2017\03\31\13.58.14 949\Head1.jpg,True,639.029972327478,480.93260518563,.\Image\Alignment\2017\03\31\13.58.14 949\Head2.jpg,True,639.496681810791,482.801511295086,.\Image\Alignment\2017\03\31\13.58.14 949\Head3.jpg,True,638.35110206311,480.352686091046,.\Image\Alignment\2017\03\31\13.58.14 949\Head4.jpg
2017.03.31 13:58:16 693,TFT_SIDE5.46,0,OK,-0.0017,0.0009,0.0046,-0.0028,0,0,True,640.450541453966,480.793109161937,.\Image\Alignment\2017\03\31\13.58.16 693\Head1.jpg,True,639.770705432623,483.302643943442,.\Image\Alignment\2017\03\31\13.58.16 693\Head2.jpg,True,638.763455217068,484.552594072325,.\Image\Alignment\2017\03\31\13.58.16 693\Head3.jpg,True,640.750208220813,480.658898447127,.\Image\Alignment\2017\03\31\13.58.16 693\Head4.jpg
2017.03.31 13:58:35 232,TFT_SIDE5.46,90,RETRY,-0.7199,-0.5324,-0.6738,-0.5599,0.0241,0.01353,True,851.915480995013,508.95104863846,.\Image\Alignment\2017\03\31\13.58.35 232\Head1.jpg,True,794.881403068567,502.420680480452,.\Image\Alignment\2017\03\31\13.58.35 232\Head2.jpg,True,832.270511326119,490.786855888523,.\Image\Alignment\2017\03\31\13.58.35 232\Head3.jpg,True,808.633117025154,471.712204641851,.\Image\Alignment\2017\03\31\13.58.35 232\Head4.jpg
2017.03.31 13:58:37 086,TFT_SIDE5.46,90,RETRY,-0.0086,0.0197,0.0213,-0.0079,0.0532,-0.00137,True,640.3093540997,491.913998576438,.\Image\Alignment\2017\03\31\13.58.37 086\Head1.jpg,True,633.740641734691,496.412887785809,.\Image\Alignment\2017\03\31\13.58.37 086\Head2.jpg,True,633.249601389483,497.339741320643,.\Image\Alignment\2017\03\31\13.58.37 086\Head3.jpg,True,640.04180418147,495.728454537809,.\Image\Alignment\2017\03\31\13.58.37 086\Head4.jpg
2017.03.31 13:58:38 845,TFT_SIDE5.46,90,OK,0.0017,-0.0034,-0.0032,0.0013,0,0,True,639.546812213164,479.114259571058,.\Image\Alignment\2017\03\31\13.58.38 845\Head1.jpg,True,640.907053810593,482.374145219531,.\Image\Alignment\2017\03\31\13.58.38 845\Head2.jpg,True,640.846413216211,482.460824119876,.\Image\Alignment\2017\03\31\13.58.38 845\Head3.jpg,True,639.653815082397,479.168075933402,.\Image\Alignment\2017\03\31\13.58.38 845\Head4.jpg
2017.03.31 14:01:47 963,TFT_SIDE5.46,0,RETRY,-0.878,-0.7182,-0.8639,-0.7209,0.4707,0.01644,True,903.604110730463,629.35857452914,.\Image\Alignment\2017\03\31\14.01.47 963\Head1.jpg,True,845.091257759801,611.467797356249,.\Image\Alignment\2017\03\31\14.01.47 963\Head2.jpg,True,883.173804475493,604.521798359514,.\Image\Alignment\2017\03\31\14.01.47 963\Head3.jpg,True,860.32638995833,582.28395608998,.\Image\Alignment\2017\03\31\14.01.47 963\Head4.jpg
2017.03.31 14:01:49 803,TFT_SIDE5.46,0,RETRY,-0.0078,0.0383,0.0416,-0.0064,-0.0049,-0.00138,True,639.646992439291,476.709550640958,.\Image\Alignment\2017\03\31\14.01.49 803\Head1.jpg,True,625.543336663982,480.412775522938,.\Image\Alignment\2017\03\31\14.01.49 803\Head2.jpg,True,624.664643035088,482.7055496937,.\Image\Alignment\2017\03\31\14.01.49 803\Head3.jpg,True,639.272761006257,480.712042594632,.\Image\Alignment\2017\03\31\14.01.49 803\Head4.jpg
2017.03.31 14:01:51 642,TFT_SIDE5.46,0,OK,-0.0006,0.0076,0.0054,-0.001,0,0,True,640.15078882641,480.177079207321,.\Image\Alignment\2017\03\31\14.01.51 642\Head1.jpg,True,637.971119291431,482.712654511628,.\Image\Alignment\2017\03\31\14.01.51 642\Head2.jpg,True,638.565935266102,483.383448105679,.\Image\Alignment\2017\03\31\14.01.51 642\Head3.jpg,True,640.265435227969,480.145338610313,.\Image\Alignment\2017\03\31\14.01.51 642\Head4.jpg
2017.03.31 14:02:10 185,TFT_SIDE5.46,90,RETRY,-0.6729,-0.4723,-0.6103,-0.5151,-0.0512,0.00683,True,829.625064151539,477.636312368321,.\Image\Alignment\2017\03\31\14.02.10 185\Head1.jpg,True,773.835256407547,482.323136628234,.\Image\Alignment\2017\03\31\14.02.10 185\Head2.jpg,True,810.374338192579,475.280332788687,.\Image\Alignment\2017\03\31\14.02.10 185\Head3.jpg,True,787.069232056769,459.232078168694,.\Image\Alignment\2017\03\31\14.02.10 185\Head4.jpg
2017.03.31 14:02:12 053,TFT_SIDE5.46,90,RETRY,-0.0222,0.0003,-0.0023,-0.0209,0.056,-0.00379,True,640.437308009013,488.609313270126,.\Image\Alignment\2017\03\31\14.02.12 053\Head1.jpg,True,637.279991818018,496.004074873145,.\Image\Alignment\2017\03\31\14.02.12 053\Head2.jpg,True,637.911676911869,498.409738816957,.\Image\Alignment\2017\03\31\14.02.12 053\Head3.jpg,True,639.978625713829,499.233236960544,.\Image\Alignment\2017\03\31\14.02.12 053\Head4.jpg
2017.03.31 14:02:13 933,TFT_SIDE5.46,90,RETRY,0.0024,-0.0123,-0.0109,0.0017,-0.0085,0.00039,True,639.929709676315,478.386531395197,.\Image\Alignment\2017\03\31\14.02.13 933\Head1.jpg,True,643.386729241015,481.233125488438,.\Image\Alignment\2017\03\31\14.02.13 933\Head2.jpg,True,642.999814679932,481.133370193516,.\Image\Alignment\2017\03\31\14.02.13 933\Head3.jpg,True,640.12113215908,477.307449545584,.\Image\Alignment\2017\03\31\14.02.13 933\Head4.jpg
2017.03.31 14:02:15 679,TFT_SIDE5.46,90,RETRY,-0.0012,0.002,0.0012,-0.0005,0.0015,0.00012,True,640.508301406564,480.61239063157,.\Image\Alignment\2017\03\31\14.02.15 679\Head1.jpg,True,639.433525662475,483.710909559179,.\Image\Alignment\2017\03\31\14.02.15 679\Head2.jpg,True,639.614174441522,483.75187419155,.\Image\Alignment\2017\03\31\14.02.15 679\Head3.jpg,True,640.301431311658,480.265986374803,.\Image\Alignment\2017\03\31\14.02.15 679\Head4.jpg
2017.03.31 14:02:17 559,TFT_SIDE5.46,90,RETRY,0.0002,0.0003,-0.0001,-0.0003,0.0006,-0.00016,True,639.729795383267,479.897973363199,.\Image\Alignment\2017\03\31\14.02.17 559\Head1.jpg,True,639.8254472612,483.343269587974,.\Image\Alignment\2017\03\31\14.02.17 559\Head2.jpg,True,639.92205395231,483.433632557709,.\Image\Alignment\2017\03\31\14.02.17 559\Head3.jpg,True,639.850918328938,480.341649408935,.\Image\Alignment\2017\03\31\14.02.17 559\Head4.jpg
2017.03.31 14:02:19 236,TFT_SIDE5.46,90,OK,0.0002,-0.0002,-0.0001,0.0002,0,0,True,639.94372875197,479.993337272882,.\Image\Alignment\2017\03\31\14.02.19 236\Head1.jpg,True,640.05768636003,483.10913885105,.\Image\Alignment\2017\03\31\14.02.19 236\Head2.jpg,True,640.023650181176,483.347345428557,.\Image\Alignment\2017\03\31\14.02.19 236\Head3.jpg,True,639.951500002974,479.896101426323,.\Image\Alignment\2017\03\31\14.02.19 236\Head4.jpg
2017.03.31 14:05:28 624,TFT_SIDE5.46,0,RETRY,-0.8357,-0.6995,-0.8437,-0.6774,0.5363,0.02133,True,900.957830676846,653.976669274816,.\Image\Alignment\2017\03\31\14.05.28 624\Head1.jpg,True,842.210492851093,629.068633265988,.\Image\Alignment\2017\03\31\14.05.28 624\Head2.jpg,True,879.835819307064,620.977373590949,.\Image\Alignment\2017\03\31\14.05.28 624\Head3.jpg,True,857.309164339943,592.613032823813,.\Image\Alignment\2017\03\31\14.05.28 624\Head4.jpg
2017.03.31 14:05:30 518,TFT_SIDE5.46,0,RETRY,-0.0174,0.0557,0.058,-0.0156,-0.0113,-0.00278,True,639.719234623489,472.970639915852,.\Image\Alignment\2017\03\31\14.05.30 518\Head1.jpg,True,619.072901186862,478.086163784725,.\Image\Alignment\2017\03\31\14.05.30 518\Head2.jpg,True,618.485186009798,481.359493457928,.\Image\Alignment\2017\03\31\14.05.30 518\Head3.jpg,True,639.250251622853,481.05027150384,.\Image\Alignment\2017\03\31\14.05.30 518\Head4.jpg
2017.03.31 14:05:32 278,TFT_SIDE5.46,0,RETRY,0.001,-0.0018,-0.0033,0.0007,0.0009,0.00048,True,640.579184018327,480.948779659455,.\Image\Alignment\2017\03\31\14.05.32 278\Head1.jpg,True,639.460390315466,482.93234515812,.\Image\Alignment\2017\03\31\14.05.32 278\Head2.jpg,True,639.841335513126,483.487249744997,.\Image\Alignment\2017\03\31\14.05.32 278\Head3.jpg,True,640.651626973559,479.553134717932,.\Image\Alignment\2017\03\31\14.05.32 278\Head4.jpg
2017.03.31 14:05:34 009,TFT_SIDE5.46,0,RETRY,-0.0008,-0.0007,0.0029,-0.0005,0.0006,-0.00024,True,639.781563235623,479.80424072056,.\Image\Alignment\2017\03\31\14.05.34 009\Head1.jpg,True,638.054602975772,482.421938347115,.\Image\Alignment\2017\03\31\14.05.34 009\Head2.jpg,True,637.072511655736,483.579426259428,.\Image\Alignment\2017\03\31\14.05.34 009\Head3.jpg,True,639.709632197174,480.508344961192,.\Image\Alignment\2017\03\31\14.05.34 009\Head4.jpg
2017.03.31 14:05:35 699,TFT_SIDE5.46,0,OK,-0.0007,0.0064,0.0058,-0.0006,0,0,True,640.184240232833,479.80034073846,.\Image\Alignment\2017\03\31\14.05.35 699\Head1.jpg,True,638.284570189601,482.225575234243,.\Image\Alignment\2017\03\31\14.05.35 699\Head2.jpg,True,638.460345601936,483.120736627853,.\Image\Alignment\2017\03\31\14.05.35 699\Head3.jpg,True,640.165737294106,479.87103498545,.\Image\Alignment\2017\03\31\14.05.35 699\Head4.jpg
2017.03.31 14:05:54 246,TFT_SIDE5.46,90,RETRY,-0.7484,-0.5681,-0.7072,-0.586,0.0102,0.00856,True,852.306413543275,496.923823772625,.\Image\Alignment\2017\03\31\14.05.54 246\Head1.jpg,True,795.674013580631,491.148962879386,.\Image\Alignment\2017\03\31\14.05.54 246\Head2.jpg,True,832.474849666629,487.475048857947,.\Image\Alignment\2017\03\31\14.05.54 246\Head3.jpg,True,808.368364810211,473.695123146405,.\Image\Alignment\2017\03\31\14.05.54 246\Head4.jpg
2017.03.31 14:05:56 113,TFT_SIDE5.46,90,RETRY,-0.0053,0.0289,0.0288,-0.0086,0.0238,-0.00146,True,639.302731396876,483.910163717346,.\Image\Alignment\2017\03\31\14.05.56 113\Head1.jpg,True,631.222694147815,488.604669158395,.\Image\Alignment\2017\03\31\14.05.56 113\Head2.jpg,True,631.238445787105,489.571578966055,.\Image\Alignment\2017\03\31\14.05.56 113\Head3.jpg,True,640.149994439002,487.986241392868,.\Image\Alignment\2017\03\31\14.05.56 113\Head4.jpg
2017.03.31 14:05:57 967,TFT_SIDE5.46,90,RETRY,0.0008,-0.0026,-0.0046,0.0011,-0.0042,0.00014,True,639.975860965026,479.120575877495,.\Image\Alignment\2017\03\31\14.05.57 967\Head1.jpg,True,640.573834134262,482.270563918104,.\Image\Alignment\2017\03\31\14.05.57 967\Head2.jpg,True,641.09792471193,482.371015785696,.\Image\Alignment\2017\03\31\14.05.57 967\Head3.jpg,True,639.909343753321,478.733436038633,.\Image\Alignment\2017\03\31\14.05.57 967\Head4.jpg
2017.03.31 14:05:59 725,TFT_SIDE5.46,90,RETRY,-0.0009,-0.0029,0,0.0001,0.0003,0.00013,True,640.428323152999,480.284924124809,.\Image\Alignment\2017\03\31\14.05.59 725\Head1.jpg,True,640.498760785678,483.247866138593,.\Image\Alignment\2017\03\31\14.05.59 725\Head2.jpg,True,639.716270005413,483.501455992481,.\Image\Alignment\2017\03\31\14.05.59 725\Head3.jpg,True,640.165634337493,479.930351279705,.\Image\Alignment\2017\03\31\14.05.59 725\Head4.jpg
2017.03.31 14:06:01 415,TFT_SIDE5.46,90,OK,-0.0008,0.0028,0.0018,-0.0004,0,0,True,640.224642910969,480.087461831641,.\Image\Alignment\2017\03\31\14.06.01 415\Head1.jpg,True,639.266593462492,483.400616885912,.\Image\Alignment\2017\03\31\14.06.01 415\Head2.jpg,True,639.52914465125,483.577550066224,.\Image\Alignment\2017\03\31\14.06.01 415\Head3.jpg,True,640.109602575665,480.261274888683,.\Image\Alignment\2017\03\31\14.06.01 415\Head4.jpg
2017.03.31 14:08:33 209,TFT_SIDE5.46,0,RETRY,-0.7896,-0.5422,-0.6853,-0.6319,0.5597,0.0299,True,903.767825120838,672.689327629126,.\Image\Alignment\2017\03\31\14.08.33 209\Head1.jpg,True,845.396732442215,651.486208236959,.\Image\Alignment\2017\03\31\14.08.33 209\Head2.jpg,True,882.723741089697,618.814441095575,.\Image\Alignment\2017\03\31\14.08.33 209\Head3.jpg,True,860.285742159381,586.442330146766,.\Image\Alignment\2017\03\31\14.08.33 209\Head4.jpg
2017.03.31 14:08:35 074,TFT_SIDE5.46,0,RETRY,-0.0007,-0.0357,-0.0362,0.0011,0.0008,-0.00047,True,639.358404293593,479.518245464235,.\Image\Alignment\2017\03\31\14.08.35 074\Head1.jpg,True,648.114465519133,482.898771630927,.\Image\Alignment\2017\03\31\14.08.35 074\Head2.jpg,True,648.229155714332,483.672239042899,.\Image\Alignment\2017\03\31\14.08.35 074\Head3.jpg,True,638.871361544074,480.887062254951,.\Image\Alignment\2017\03\31\14.08.35 074\Head4.jpg
2017.03.31 14:08:36 901,TFT_SIDE5.46,0,OK,-0.0004,0.001,0.0031,0.0012,0,0,True,640.100681737708,480.786178091416,.\Image\Alignment\2017\03\31\14.08.36 901\Head1.jpg,True,639.732237631017,482.683588544062,.\Image\Alignment\2017\03\31\14.08.36 901\Head2.jpg,True,639.162941836714,483.976000338158,.\Image\Alignment\2017\03\31\14.08.36 901\Head3.jpg,True,639.668605186952,480.785608830273,.\Image\Alignment\2017\03\31\14.08.36 901\Head4.jpg
2017.03.31 14:08:55 477,TFT_SIDE5.46,90,RETRY,-0.7816,-0.6386,-0.7792,-0.622,0.0495,0.01992,True,877.689542338846,526.457409702554,.\Image\Alignment\2017\03\31\14.08.55 477\Head1.jpg,True,820.93662394441,507.43698925759,.\Image\Alignment\2017\03\31\14.08.55 477\Head2.jpg,True,858.072051604828,497.891529963287,.\Image\Alignment\2017\03\31\14.08.55 477\Head3.jpg,True,834.385867362148,471.326312714004,.\Image\Alignment\2017\03\31\14.08.55 477\Head4.jpg
2017.03.31 14:08:57 345,TFT_SIDE5.46,90,RETRY,-0.0112,0.065,0.0634,-0.01,0.0454,-0.00159,True,640.68894111339,489.455506335205,.\Image\Alignment\2017\03\31\14.08.57 345\Head1.jpg,True,621.801837742023,494.871268662917,.\Image\Alignment\2017\03\31\14.08.57 345\Head2.jpg,True,622.191794281628,495.65469929246,.\Image\Alignment\2017\03\31\14.08.57 345\Head3.jpg,True,640.291661443261,493.889415024959,.\Image\Alignment\2017\03\31\14.08.57 345\Head4.jpg
2017.03.31 14:08:59 090,TFT_SIDE5.46,90,RETRY,0.0022,-0.0079,-0.004,0.002,-0.0027,0.00015,True,639.62502608207,479.536975990262,.\Image\Alignment\2017\03\31\14.08.59 090\Head1.jpg,True,642.167471266258,482.845719216985,.\Image\Alignment\2017\03\31\14.08.59 090\Head2.jpg,True,641.114167832677,482.790599780417,.\Image\Alignment\2017\03\31\14.08.59 090\Head3.jpg,True,639.677333425181,479.115206624431,.\Image\Alignment\2017\03\31\14.08.59 090\Head4.jpg
2017.03.31 14:09:00 848,TFT_SIDE5.46,90,OK,-0.001,0.0024,0.0005,-0.0013,0,0,True,640.269044026723,480.565753073198,.\Image\Alignment\2017\03\31\14.09.00 848\Head1.jpg,True,639.359092339025,483.80699230381,.\Image\Alignment\2017\03\31\14.09.00 848\Head2.jpg,True,639.872786735758,483.962280905529,.\Image\Alignment\2017\03\31\14.09.00 848\Head3.jpg,True,640.343759731482,480.336688301099,.\Image\Alignment\2017\03\31\14.09.00 848\Head4.jpg
2017.03.31 14:12:03 691,TFT_SIDE5.46,0,RETRY,-0.7529,-0.7424,-0.8851,-0.5974,0.5981,0.03305,True,899.527792960266,687.518060768451,.\Image\Alignment\2017\03\31\14.12.03 691\Head1.jpg,True,841.913673344909,629.383049166701,.\Image\Alignment\2017\03\31\14.12.03 691\Head2.jpg,True,879.125710134473,627.685176857668,.\Image\Alignment\2017\03\31\14.12.03 691\Head3.jpg,True,856.599073375392,592.062555247769,.\Image\Alignment\2017\03\31\14.12.03 691\Head4.jpg
2017.03.31 14:12:05 583,TFT_SIDE5.46,0,RETRY,-0.004,0.1929,0.1939,-0.0029,-0.0093,-0.00091,True,639.453973924917,476.207669227758,.\Image\Alignment\2017\03\31\14.12.05 583\Head1.jpg,True,586.316396255915,479.806705751876,.\Image\Alignment\2017\03\31\14.12.05 583\Head2.jpg,True,586.088412871801,480.948852326157,.\Image\Alignment\2017\03\31\14.12.05 583\Head3.jpg,True,639.167807471928,478.855876527922,.\Image\Alignment\2017\03\31\14.12.05 583\Head4.jpg
2017.03.31 14:12:07 286,TFT_SIDE5.46,0,OK,0.002,0.0046,0.0035,0.0017,0,0,True,639.466710551199,480.091256698208,.\Image\Alignment\2017\03\31\14.12.07 286\Head1.jpg,True,638.764800278269,482.529751066885,.\Image\Alignment\2017\03\31\14.12.07 286\Head2.jpg,True,639.071771345367,483.368433038178,.\Image\Alignment\2017\03\31\14.12.07 286\Head3.jpg,True,639.559510994632,480.150858608813,.\Image\Alignment\2017\03\31\14.12.07 286\Head4.jpg
2017.03.31 14:12:25 792,TFT_SIDE5.46,90,RETRY,-0.833,-0.6204,-0.7588,-0.6741,0.0598,0.01782,True,888.361656926917,525.670100628904,.\Image\Alignment\2017\03\31\14.12.25 792\Head1.jpg,True,831.793810748631,517.186803206472,.\Image\Alignment\2017\03\31\14.12.25 792\Head2.jpg,True,868.335782869663,493.302241325706,.\Image\Alignment\2017\03\31\14.12.25 792\Head3.jpg,True,845.193835830592,476.487157922253,.\Image\Alignment\2017\03\31\14.12.25 792\Head4.jpg
2017.03.31 14:12:27 631,TFT_SIDE5.46,90,RETRY,0.0155,0.004,0.0053,0.0139,0.0608,0.00297,True,640.189197398155,501.19542745004,.\Image\Alignment\2017\03\31\14.12.27 631\Head1.jpg,True,640.902328902062,501.103568016391,.\Image\Alignment\2017\03\31\14.12.27 631\Head2.jpg,True,640.470205444382,499.311082427813,.\Image\Alignment\2017\03\31\14.12.27 631\Head3.jpg,True,640.54241345793,492.769601837034,.\Image\Alignment\2017\03\31\14.12.27 631\Head4.jpg
2017.03.31 14:12:29 457,TFT_SIDE5.46,90,OK,-0.0015,0.0092,0.0083,-0.0018,0,0,True,640.407105635746,481.402515255711,.\Image\Alignment\2017\03\31\14.12.29 457\Head1.jpg,True,637.545817961467,484.863457078347,.\Image\Alignment\2017\03\31\14.12.29 457\Head2.jpg,True,637.784952179571,484.723405429509,.\Image\Alignment\2017\03\31\14.12.29 457\Head3.jpg,True,640.476133704221,481.520653604726,.\Image\Alignment\2017\03\31\14.12.29 457\Head4.jpg
2017.03.31 14:15:22 530,TFT_SIDE5.46,0,RETRY,-0.8324,-0.6624,-0.8067,-0.6774,0.5493,0.02086,True,899.244878493153,656.760219584328,.\Image\Alignment\2017\03\31\14.15.22 530\Head1.jpg,True,841.02680597303,631.964578466526,.\Image\Alignment\2017\03\31\14.15.22 530\Head2.jpg,True,878.671292899824,619.130548819156,.\Image\Alignment\2017\03\31\14.15.22 530\Head3.jpg,True,856.464409283428,596.73958329916,.\Image\Alignment\2017\03\31\14.15.22 530\Head4.jpg
2017.03.31 14:15:24 397,TFT_SIDE5.46,0,RETRY,-0.0119,0.0222,0.0243,-0.0103,-0.012,-0.00232,True,639.060958701668,473.437208688964,.\Image\Alignment\2017\03\31\14.15.24 397\Head1.jpg,True,628.269715451097,478.161347633071,.\Image\Alignment\2017\03\31\14.15.24 397\Head2.jpg,True,627.710563843832,481.317932374557,.\Image\Alignment\2017\03\31\14.15.24 397\Head3.jpg,True,638.658615123922,480.184077985307,.\Image\Alignment\2017\03\31\14.15.24 397\Head4.jpg
2017.03.31 14:15:26 156,TFT_SIDE5.46,0,RETRY,0,-0.0007,-0.0002,0,0.0006,0.0002,True,640.348425432515,480.455212266535,.\Image\Alignment\2017\03\31\14.15.26 156\Head1.jpg,True,638.699127556549,482.692475405916,.\Image\Alignment\2017\03\31\14.15.26 156\Head2.jpg,True,638.557080583217,483.49700624814,.\Image\Alignment\2017\03\31\14.15.26 156\Head3.jpg,True,640.336150424704,479.88913889567,.\Image\Alignment\2017\03\31\14.15.26 156\Head4.jpg
2017.03.31 14:15:27 970,TFT_SIDE5.46,0,OK,0.0002,0.0078,0.0066,0.0004,0,0,True,639.952079217505,479.619819668165,.\Image\Alignment\2017\03\31\14.15.27 970\Head1.jpg,True,637.926322483757,482.201206108621,.\Image\Alignment\2017\03\31\14.15.27 970\Head2.jpg,True,638.246837352013,483.203090311944,.\Image\Alignment\2017\03\31\14.15.27 970\Head3.jpg,True,639.885756526327,479.851713741288,.\Image\Alignment\2017\03\31\14.15.27 970\Head4.jpg
2017.03.31 14:15:46 547,TFT_SIDE5.46,90,RETRY,-0.7611,-0.5852,-0.7228,-0.6033,0.0175,0.00771,True,854.464850318723,497.451599660973,.\Image\Alignment\2017\03\31\14.15.46 547\Head1.jpg,True,798.52863586647,490.955525704974,.\Image\Alignment\2017\03\31\14.15.46 547\Head2.jpg,True,834.933479829602,488.838639558503,.\Image\Alignment\2017\03\31\14.15.46 547\Head3.jpg,True,811.742433630306,476.612488162868,.\Image\Alignment\2017\03\31\14.15.46 547\Head4.jpg
2017.03.31 14:15:48 402,TFT_SIDE5.46,90,RETRY,-0.0049,0.0335,0.0301,-0.0046,0.0215,-0.00095,True,639.935684214745,484.14581877885,.\Image\Alignment\2017\03\31\14.15.48 402\Head1.jpg,True,630.351059246571,488.265341730048,.\Image\Alignment\2017\03\31\14.15.48 402\Head2.jpg,True,631.220588867503,488.921826486724,.\Image\Alignment\2017\03\31\14.15.48 402\Head3.jpg,True,639.812752033649,486.789125651796,.\Image\Alignment\2017\03\31\14.15.48 402\Head4.jpg
2017.03.31 14:15:50 243,TFT_SIDE5.46,90,OK,-0.0003,-0.0048,-0.003,0.0004,0,0,True,640.088233207775,479.3606477491,.\Image\Alignment\2017\03\31\14.15.50 243\Head1.jpg,True,641.276198348549,482.681843280555,.\Image\Alignment\2017\03\31\14.15.50 243\Head2.jpg,True,640.79837376979,482.622210774271,.\Image\Alignment\2017\03\31\14.15.50 243\Head3.jpg,True,639.889046700136,479.39796841261,.\Image\Alignment\2017\03\31\14.15.50 243\Head4.jpg
2017.03.31 14:28:59 910,TFT_SIDE5.46,0,RETRY,-0.8054,-0.5488,-0.6929,-0.6503,0.5039,0.02592,True,900.958541877783,651.997498281198,.\Image\Alignment\2017\03\31\14.28.59 910\Head1.jpg,True,842.761330535785,636.570826152518,.\Image\Alignment\2017\03\31\14.28.59 910\Head2.jpg,True,880.433741824816,606.28084224945,.\Image\Alignment\2017\03\31\14.28.59 910\Head3.jpg,True,858.216246194547,577.35750221624,.\Image\Alignment\2017\03\31\14.28.59 910\Head4.jpg
2017.03.31 14:29:01 754,TFT_SIDE5.46,0,RETRY,-0.0027,-0.05,-0.0497,0.0024,0.0034,-0.00076,True,639.372420139155,479.811240002023,.\Image\Alignment\2017\03\31\14.29.01 754\Head1.jpg,True,650.5853564104,483.204528426721,.\Image\Alignment\2017\03\31\14.29.01 754\Head2.jpg,True,650.49626355902,484.713284787095,.\Image\Alignment\2017\03\31\14.29.01 754\Head3.jpg,True,638.012315209438,482.000700226813,.\Image\Alignment\2017\03\31\14.29.01 754\Head4.jpg
2017.03.31 14:29:03 482,TFT_SIDE5.46,0,OK,0.0017,0.005,0.0064,0.0001,0,0,True,639.552148119439,480.10316951627,.\Image\Alignment\2017\03\31\14.29.03 482\Head1.jpg,True,638.65832747079,482.696190965463,.\Image\Alignment\2017\03\31\14.29.03 482\Head2.jpg,True,638.298339436784,483.550128487291,.\Image\Alignment\2017\03\31\14.29.03 482\Head3.jpg,True,639.970895561079,479.902456098277,.\Image\Alignment\2017\03\31\14.29.03 482\Head4.jpg
2017.03.31 14:29:21 952,TFT_SIDE5.46,90,RETRY,-0.7187,-0.5799,-0.72,-0.5587,0.0335,0.0172,True,856.9142464021,517.624649578822,.\Image\Alignment\2017\03\31\14.29.21 952\Head1.jpg,True,800.692958763625,501.489792779742,.\Image\Alignment\2017\03\31\14.29.21 952\Head2.jpg,True,837.701589179968,496.13017719229,.\Image\Alignment\2017\03\31\14.29.21 952\Head3.jpg,True,813.611918606679,470.072853650692,.\Image\Alignment\2017\03\31\14.29.21 952\Head4.jpg
2017.03.31 14:29:23 792,TFT_SIDE5.46,90,RETRY,-0.0186,0.0621,0.0642,-0.0201,0.0501,-0.00323,True,640.288176289321,487.984873332623,.\Image\Alignment\2017\03\31\14.29.23 792\Head1.jpg,True,621.546102796511,494.928688690265,.\Image\Alignment\2017\03\31\14.29.23 792\Head2.jpg,True,620.93927503887,496.655363388602,.\Image\Alignment\2017\03\31\14.29.23 792\Head3.jpg,True,640.612441684081,497.015022429127,.\Image\Alignment\2017\03\31\14.29.23 792\Head4.jpg
2017.03.31 14:29:25 577,TFT_SIDE5.46,90,RETRY,0.0033,-0.0094,-0.0107,0.0042,-0.0069,0.00027,True,639.509633791443,478.610348366845,.\Image\Alignment\2017\03\31\14.29.25 577\Head1.jpg,True,642.355136063974,481.524104130031,.\Image\Alignment\2017\03\31\14.29.25 577\Head2.jpg,True,642.681649422974,481.667858950323,.\Image\Alignment\2017\03\31\14.29.25 577\Head3.jpg,True,639.295121927375,477.849559915151,.\Image\Alignment\2017\03\31\14.29.25 577\Head4.jpg
2017.03.31 14:29:27 404,TFT_SIDE5.46,90,OK,-0.001,0.0026,0.0021,-0.0017,0,0,True,640.254759651678,480.329940617758,.\Image\Alignment\2017\03\31\14.29.27 404\Head1.jpg,True,639.298014937543,483.570186564071,.\Image\Alignment\2017\03\31\14.29.27 404\Head2.jpg,True,639.445737251047,483.603706252232,.\Image\Alignment\2017\03\31\14.29.27 404\Head3.jpg,True,640.456518082689,480.518950609799,.\Image\Alignment\2017\03\31\14.29.27 404\Head4.jpg
2017.03.31 14:32:30 468,TFT_SIDE5.46,0,RETRY,-0.7855,-0.566,-0.7095,-0.6297,0.5828,0.0258,True,895.457608536753,672.894874485753,.\Image\Alignment\2017\03\31\14.32.30 468\Head1.jpg,True,837.277715781873,649.745245278408,.\Image\Alignment\2017\03\31\14.32.30 468\Head2.jpg,True,874.700742014181,624.936993843909,.\Image\Alignment\2017\03\31\14.32.30 468\Head3.jpg,True,852.437353761831,598.47884936634,.\Image\Alignment\2017\03\31\14.32.30 468\Head4.jpg
2017.03.31 14:32:32 322,TFT_SIDE5.46,0,RETRY,0.007,-0.0041,-0.0037,0.0114,-0.0002,0.00043,True,638.884665979369,480.576140242164,.\Image\Alignment\2017\03\31\14.32.32 322\Head1.jpg,True,640.51936165087,482.838592700206,.\Image\Alignment\2017\03\31\14.32.32 322\Head2.jpg,True,640.40100076774,483.146834930745,.\Image\Alignment\2017\03\31\14.32.32 322\Head3.jpg,True,637.717522864599,479.320420423624,.\Image\Alignment\2017\03\31\14.32.32 322\Head4.jpg
2017.03.31 14:32:34 135,TFT_SIDE5.46,0,OK,-0.0005,0.0039,0.0045,-0.0019,0,0,True,640.122162234665,479.985215385556,.\Image\Alignment\2017\03\31\14.32.34 135\Head1.jpg,True,638.961358015877,482.638771632133,.\Image\Alignment\2017\03\31\14.32.34 135\Head2.jpg,True,638.787510123394,483.402816303342,.\Image\Alignment\2017\03\31\14.32.34 135\Head3.jpg,True,640.503956713263,479.708811484802,.\Image\Alignment\2017\03\31\14.32.34 135\Head4.jpg
2017.03.31 14:32:52 684,TFT_SIDE5.46,90,RETRY,-0.8021,-0.6441,-0.7839,-0.6418,0.0669,0.01674,True,878.543023609152,525.76314100476,.\Image\Alignment\2017\03\31\14.32.52 684\Head1.jpg,True,821.727265157013,511.178172623408,.\Image\Alignment\2017\03\31\14.32.52 684\Head2.jpg,True,858.640335368554,502.2387142372,.\Image\Alignment\2017\03\31\14.32.52 684\Head3.jpg,True,835.036010220031,479.572620156072,.\Image\Alignment\2017\03\31\14.32.52 684\Head4.jpg
2017.03.31 14:32:54 455,TFT_SIDE5.46,90,RETRY,-0.01,0.0474,0.0481,-0.0094,0.0429,-0.00149,True,640.507515270251,488.950334793351,.\Image\Alignment\2017\03\31\14.32.54 455\Head1.jpg,True,626.445396085683,493.734721396559,.\Image\Alignment\2017\03\31\14.32.54 455\Head2.jpg,True,626.210707136636,494.574638350555,.\Image\Alignment\2017\03\31\14.32.54 455\Head3.jpg,True,640.282746462613,493.108194779811,.\Image\Alignment\2017\03\31\14.32.54 455\Head4.jpg
2017.03.31 14:32:56 160,TFT_SIDE5.46,90,OK,0.0013,-0.0038,-0.0043,0,0,0,True,639.64009581534,479.033322236777,.\Image\Alignment\2017\03\31\14.32.56 160\Head1.jpg,True,641.003417276822,482.202051618827,.\Image\Alignment\2017\03\31\14.32.56 160\Head2.jpg,True,641.140976688678,482.207971957647,.\Image\Alignment\2017\03\31\14.32.56 160\Head3.jpg,True,640.000945972506,478.800394289986,.\Image\Alignment\2017\03\31\14.32.56 160\Head4.jpg
2017.03.31 14:35:56 320,TFT_SIDE5.46,0,RETRY,-0.8194,-0.6255,-0.767,-0.6658,0.5142,0.02324,True,899.979203998124,650.867165328491,.\Image\Alignment\2017\03\31\14.35.56 320\Head1.jpg,True,842.967760988668,629.358982330852,.\Image\Alignment\2017\03\31\14.35.56 320\Head2.jpg,True,879.925588522042,610.100486592988,.\Image\Alignment\2017\03\31\14.35.56 320\Head3.jpg,True,857.609123649277,583.973410343476,.\Image\Alignment\2017\03\31\14.35.56 320\Head4.jpg
2017.03.31 14:35:58 078,TFT_SIDE5.46,0,RETRY,-0.0015,0.009,0.0067,0.0016,-0.0166,-0.00048,True,639.554055676277,474.871379980253,.\Image\Alignment\2017\03\31\14.35.58 078\Head1.jpg,True,634.68424535047,477.578132606151,.\Image\Alignment\2017\03\31\14.35.58 078\Head2.jpg,True,635.285527989201,479.167750153445,.\Image\Alignment\2017\03\31\14.35.58 078\Head3.jpg,True,638.729114679265,476.285264114965,.\Image\Alignment\2017\03\31\14.35.58 078\Head4.jpg
2017.03.31 14:35:59 822,TFT_SIDE5.46,0,OK,-0.0001,0.0087,0.0079,-0.0005,0,0,True,640.027074034742,479.818476732133,.\Image\Alignment\2017\03\31\14.35.59 822\Head1.jpg,True,637.691995314143,482.212803020329,.\Image\Alignment\2017\03\31\14.35.59 822\Head2.jpg,True,637.881384712153,483.180412520117,.\Image\Alignment\2017\03\31\14.35.59 822\Head3.jpg,True,640.127734610441,479.840597344833,.\Image\Alignment\2017\03\31\14.35.59 822\Head4.jpg
2017.03.31 14:36:18 261,TFT_SIDE5.46,90,RETRY,-0.7213,-0.5905,-0.7317,-0.5628,0.0322,0.01244,True,850.712911143719,509.298916185227,.\Image\Alignment\2017\03\31\14.36.18 261\Head1.jpg,True,793.506823868634,489.120193110072,.\Image\Alignment\2017\03\31\14.36.18 261\Head2.jpg,True,830.844059499358,492.883615931394,.\Image\Alignment\2017\03\31\14.36.18 261\Head3.jpg,True,807.814793284701,475.101234717634,.\Image\Alignment\2017\03\31\14.36.18 261\Head4.jpg
2017.03.31 14:36:20 100,TFT_SIDE5.46,90,RETRY,-0.0059,0.0801,0.0831,-0.0052,0.0327,-0.00137,True,639.594968899483,486.42647846788,.\Image\Alignment\2017\03\31\14.36.20 100\Head1.jpg,True,618.245178077264,491.505227161004,.\Image\Alignment\2017\03\31\14.36.20 100\Head2.jpg,True,617.425354700945,491.866233820603,.\Image\Alignment\2017\03\31\14.36.20 100\Head3.jpg,True,639.368503202764,490.246695866633,.\Image\Alignment\2017\03\31\14.36.20 100\Head4.jpg
2017.03.31 14:36:21 926,TFT_SIDE5.46,90,OK,0.0015,-0.0056,-0.0056,0.0004,0,0,True,639.588791123708,479.638092003902,.\Image\Alignment\2017\03\31\14.36.21 926\Head1.jpg,True,641.495637364915,482.318992157487,.\Image\Alignment\2017\03\31\14.36.21 926\Head2.jpg,True,641.489130432403,482.798337521359,.\Image\Alignment\2017\03\31\14.36.21 926\Head3.jpg,True,639.885313636133,479.361894756652,.\Image\Alignment\2017\03\31\14.36.21 926\Head4.jpg
2017.03.31 14:39:56 758,TFT_SIDE5.46,0,RETRY,-0.8143,-0.6392,-0.7802,-0.6604,0.4926,0.02279,True,897.81146819343,644.44173001444,.\Image\Alignment\2017\03\31\14.39.56 758\Head1.jpg,True,840.839646583661,620.312037107154,.\Image\Alignment\2017\03\31\14.39.56 758\Head2.jpg,True,877.672046982825,604.20801887961,.\Image\Alignment\2017\03\31\14.39.56 758\Head3.jpg,True,855.414963199311,578.886687569483,.\Image\Alignment\2017\03\31\14.39.56 758\Head4.jpg
2017.03.31 14:39:58 598,TFT_SIDE5.46,0,RETRY,-0.0041,0.029,0.026,0.0037,-0.0086,-0.00062,True,639.986843095907,476.805989611485,.\Image\Alignment\2017\03\31\14.39.58 598\Head1.jpg,True,629.657571260961,479.695260656088,.\Image\Alignment\2017\03\31\14.39.58 598\Head2.jpg,True,630.443220787053,481.108716046463,.\Image\Alignment\2017\03\31\14.39.58 598\Head3.jpg,True,637.922795103014,478.615684326445,.\Image\Alignment\2017\03\31\14.39.58 598\Head4.jpg
2017.03.31 14:40:00 413,TFT_SIDE5.46,0,OK,0.0016,0.0039,0.0068,-0.0002,0,0,True,639.568451627386,480.116374806951,.\Image\Alignment\2017\03\31\14.40.00 413\Head1.jpg,True,638.970451295494,482.660354118258,.\Image\Alignment\2017\03\31\14.40.00 413\Head2.jpg,True,638.193774846018,483.351171118499,.\Image\Alignment\2017\03\31\14.40.00 413\Head3.jpg,True,640.060089087182,480.12868764612,.\Image\Alignment\2017\03\31\14.40.00 413\Head4.jpg
2017.03.31 14:40:19 034,TFT_SIDE5.46,90,RETRY,-0.707,-0.5361,-0.6756,-0.5485,0.0377,0.01175,True,845.899532404016,509.626653505716,.\Image\Alignment\2017\03\31\14.40.19 034\Head1.jpg,True,789.383253565455,500.075919534041,.\Image\Alignment\2017\03\31\14.40.19 034\Head2.jpg,True,826.264887381796,494.37500740014,.\Image\Alignment\2017\03\31\14.40.19 034\Head3.jpg,True,802.994745940435,477.348641140617,.\Image\Alignment\2017\03\31\14.40.19 034\Head4.jpg
2017.03.31 14:40:20 888,TFT_SIDE5.46,90,RETRY,-0.0042,0.0372,0.0375,-0.0064,0.0303,-0.00116,True,639.452969064295,486.147908083393,.\Image\Alignment\2017\03\31\14.40.20 888\Head1.jpg,True,628.950062819528,490.500344430421,.\Image\Alignment\2017\03\31\14.40.20 888\Head2.jpg,True,628.850342776701,491.522645350341,.\Image\Alignment\2017\03\31\14.40.20 888\Head3.jpg,True,639.969520625493,489.387141937749,.\Image\Alignment\2017\03\31\14.40.20 888\Head4.jpg
2017.03.31 14:40:22 592,TFT_SIDE5.46,90,OK,0,-0.0023,-0.0027,0.0021,0,0,True,640.000108867336,479.443744648045,.\Image\Alignment\2017\03\31\14.40.22 592\Head1.jpg,True,640.617401140937,482.773104970554,.\Image\Alignment\2017\03\31\14.40.22 592\Head2.jpg,True,640.73169141815,482.981048528877,.\Image\Alignment\2017\03\31\14.40.22 592\Head3.jpg,True,639.441183468173,479.458042583466,.\Image\Alignment\2017\03\31\14.40.22 592\Head4.jpg
2017.03.31 14:43:50 551,TFT_SIDE5.46,0,RETRY,-0.8933,-0.659,-0.8003,-0.7376,0.3253,0.02063,True,915.096330158843,596.630209856123,.\Image\Alignment\2017\03\31\14.43.50 551\Head1.jpg,True,857.903586654044,583.684768906399,.\Image\Alignment\2017\03\31\14.43.50 551\Head2.jpg,True,894.963277358672,561.182724528296,.\Image\Alignment\2017\03\31\14.43.50 551\Head3.jpg,True,872.342381906548,537.61888152006,.\Image\Alignment\2017\03\31\14.43.50 551\Head4.jpg
2017.03.31 14:43:52 378,TFT_SIDE5.46,0,RETRY,-0.0065,-0.0375,-0.0394,-0.005,0.0979,-0.00046,True,640.951784089041,505.450994871699,.\Image\Alignment\2017\03\31\14.43.52 378\Head1.jpg,True,647.247966799178,507.950850049117,.\Image\Alignment\2017\03\31\14.43.52 378\Head2.jpg,True,647.61966997471,509.46804525422,.\Image\Alignment\2017\03\31\14.43.52 378\Head3.jpg,True,640.413594536398,506.683578399551,.\Image\Alignment\2017\03\31\14.43.52 378\Head4.jpg
2017.03.31 14:43:54 220,TFT_SIDE5.46,0,OK,0.0008,0.0096,0.0089,0.0018,0,0,True,639.78665136039,480.303997952439,.\Image\Alignment\2017\03\31\14.43.54 220\Head1.jpg,True,637.450359914065,482.931127597881,.\Image\Alignment\2017\03\31\14.43.54 220\Head2.jpg,True,637.619503379515,483.768086012762,.\Image\Alignment\2017\03\31\14.43.54 220\Head3.jpg,True,639.531240697304,480.46562758351,.\Image\Alignment\2017\03\31\14.43.54 220\Head4.jpg
2017.03.31 14:44:12 727,TFT_SIDE5.46,90,RETRY,-0.6483,-0.4715,-0.6097,-0.4886,-0.0408,0.00954,True,826.975250416313,484.96641565327,.\Image\Alignment\2017\03\31\14.44.12 727\Head1.jpg,True,770.721239811421,477.825914081562,.\Image\Alignment\2017\03\31\14.44.12 727\Head2.jpg,True,807.31772472331,473.432184085271,.\Image\Alignment\2017\03\31\14.44.12 727\Head3.jpg,True,783.948389741936,458.910137385006,.\Image\Alignment\2017\03\31\14.44.12 727\Head4.jpg
2017.03.31 14:44:14 497,TFT_SIDE5.46,90,RETRY,-0.0054,0.0323,0.0314,-0.0063,0.0254,-0.00129,True,639.566350072788,484.628978640933,.\Image\Alignment\2017\03\31\14.44.14 497\Head1.jpg,True,630.481690300282,489.186575009122,.\Image\Alignment\2017\03\31\14.44.14 497\Head2.jpg,True,630.672803113221,490.020991557542,.\Image\Alignment\2017\03\31\14.44.14 497\Head3.jpg,True,639.791141288406,488.222477893349,.\Image\Alignment\2017\03\31\14.44.14 497\Head4.jpg
2017.03.31 14:44:16 243,TFT_SIDE5.46,90,OK,-0.0013,-0.003,-0.0056,-0.0005,0,0,True,640.339566674423,479.36902839252,.\Image\Alignment\2017\03\31\14.44.16 243\Head1.jpg,True,640.793101311411,482.426708755754,.\Image\Alignment\2017\03\31\14.44.16 243\Head2.jpg,True,641.499811489566,482.514852694056,.\Image\Alignment\2017\03\31\14.44.16 243\Head3.jpg,True,640.1238063707,479.138425518492,.\Image\Alignment\2017\03\31\14.44.16 243\Head4.jpg
2017.03.31 14:47:23 090,TFT_SIDE5.46,0,RETRY,-0.7703,-0.5697,-0.7128,-0.6186,0.5397,0.03155,True,901.522746046954,669.75659209074,.\Image\Alignment\2017\03\31\14.47.23 090\Head1.jpg,True,844.102012440784,643.901485069327,.\Image\Alignment\2017\03\31\14.47.23 090\Head2.jpg,True,881.454059758742,615.931691280646,.\Image\Alignment\2017\03\31\14.47.23 090\Head3.jpg,True,859.674031502132,578.744429622533,.\Image\Alignment\2017\03\31\14.47.23 090\Head4.jpg
2017.03.31 14:47:24 930,TFT_SIDE5.46,0,RETRY,0.0199,0.0263,0.0285,0.0292,-0.0093,0.00273,True,639.504242431296,481.454569071499,.\Image\Alignment\2017\03\31\14.47.24 930\Head1.jpg,True,636.494999940034,481.434223547886,.\Image\Alignment\2017\03\31\14.47.24 930\Head2.jpg,True,635.898378296017,479.518003739411,.\Image\Alignment\2017\03\31\14.47.24 930\Head3.jpg,True,637.036235909888,473.543347595244,.\Image\Alignment\2017\03\31\14.47.24 930\Head4.jpg
2017.03.31 14:47:26 785,TFT_SIDE5.46,0,RETRY,-0.0011,0.0011,-0.0015,-0.0041,0.0016,0.00011,True,640.473030880167,480.587756087734,.\Image\Alignment\2017\03\31\14.47.26 785\Head1.jpg,True,638.573584623106,483.044587030253,.\Image\Alignment\2017\03\31\14.47.26 785\Head2.jpg,True,639.240712181317,483.669411273343,.\Image\Alignment\2017\03\31\14.47.26 785\Head3.jpg,True,641.265954904164,480.280853448485,.\Image\Alignment\2017\03\31\14.47.26 785\Head4.jpg
2017.03.31 14:47:28 488,TFT_SIDE5.46,0,OK,0.0011,0.0057,0.0046,0.0014,0,0,True,639.709562821608,479.88513265339,.\Image\Alignment\2017\03\31\14.47.28 488\Head1.jpg,True,638.47157045336,482.30661357289,.\Image\Alignment\2017\03\31\14.47.28 488\Head2.jpg,True,638.775055088684,483.312655688067,.\Image\Alignment\2017\03\31\14.47.28 488\Head3.jpg,True,639.627886717624,479.794566431568,.\Image\Alignment\2017\03\31\14.47.28 488\Head4.jpg
2017.03.31 14:47:46 984,TFT_SIDE5.46,90,RETRY,-0.774,-0.5521,-0.6907,-0.6196,0.0544,0.01958,True,875.140633031676,527.191302238598,.\Image\Alignment\2017\03\31\14.47.46 984\Head1.jpg,True,819.240539814429,519.367615223062,.\Image\Alignment\2017\03\31\14.47.46 984\Head2.jpg,True,855.868084505802,490.315217445946,.\Image\Alignment\2017\03\31\14.47.46 984\Head3.jpg,True,833.258715328449,473.007798325517,.\Image\Alignment\2017\03\31\14.47.46 984\Head4.jpg
2017.03.31 14:47:48 891,TFT_SIDE5.46,90,RETRY,0.0171,-0.0081,-0.0078,0.0208,0.0727,0.00382,True,641.005784044497,505.773794112495,.\Image\Alignment\2017\03\31\14.47.48 891\Head1.jpg,True,644.469067785514,504.694526709038,.\Image\Alignment\2017\03\31\14.47.48 891\Head2.jpg,True,644.289347522228,502.591065190063,.\Image\Alignment\2017\03\31\14.47.48 891\Head3.jpg,True,639.930032331022,494.948456904614,.\Image\Alignment\2017\03\31\14.47.48 891\Head4.jpg
2017.03.31 14:47:50 812,TFT_SIDE5.46,90,RETRY,-0.0022,0.0124,0.0109,-0.0011,0.0076,-0.00015,True,640.378999044504,481.787759432437,.\Image\Alignment\2017\03\31\14.47.50 812\Head1.jpg,True,636.384255970164,485.17541433832,.\Image\Alignment\2017\03\31\14.47.50 812\Head2.jpg,True,636.774243116935,485.453160695161,.\Image\Alignment\2017\03\31\14.47.50 812\Head3.jpg,True,640.079040713779,482.200853557563,.\Image\Alignment\2017\03\31\14.47.50 812\Head4.jpg
2017.03.31 14:47:52 571,TFT_SIDE5.46,90,OK,0.0021,-0.0001,0.0001,0.0002,0,0,True,639.452608662466,479.680461364374,.\Image\Alignment\2017\03\31\14.47.52 571\Head1.jpg,True,640.027469087471,483.014136372637,.\Image\Alignment\2017\03\31\14.47.52 571\Head2.jpg,True,639.983149189267,483.196778807222,.\Image\Alignment\2017\03\31\14.47.52 571\Head3.jpg,True,639.948346580071,479.730877874868,.\Image\Alignment\2017\03\31\14.47.52 571\Head4.jpg
2017.03.31 14:51:08 288,TFT_SIDE5.46,0,RETRY,-0.7737,-0.5615,-0.7045,-0.619,0.4782,0.03488,True,908.308173068869,658.171335468659,.\Image\Alignment\2017\03\31\14.51.08 288\Head1.jpg,True,851.428458475319,629.012741669328,.\Image\Alignment\2017\03\31\14.51.08 288\Head2.jpg,True,888.831711091965,595.862959818288,.\Image\Alignment\2017\03\31\14.51.08 288\Head3.jpg,True,865.733922078366,557.60418312439,.\Image\Alignment\2017\03\31\14.51.08 288\Head4.jpg
2017.03.31 14:51:10 074,TFT_SIDE5.46,0,RETRY,-0.0043,-0.0106,-0.0122,-0.0028,0.0083,-0.00049,True,640.291113973916,481.506050164211,.\Image\Alignment\2017\03\31\14.51.10 074\Head1.jpg,True,640.16514615491,484.047647002218,.\Image\Alignment\2017\03\31\14.51.10 074\Head2.jpg,True,640.586056868471,485.49499969163,.\Image\Alignment\2017\03\31\14.51.10 074\Head3.jpg,True,639.864432561885,482.921578074165,.\Image\Alignment\2017\03\31\14.51.10 074\Head4.jpg
2017.03.31 14:51:11 860,TFT_SIDE5.46,0,RETRY,-0.0019,-0.0022,-0.0038,-0.0017,-0.0005,-0.00014,True,640.241686840495,479.659693343873,.\Image\Alignment\2017\03\31\14.51.11 860\Head1.jpg,True,638.505723547651,482.518008202758,.\Image\Alignment\2017\03\31\14.51.11 860\Head2.jpg,True,638.910058487159,483.652786904698,.\Image\Alignment\2017\03\31\14.51.11 860\Head3.jpg,True,640.187494159708,480.081159959309,.\Image\Alignment\2017\03\31\14.51.11 860\Head4.jpg
2017.03.31 14:51:13 551,TFT_SIDE5.46,0,OK,-0.0008,0.0063,0.0086,0.0017,0,0,True,640.22497092068,480.541800175394,.\Image\Alignment\2017\03\31\14.51.13 551\Head1.jpg,True,638.325130853469,482.98185114919,.\Image\Alignment\2017\03\31\14.51.13 551\Head2.jpg,True,637.719099199708,483.688070511968,.\Image\Alignment\2017\03\31\14.51.13 551\Head3.jpg,True,639.547704684374,480.423172008467,.\Image\Alignment\2017\03\31\14.51.13 551\Head4.jpg
2017.03.31 14:51:32 178,TFT_SIDE5.46,90,RETRY,-0.7048,-0.5748,-0.7155,-0.5448,0.0496,0.02474,True,864.155809299226,534.572777187063,.\Image\Alignment\2017\03\31\14.51.32 178\Head1.jpg,True,807.494523361567,510.220862801649,.\Image\Alignment\2017\03\31\14.51.32 178\Head2.jpg,True,844.661683746705,497.413538513875,.\Image\Alignment\2017\03\31\14.51.32 178\Head3.jpg,True,820.847535138701,465.798778777068,.\Image\Alignment\2017\03\31\14.51.32 178\Head4.jpg
2017.03.31 14:51:34 019,TFT_SIDE5.46,90,RETRY,-0.0141,0.0762,0.0754,-0.0134,0.0574,-0.00217,True,640.626831440574,491.692403862629,.\Image\Alignment\2017\03\31\14.51.34 019\Head1.jpg,True,618.341016189108,497.107184774443,.\Image\Alignment\2017\03\31\14.51.34 019\Head2.jpg,True,618.491766381905,498.337986666569,.\Image\Alignment\2017\03\31\14.51.34 019\Head3.jpg,True,640.345520753501,497.750176949215,.\Image\Alignment\2017\03\31\14.51.34 019\Head4.jpg
2017.03.31 14:51:35 818,TFT_SIDE5.46,90,RETRY,0.0029,-0.0078,-0.0074,0.0003,-0.004,0.00026,True,639.589757752871,479.357703267166,.\Image\Alignment\2017\03\31\14.51.35 818\Head1.jpg,True,642.107192907649,482.123725422818,.\Image\Alignment\2017\03\31\14.51.35 818\Head2.jpg,True,641.987367433799,482.093805879308,.\Image\Alignment\2017\03\31\14.51.35 818\Head3.jpg,True,640.292436041263,478.630498967613,.\Image\Alignment\2017\03\31\14.51.35 818\Head4.jpg
2017.03.31 14:51:37 550,TFT_SIDE5.46,90,OK,-0.0003,0.0019,0.0033,0.002,0,0,True,640.070849192434,480.054653476205,.\Image\Alignment\2017\03\31\14.51.37 550\Head1.jpg,True,639.488976691039,483.330055633594,.\Image\Alignment\2017\03\31\14.51.37 550\Head2.jpg,True,639.120515154344,483.471829438921,.\Image\Alignment\2017\03\31\14.51.37 550\Head3.jpg,True,639.461030270373,480.113209311457,.\Image\Alignment\2017\03\31\14.51.37 550\Head4.jpg
2017.03.31 14:54:16 742,TFT_SIDE5.46,0,RETRY,-0.7688,-0.4521,-0.597,-0.6141,0.5001,0.0326,True,902.973552058089,660.708911714396,.\Image\Alignment\2017\03\31\14.54.16 742\Head1.jpg,True,845.507377538906,621.420556054066,.\Image\Alignment\2017\03\31\14.54.16 742\Head2.jpg,True,883.50095329054,575.603367686704,.\Image\Alignment\2017\03\31\14.54.16 742\Head3.jpg,True,860.382092687678,566.703939847075,.\Image\Alignment\2017\03\31\14.54.16 742\Head4.jpg
2017.03.31 14:54:18 526,TFT_SIDE5.46,0,RETRY,-0.0024,-0.1185,-0.1161,-0.0005,-0.0213,-0.00063,True,639.519248472042,473.419243969274,.\Image\Alignment\2017\03\31\14.54.18 526\Head1.jpg,True,668.412659340199,476.479472025966,.\Image\Alignment\2017\03\31\14.54.18 526\Head2.jpg,True,667.755071300638,478.264850838645,.\Image\Alignment\2017\03\31\14.54.18 526\Head3.jpg,True,639.03850054577,475.254889184769,.\Image\Alignment\2017\03\31\14.54.18 526\Head4.jpg
2017.03.31 14:54:20 271,TFT_SIDE5.46,0,OK,-0.0028,0.0097,0.0076,-0.003,0,0,True,640.754503867053,480.709948250038,.\Image\Alignment\2017\03\31\14.54.20 271\Head1.jpg,True,637.406482887294,482.785543933415,.\Image\Alignment\2017\03\31\14.54.20 271\Head2.jpg,True,637.983956116108,483.438480104458,.\Image\Alignment\2017\03\31\14.54.20 271\Head3.jpg,True,640.800120868514,480.799259548798,.\Image\Alignment\2017\03\31\14.54.20 271\Head4.jpg
2017.03.31 14:54:38 701,TFT_SIDE5.46,90,RETRY,-0.6982,-0.5659,-0.7056,-0.5414,0.0613,0.02212,True,858.5849672172,533.287049121732,.\Image\Alignment\2017\03\31\14.54.38 701\Head1.jpg,True,802.145224577172,510.094541214106,.\Image\Alignment\2017\03\31\14.54.38 701\Head2.jpg,True,839.029317334042,499.99997943811,.\Image\Alignment\2017\03\31\14.54.38 701\Head3.jpg,True,816.11826466549,471.85561672997,.\Image\Alignment\2017\03\31\14.54.38 701\Head4.jpg
2017.03.31 14:54:40 542,TFT_SIDE5.46,90,RETRY,-0.0099,0.0704,0.0711,-0.0095,0.0503,-0.00183,True,640.002413127055,490.363872547242,.\Image\Alignment\2017\03\31\14.54.40 542\Head1.jpg,True,619.9164380175,495.591626797395,.\Image\Alignment\2017\03\31\14.54.40 542\Head2.jpg,True,619.703498686839,496.776817294893,.\Image\Alignment\2017\03\31\14.54.40 542\Head3.jpg,True,639.807356199127,495.469597852324,.\Image\Alignment\2017\03\31\14.54.40 542\Head4.jpg
2017.03.31 14:54:42 356,TFT_SIDE5.46,90,RETRY,-0.0005,-0.0038,-0.006,-0.0008,-0.0047,0.00013,True,640.328644467231,478.970224392208,.\Image\Alignment\2017\03\31\14.54.42 356\Head1.jpg,True,640.961995220855,482.08721962638,.\Image\Alignment\2017\03\31\14.54.42 356\Head2.jpg,True,641.516123476324,482.145081578833,.\Image\Alignment\2017\03\31\14.54.42 356\Head3.jpg,True,640.413734971427,478.618123733615,.\Image\Alignment\2017\03\31\14.54.42 356\Head4.jpg
2017.03.31 14:54:44 236,TFT_SIDE5.46,90,RETRY,-0.0001,0.0006,0.0014,0.0007,0.0004,0.00011,True,640.192104788162,480.280448982077,.\Image\Alignment\2017\03\31\14.54.44 236\Head1.jpg,True,639.619980853756,483.550564396406,.\Image\Alignment\2017\03\31\14.54.44 236\Head2.jpg,True,639.397636620935,483.74946554724,.\Image\Alignment\2017\03\31\14.54.44 236\Head3.jpg,True,639.974673186403,479.97048615774,.\Image\Alignment\2017\03\31\14.54.44 236\Head4.jpg
2017.03.31 14:54:45 927,TFT_SIDE5.46,90,OK,-0.0001,0.0006,0.0015,0.0006,0,0,True,640.029097454584,480.416221748782,.\Image\Alignment\2017\03\31\14.54.45 927\Head1.jpg,True,639.827056638639,483.267956082422,.\Image\Alignment\2017\03\31\14.54.45 927\Head2.jpg,True,639.601818020824,483.726936364985,.\Image\Alignment\2017\03\31\14.54.45 927\Head3.jpg,True,639.851178917375,480.347519397857,.\Image\Alignment\2017\03\31\14.54.45 927\Head4.jpg
2017.03.31 14:57:48 659,TFT_SIDE5.46,0,RETRY,-0.7056,-0.4971,-0.6422,-0.5503,0.5334,0.03995,True,899.077666637492,680.278424407647,.\Image\Alignment\2017\03\31\14.57.48 659\Head1.jpg,True,841.579320373939,641.008677841252,.\Image\Alignment\2017\03\31\14.57.48 659\Head2.jpg,True,879.526784223767,603.85058793191,.\Image\Alignment\2017\03\31\14.57.48 659\Head3.jpg,True,856.354695553541,564.873542325226,.\Image\Alignment\2017\03\31\14.57.48 659\Head4.jpg
2017.03.31 14:57:50 472,TFT_SIDE5.46,0,RETRY,-0.0094,-0.0146,-0.0115,-0.0079,-0.0057,-0.00148,True,639.878929491365,476.345254631602,.\Image\Alignment\2017\03\31\14.57.50 472\Head1.jpg,True,639.520614285217,480.04813849132,.\Image\Alignment\2017\03\31\14.57.50 472\Head2.jpg,True,638.676519524457,482.435533514455,.\Image\Alignment\2017\03\31\14.57.50 472\Head3.jpg,True,639.494690567156,480.65349616286,.\Image\Alignment\2017\03\31\14.57.50 472\Head4.jpg
2017.03.31 14:57:52 258,TFT_SIDE5.46,0,OK,0.0005,0.0088,0.0068,0.001,0,0,True,639.865070745704,479.951386978979,.\Image\Alignment\2017\03\31\14.57.52 258\Head1.jpg,True,637.656754315664,482.246328167391,.\Image\Alignment\2017\03\31\14.57.52 258\Head2.jpg,True,638.18527675732,483.114936522803,.\Image\Alignment\2017\03\31\14.57.52 258\Head3.jpg,True,639.729912571019,479.902645038415,.\Image\Alignment\2017\03\31\14.57.52 258\Head4.jpg
2017.03.31 14:58:10 768,TFT_SIDE5.46,90,RETRY,-0.7599,-0.6224,-0.7595,-0.6031,0.088,0.0254,True,879.838638297104,545.91584250292,.\Image\Alignment\2017\03\31\14.58.10 768\Head1.jpg,True,823.804071085702,527.729517106404,.\Image\Alignment\2017\03\31\14.58.10 768\Head2.jpg,True,859.968458100498,511.614022691895,.\Image\Alignment\2017\03\31\14.58.10 768\Head3.jpg,True,837.26375612767,475.320024728372,.\Image\Alignment\2017\03\31\14.58.10 768\Head4.jpg
2017.03.31 14:58:12 580,TFT_SIDE5.46,90,RETRY,0.0047,0.0738,0.0708,0.0049,0.0753,0.00141,True,640.818199518009,502.446816351603,.\Image\Alignment\2017\03\31\14.58.12 580\Head1.jpg,True,621.028754760007,503.86040813991,.\Image\Alignment\2017\03\31\14.58.12 580\Head2.jpg,True,621.73252380521,503.225343137514,.\Image\Alignment\2017\03\31\14.58.12 580\Head3.jpg,True,640.658172823094,498.403836846192,.\Image\Alignment\2017\03\31\14.58.12 580\Head4.jpg
2017.03.31 14:58:14 392,TFT_SIDE5.46,90,OK,-0.0005,0.0051,0.0053,0,0,0,True,640.120841229229,480.891915657694,.\Image\Alignment\2017\03\31\14.58.14 392\Head1.jpg,True,638.64575704581,483.916323268941,.\Image\Alignment\2017\03\31\14.58.14 392\Head2.jpg,True,638.581170116934,484.096378487557,.\Image\Alignment\2017\03\31\14.58.14 392\Head3.jpg,True,640.007594639228,480.820366958236,.\Image\Alignment\2017\03\31\14.58.14 392\Head4.jpg
2017.03.31 15:01:04 001,TFT_SIDE5.46,0,RETRY,-0.6929,-0.4369,-0.5784,-0.5376,0.5801,0.04222,True,899.685676856428,696.025940219315,.\Image\Alignment\2017\03\31\15.01.04 001\Head1.jpg,True,842.146776088231,662.784433539923,.\Image\Alignment\2017\03\31\15.01.04 001\Head2.jpg,True,879.080581759736,616.572386495591,.\Image\Alignment\2017\03\31\15.01.04 001\Head3.jpg,True,856.894767155358,573.999412995909,.\Image\Alignment\2017\03\31\15.01.04 001\Head4.jpg
2017.03.31 15:01:05 840,TFT_SIDE5.46,0,RETRY,-0.0219,-0.0768,-0.0743,-0.0198,0.002,-0.00334,True,639.941930562636,475.687128174286,.\Image\Alignment\2017\03\31\15.01.05 840\Head1.jpg,True,652.540129212511,481.356399664842,.\Image\Alignment\2017\03\31\15.01.05 840\Head2.jpg,True,651.829339907076,485.710490095639,.\Image\Alignment\2017\03\31\15.01.05 840\Head3.jpg,True,639.36951920305,485.378865301894,.\Image\Alignment\2017\03\31\15.01.05 840\Head4.jpg
2017.03.31 15:01:07 598,TFT_SIDE5.46,0,RETRY,0,0.0067,0.002,-0.0019,0.0005,0.00011,True,640.194482251458,480.303572909437,.\Image\Alignment\2017\03\31\15.01.07 598\Head1.jpg,True,637.52140326726,483.050435123995,.\Image\Alignment\2017\03\31\15.01.07 598\Head2.jpg,True,638.760611081452,483.432817575845,.\Image\Alignment\2017\03\31\15.01.07 598\Head3.jpg,True,640.713357568085,479.985732428739,.\Image\Alignment\2017\03\31\15.01.07 598\Head4.jpg
2017.03.31 15:01:09 275,TFT_SIDE5.46,0,OK,-0.0002,0.0025,0.0036,0,0,0,True,640.047270901398,480.14002782156,.\Image\Alignment\2017\03\31\15.01.09 275\Head1.jpg,True,639.331821973372,482.549346772246,.\Image\Alignment\2017\03\31\15.01.09 275\Head2.jpg,True,639.03219738342,483.610091530619,.\Image\Alignment\2017\03\31\15.01.09 275\Head3.jpg,True,640.000183016531,480.268321383283,.\Image\Alignment\2017\03\31\15.01.09 275\Head4.jpg
2017.03.31 15:01:27 761,TFT_SIDE5.46,90,RETRY,-0.7951,-0.6794,-0.8179,-0.6368,0.1,0.02991,True,895.814952500217,556.694838914521,.\Image\Alignment\2017\03\31\15.01.27 761\Head1.jpg,True,839.707249251713,527.898192720961,.\Image\Alignment\2017\03\31\15.01.27 761\Head2.jpg,True,876.230934028979,511.136666942301,.\Image\Alignment\2017\03\31\15.01.27 761\Head3.jpg,True,852.790913413138,473.447759492381,.\Image\Alignment\2017\03\31\15.01.27 761\Head4.jpg
2017.03.31 15:01:29 601,TFT_SIDE5.46,90,RETRY,-0.0137,0.0867,0.0858,-0.0149,0.0715,-0.0024,True,640.206046393022,495.073743710366,.\Image\Alignment\2017\03\31\15.01.29 601\Head1.jpg,True,615.378473326776,501.137902256815,.\Image\Alignment\2017\03\31\15.01.29 601\Head2.jpg,True,615.56335369331,502.503112757934,.\Image\Alignment\2017\03\31\15.01.29 601\Head3.jpg,True,640.410276466083,501.748162616114,.\Image\Alignment\2017\03\31\15.01.29 601\Head4.jpg
2017.03.31 15:01:31 442,TFT_SIDE5.46,90,RETRY,0.0017,-0.0068,-0.0076,0.0003,-0.0057,0.00015,True,639.750801119886,478.734385737171,.\Image\Alignment\2017\03\31\15.01.31 442\Head1.jpg,True,641.851008641693,482.158569687749,.\Image\Alignment\2017\03\31\15.01.31 442\Head2.jpg,True,642.06870231738,482.121984057937,.\Image\Alignment\2017\03\31\15.01.31 442\Head3.jpg,True,640.14749601188,478.321732304366,.\Image\Alignment\2017\03\31\15.01.31 442\Head4.jpg
2017.03.31 15:01:33 296,TFT_SIDE5.46,90,OK,0.0001,0.0013,0.0017,0,0,0,True,639.960167635279,480.129712181712,.\Image\Alignment\2017\03\31\15.01.33 296\Head1.jpg,True,639.653491963989,483.615073714298,.\Image\Alignment\2017\03\31\15.01.33 296\Head2.jpg,True,639.547778474951,483.828424324648,.\Image\Alignment\2017\03\31\15.01.33 296\Head3.jpg,True,640.007383806313,480.256392168743,.\Image\Alignment\2017\03\31\15.01.33 296\Head4.jpg
2017.03.31 15:04:38 226,TFT_SIDE5.46,0,RETRY,-0.74,-0.574,-0.716,-0.5866,0.5771,0.03619,True,901.625485126659,686.481681503547,.\Image\Alignment\2017\03\31\15.04.38 226\Head1.jpg,True,844.379479194789,650.533798688064,.\Image\Alignment\2017\03\31\15.04.38 226\Head2.jpg,True,881.420483331329,623.023934625303,.\Image\Alignment\2017\03\31\15.04.38 226\Head3.jpg,True,859.308576352619,581.952578123555,.\Image\Alignment\2017\03\31\15.04.38 226\Head4.jpg
2017.03.31 15:04:40 053,TFT_SIDE5.46,0,RETRY,-0.0108,0.0304,0.0291,-0.007,0,-0.00165,True,639.968163603275,477.613081272416,.\Image\Alignment\2017\03\31\15.04.40 053\Head1.jpg,True,627.677375374403,481.795523868168,.\Image\Alignment\2017\03\31\15.04.40 053\Head2.jpg,True,628.010075274752,484.076353109744,.\Image\Alignment\2017\03\31\15.04.40 053\Head3.jpg,True,638.956361740745,482.400494765224,.\Image\Alignment\2017\03\31\15.04.40 053\Head4.jpg
2017.03.31 15:04:41 823,TFT_SIDE5.46,0,OK,0.0009,0.0057,0.0055,0.001,0,0,True,639.76778098099,479.843301290746,.\Image\Alignment\2017\03\31\15.04.41 823\Head1.jpg,True,638.492560225804,482.643895542094,.\Image\Alignment\2017\03\31\15.04.41 823\Head2.jpg,True,638.532089606231,483.329195434778,.\Image\Alignment\2017\03\31\15.04.41 823\Head3.jpg,True,639.739917413615,479.929180279039,.\Image\Alignment\2017\03\31\15.04.41 823\Head4.jpg
2017.03.31 15:05:00 321,TFT_SIDE5.46,90,RETRY,-0.797,-0.6559,-0.7939,-0.6409,0.0738,0.02391,True,887.601148873653,539.641119846231,.\Image\Alignment\2017\03\31\15.05.00 321\Head1.jpg,True,831.442319980577,517.60278508207,.\Image\Alignment\2017\03\31\15.05.00 321\Head2.jpg,True,867.855802534347,502.682099183422,.\Image\Alignment\2017\03\31\15.05.00 321\Head3.jpg,True,845.187347463795,473.286597437348,.\Image\Alignment\2017\03\31\15.05.00 321\Head4.jpg
2017.03.31 15:05:02 189,TFT_SIDE5.46,90,RETRY,-0.0077,0.0622,0.0627,-0.0041,0.0599,-0.00074,True,640.993566288151,494.748611107102,.\Image\Alignment\2017\03\31\15.05.02 189\Head1.jpg,True,622.757189944287,498.757857445603,.\Image\Alignment\2017\03\31\15.05.02 189\Head2.jpg,True,622.58201516881,499.349703747559,.\Image\Alignment\2017\03\31\15.05.02 189\Head3.jpg,True,639.945777094069,496.768395519663,.\Image\Alignment\2017\03\31\15.05.02 189\Head4.jpg
2017.03.31 15:05:04 030,TFT_SIDE5.46,90,OK,0.0005,0.0003,-0.0022,0,0,0,True,639.879927217855,479.686142827465,.\Image\Alignment\2017\03\31\15.05.04 030\Head1.jpg,True,639.92420735371,482.869367825853,.\Image\Alignment\2017\03\31\15.05.04 030\Head2.jpg,True,640.597401630599,483.19142293329,.\Image\Alignment\2017\03\31\15.05.04 030\Head3.jpg,True,640.00886957911,479.722810542141,.\Image\Alignment\2017\03\31\15.05.04 030\Head4.jpg
2017.03.31 15:08:00 073,TFT_SIDE5.46,0,RETRY,-0.8778,-0.7114,-0.8543,-0.7263,0.4567,0.01656,True,903.768642065802,625.795577152525,.\Image\Alignment\2017\03\31\15.08.00 073\Head1.jpg,True,846.743819080832,607.450026203601,.\Image\Alignment\2017\03\31\15.08.00 073\Head2.jpg,True,884.094966381834,598.624004384787,.\Image\Alignment\2017\03\31\15.08.00 073\Head3.jpg,True,861.975883069549,578.400016870016,.\Image\Alignment\2017\03\31\15.08.00 073\Head4.jpg
2017.03.31 15:08:01 913,TFT_SIDE5.46,0,RETRY,-0.0143,0.0231,0.0229,-0.0087,-0.0027,-0.00205,True,640.192218371252,476.316411494623,.\Image\Alignment\2017\03\31\15.08.01 913\Head1.jpg,True,628.6515017317,480.620068568517,.\Image\Alignment\2017\03\31\15.08.01 913\Head2.jpg,True,628.688769120439,483.439729848479,.\Image\Alignment\2017\03\31\15.08.01 913\Head3.jpg,True,638.694661795259,482.260193740229,.\Image\Alignment\2017\03\31\15.08.01 913\Head4.jpg
2017.03.31 15:08:03 753,TFT_SIDE5.46,0,RETRY,0.0007,0.0009,0.001,0.0004,0.0003,0.00016,True,640.094853786879,480.311438712143,.\Image\Alignment\2017\03\31\15.08.03 753\Head1.jpg,True,638.613530580059,482.694486764451,.\Image\Alignment\2017\03\31\15.08.03 753\Head2.jpg,True,638.576604129097,483.318729952224,.\Image\Alignment\2017\03\31\15.08.03 753\Head3.jpg,True,640.176432371671,479.83408465552,.\Image\Alignment\2017\03\31\15.08.03 753\Head4.jpg
2017.03.31 15:08:05 443,TFT_SIDE5.46,0,OK,-0.0002,0.0051,0.0054,-0.0011,0,0,True,640.052517792631,480.267506042087,.\Image\Alignment\2017\03\31\15.08.05 443\Head1.jpg,True,638.628564456143,482.555656092098,.\Image\Alignment\2017\03\31\15.08.05 443\Head2.jpg,True,638.565207512711,483.498412039908,.\Image\Alignment\2017\03\31\15.08.05 443\Head3.jpg,True,640.299681418882,480.100306093034,.\Image\Alignment\2017\03\31\15.08.05 443\Head4.jpg
2017.03.31 15:08:23 980,TFT_SIDE5.46,90,RETRY,-0.6793,-0.4833,-0.6244,-0.5209,-0.0217,0.00328,True,826.180960880842,479.574704178976,.\Image\Alignment\2017\03\31\15.08.23 980\Head1.jpg,True,769.014947036199,479.018499609815,.\Image\Alignment\2017\03\31\15.08.23 980\Head2.jpg,True,806.392612310899,479.045796161672,.\Image\Alignment\2017\03\31\15.08.23 980\Head3.jpg,True,783.417041930953,471.117985387151,.\Image\Alignment\2017\03\31\15.08.23 980\Head4.jpg
2017.03.31 15:08:25 778,TFT_SIDE5.46,90,RETRY,-0.0025,0.0147,0.0136,-0.0027,0.0133,-0.00076,True,639.557187671589,482.290831398873,.\Image\Alignment\2017\03\31\15.08.25 778\Head1.jpg,True,635.372967759444,486.229669687727,.\Image\Alignment\2017\03\31\15.08.25 778\Head2.jpg,True,635.654480676815,486.866668490494,.\Image\Alignment\2017\03\31\15.08.25 778\Head3.jpg,True,639.608792660673,484.41721252036,.\Image\Alignment\2017\03\31\15.08.25 778\Head4.jpg
2017.03.31 15:08:27 522,TFT_SIDE5.46,90,OK,-0.0008,-0.0015,0,-0.0013,0,0,True,640.217691919828,479.304733037484,.\Image\Alignment\2017\03\31\15.08.27 522\Head1.jpg,True,640.402517470091,482.534189170103,.\Image\Alignment\2017\03\31\15.08.27 522\Head2.jpg,True,640.006272369201,482.676885978348,.\Image\Alignment\2017\03\31\15.08.27 522\Head3.jpg,True,640.348073097828,479.151574906287,.\Image\Alignment\2017\03\31\15.08.27 522\Head4.jpg
2017.03.31 15:11:28 745,TFT_SIDE5.46,0,RETRY,-0.6742,-0.5881,-0.7294,-0.5202,0.5716,0.04169,True,893.754399717141,693.019836997593,.\Image\Alignment\2017\03\31\15.11.28 745\Head1.jpg,True,836.461976914482,641.9917739754,.\Image\Alignment\2017\03\31\15.11.28 745\Head2.jpg,True,873.301256972485,620.842793584898,.\Image\Alignment\2017\03\31\15.11.28 745\Head3.jpg,True,851.357833426905,572.49254345648,.\Image\Alignment\2017\03\31\15.11.28 745\Head4.jpg
2017.03.31 15:11:30 627,TFT_SIDE5.46,0,RETRY,-0.0053,0.1146,0.1134,-0.0028,0.0034,-0.00062,True,640.311424545862,480.023167205925,.\Image\Alignment\2017\03\31\15.11.30 627\Head1.jpg,True,607.192653960797,483.163767050181,.\Image\Alignment\2017\03\31\15.11.30 627\Head2.jpg,True,607.531196069804,484.337164341003,.\Image\Alignment\2017\03\31\15.11.30 627\Head3.jpg,True,639.648619619881,481.811692835634,.\Image\Alignment\2017\03\31\15.11.30 627\Head4.jpg
2017.03.31 15:11:32 426,TFT_SIDE5.46,0,OK,0.0015,0.0064,0.0064,0.0007,0,0,True,639.609008609449,479.953637861378,.\Image\Alignment\2017\03\31\15.11.32 426\Head1.jpg,True,638.298897337583,482.640173932753,.\Image\Alignment\2017\03\31\15.11.32 426\Head2.jpg,True,638.28316708527,483.399283318992,.\Image\Alignment\2017\03\31\15.11.32 426\Head3.jpg,True,639.808295984743,479.921317296842,.\Image\Alignment\2017\03\31\15.11.32 426\Head4.jpg
2017.03.31 15:11:50 977,TFT_SIDE5.46,90,RETRY,-0.7904,-0.6872,-0.8267,-0.633,0.1369,0.03159,True,896.983743784801,569.360955153453,.\Image\Alignment\2017\03\31\15.11.50 977\Head1.jpg,True,840.687527721761,537.020764075438,.\Image\Alignment\2017\03\31\15.11.50 977\Head2.jpg,True,877.442462646338,521.273698945747,.\Image\Alignment\2017\03\31\15.11.50 977\Head3.jpg,True,854.165384464951,481.3481964358,.\Image\Alignment\2017\03\31\15.11.50 977\Head4.jpg
2017.03.31 15:11:52 858,TFT_SIDE5.46,90,RETRY,-0.0128,0.0992,0.1,-0.0132,0.071,-0.00196,True,640.596691179024,495.674370469627,.\Image\Alignment\2017\03\31\15.11.52 858\Head1.jpg,True,612.37393960587,501.068067877207,.\Image\Alignment\2017\03\31\15.11.52 858\Head2.jpg,True,612.10851251595,502.126736093163,.\Image\Alignment\2017\03\31\15.11.52 858\Head3.jpg,True,640.593696359318,501.127379772517,.\Image\Alignment\2017\03\31\15.11.52 858\Head4.jpg
2017.03.31 15:11:54 670,TFT_SIDE5.46,90,RETRY,0.0015,-0.0066,-0.006,0.0014,-0.0037,-0.00015,True,639.371532722993,478.765187686375,.\Image\Alignment\2017\03\31\15.11.54 670\Head1.jpg,True,641.685999091703,482.150492659264,.\Image\Alignment\2017\03\31\15.11.54 670\Head2.jpg,True,641.517472450069,482.206507842425,.\Image\Alignment\2017\03\31\15.11.54 670\Head3.jpg,True,639.413087121882,479.184250717671,.\Image\Alignment\2017\03\31\15.11.54 670\Head4.jpg
2017.03.31 15:11:56 442,TFT_SIDE5.46,90,OK,-0.0021,0.0016,0.0006,-0.0004,0,0,True,640.565067018092,479.996031231121,.\Image\Alignment\2017\03\31\15.11.56 442\Head1.jpg,True,639.57631837858,483.088829579512,.\Image\Alignment\2017\03\31\15.11.56 442\Head2.jpg,True,639.834196587676,483.239606417083,.\Image\Alignment\2017\03\31\15.11.56 442\Head3.jpg,True,640.11369439056,479.831277022961,.\Image\Alignment\2017\03\31\15.11.56 442\Head4.jpg
2017.03.31 15:15:38 090,TFT_SIDE5.46,0,RETRY,-0.731,-0.5112,-0.6525,-0.5762,0.4129,0.03619,True,899.218511644816,642.624370914372,.\Image\Alignment\2017\03\31\15.15.38 090\Head1.jpg,True,842.046309244728,612.283730547653,.\Image\Alignment\2017\03\31\15.15.38 090\Head2.jpg,True,879.095118113504,576.918438127151,.\Image\Alignment\2017\03\31\15.15.38 090\Head3.jpg,True,856.766339475951,538.28642867879,.\Image\Alignment\2017\03\31\15.15.38 090\Head4.jpg
2017.03.31 15:15:39 916,TFT_SIDE5.46,0,RETRY,-0.0021,-0.0157,-0.0181,-0.0015,0.0953,-0.00032,True,640.018202163167,504.96716373788,.\Image\Alignment\2017\03\31\15.15.39 916\Head1.jpg,True,642.259010020605,507.597838603669,.\Image\Alignment\2017\03\31\15.15.39 916\Head2.jpg,True,642.772679426798,508.659454237205,.\Image\Alignment\2017\03\31\15.15.39 916\Head3.jpg,True,639.713873631977,505.801715130635,.\Image\Alignment\2017\03\31\15.15.39 916\Head4.jpg
2017.03.31 15:15:41 620,TFT_SIDE5.46,0,OK,0.0007,0.0055,0.0064,0.0011,0,0,True,639.811335184483,479.923190109386,.\Image\Alignment\2017\03\31\15.15.41 620\Head1.jpg,True,638.531715577777,482.625554196224,.\Image\Alignment\2017\03\31\15.15.41 620\Head2.jpg,True,638.29039214341,483.411525675945,.\Image\Alignment\2017\03\31\15.15.41 620\Head3.jpg,True,639.709580238529,480.110506419354,.\Image\Alignment\2017\03\31\15.15.41 620\Head4.jpg
2017.03.31 15:16:00 194,TFT_SIDE5.46,90,RETRY,-0.7214,-0.5964,-0.7353,-0.563,0.0911,0.0263,True,870.857148539068,548.260001023509,.\Image\Alignment\2017\03\31\15.16.00 194\Head1.jpg,True,814.925461370313,522.84288311136,.\Image\Alignment\2017\03\31\15.16.00 194\Head2.jpg,True,851.567474694879,508.507075145971,.\Image\Alignment\2017\03\31\15.16.00 194\Head3.jpg,True,827.906896016762,475.084089823704,.\Image\Alignment\2017\03\31\15.16.00 194\Head4.jpg
2017.03.31 15:16:02 035,TFT_SIDE5.46,90,RETRY,-0.0135,0.0773,0.0761,-0.0133,0.0617,-0.00207,True,640.593295058985,493.000390189083,.\Image\Alignment\2017\03\31\15.16.02 035\Head1.jpg,True,617.891123767793,498.337417735208,.\Image\Alignment\2017\03\31\15.16.02 035\Head2.jpg,True,618.161701325454,499.69786383602,.\Image\Alignment\2017\03\31\15.16.02 035\Head3.jpg,True,640.451419964754,498.778203797066,.\Image\Alignment\2017\03\31\15.16.02 035\Head4.jpg
2017.03.31 15:16:03 848,TFT_SIDE5.46,90,RETRY,0.002,-0.0069,-0.0062,0.0017,-0.0053,0.00017,True,639.701136660615,478.872011671456,.\Image\Alignment\2017\03\31\15.16.03 848\Head1.jpg,True,641.629438113915,481.984866207631,.\Image\Alignment\2017\03\31\15.16.03 848\Head2.jpg,True,641.438407833569,482.173446686759,.\Image\Alignment\2017\03\31\15.16.03 848\Head3.jpg,True,639.801015121509,478.393658656082,.\Image\Alignment\2017\03\31\15.16.03 848\Head4.jpg
2017.03.31 15:16:05 674,TFT_SIDE5.46,90,OK,-0.0003,0.0028,0.0005,-0.0019,0,0,True,640.07748465598,480.205443614548,.\Image\Alignment\2017\03\31\15.16.05 674\Head1.jpg,True,639.244245615426,483.529231256867,.\Image\Alignment\2017\03\31\15.16.05 674\Head2.jpg,True,639.873988381596,483.516852352202,.\Image\Alignment\2017\03\31\15.16.05 674\Head3.jpg,True,640.497952178755,480.092556446726,.\Image\Alignment\2017\03\31\15.16.05 674\Head4.jpg
2017.03.31 15:19:47 826,TFT_SIDE5.46,0,RETRY,0.8882,1.0749,0.9345,1.0437,0.1281,0.0303,True,456.378393687322,558.1172148954,.\Image\Alignment\2017\03\31\15.19.47 826\Head1.jpg,True,400.522068009084,537.288716116635,.\Image\Alignment\2017\03\31\15.19.47 826\Head2.jpg,True,437.926730135716,511.353798497673,.\Image\Alignment\2017\03\31\15.19.47 826\Head3.jpg,True,415.54698925422,468.981762011445,.\Image\Alignment\2017\03\31\15.19.47 826\Head4.jpg
2017.03.31 15:19:49 625,TFT_SIDE5.46,0,RETRY,-0.0332,-0.0116,-0.0131,-0.0347,0.001,-0.00534,True,639.437308643183,472.511389361983,.\Image\Alignment\2017\03\31\15.19.49 625\Head1.jpg,True,632.18014650176,480.435073583513,.\Image\Alignment\2017\03\31\15.19.49 625\Head2.jpg,True,632.567006911408,486.372312020954,.\Image\Alignment\2017\03\31\15.19.49 625\Head3.jpg,True,639.814030862831,487.985622972139,.\Image\Alignment\2017\03\31\15.19.49 625\Head4.jpg
2017.03.31 15:19:51 327,TFT_SIDE5.46,0,OK,0.0005,0.0056,0.0056,0.0008,0,0,True,639.86774988486,479.947630889089,.\Image\Alignment\2017\03\31\15.19.51 327\Head1.jpg,True,638.501093383971,482.917666270267,.\Image\Alignment\2017\03\31\15.19.51 327\Head2.jpg,True,638.51093533777,483.543166628231,.\Image\Alignment\2017\03\31\15.19.51 327\Head3.jpg,True,639.791811873826,480.022871915618,.\Image\Alignment\2017\03\31\15.19.51 327\Head4.jpg
2017.03.31 15:20:09 485,TFT_SIDE5.46,90,LEFT_NG,,,,,,,False,,,.\Image\Alignment\2017\03\31\15.20.09 485\Head1.jpg,False,,,.\Image\Alignment\2017\03\31\15.20.09 485\Head2.jpg,False,,,.\Image\Alignment\2017\03\31\15.20.09 485\Head3.jpg,False,,,.\Image\Alignment\2017\03\31\15.20.09 485\Head4.jpg
2017.03.31 15:20:19 279,TFT_SIDE5.46,90,RETRY,-0.3535,-0.1886,-0.3302,-0.1939,0.2251,0.01465,True,755.594876767022,564.554607306022,.\Image\Alignment\2017\03\31\15.20.19 279\Head1.jpg,True,698.684802300011,550.780544819037,.\Image\Alignment\2017\03\31\15.20.19 279\Head2.jpg,True,735.989801571919,543.23624396787,.\Image\Alignment\2017\03\31\15.20.19 279\Head3.jpg,True,712.495238631584,523.454601095654,.\Image\Alignment\2017\03\31\15.20.19 279\Head4.jpg
2017.03.31 15:20:21 160,TFT_SIDE5.46,90,RETRY,-0.0072,0.0446,0.0446,-0.0065,0.0294,-0.00113,True,640.285237185414,485.944905547087,.\Image\Alignment\2017\03\31\15.20.21 160\Head1.jpg,True,627.317929187935,490.030636507822,.\Image\Alignment\2017\03\31\15.20.21 160\Head2.jpg,True,627.28412032538,490.757914214278,.\Image\Alignment\2017\03\31\15.20.21 160\Head3.jpg,True,640.070397960631,489.103576855055,.\Image\Alignment\2017\03\31\15.20.21 160\Head4.jpg
2017.03.31 15:20:23 055,TFT_SIDE5.46,90,RETRY,0.0003,-0.0043,-0.0034,-0.0001,-0.002,-0.00014,True,639.70337752501,479.221852756405,.\Image\Alignment\2017\03\31\15.20.23 055\Head1.jpg,True,641.013676936039,482.269703928775,.\Image\Alignment\2017\03\31\15.20.23 055\Head2.jpg,True,640.750980019239,482.394609446342,.\Image\Alignment\2017\03\31\15.20.23 055\Head3.jpg,True,639.821707643707,479.623475872482,.\Image\Alignment\2017\03\31\15.20.23 055\Head4.jpg
2017.03.31 15:20:24 772,TFT_SIDE5.46,90,OK,0.0001,0.0015,-0.0002,-0.0008,0,0,True,639.965630735762,480.051361390708,.\Image\Alignment\2017\03\31\15.20.24 772\Head1.jpg,True,639.601581660563,482.67169578198,.\Image\Alignment\2017\03\31\15.20.24 772\Head2.jpg,True,640.059585140322,482.949482869499,.\Image\Alignment\2017\03\31\15.20.24 772\Head3.jpg,True,640.215457796005,479.77444377174,.\Image\Alignment\2017\03\31\15.20.24 772\Head4.jpg
2017.03.31 16:16:27 494,TFT_SIDE5.46,0,RETRY,-0.6601,-0.5758,-0.7232,-0.5059,0.5,0.04305,True,892.388571456411,675.876358621449,.\Image\Alignment\2017\03\31\16.16.27 494\Head1.jpg,True,834.027982175049,611.573242767897,.\Image\Alignment\2017\03\31\16.16.27 494\Head2.jpg,True,872.627851807236,589.962886209166,.\Image\Alignment\2017\03\31\16.16.27 494\Head3.jpg,True,850.043882111707,551.483984341244,.\Image\Alignment\2017\03\31\16.16.27 494\Head4.jpg
2017.03.31 16:16:29 333,TFT_SIDE5.46,0,RETRY,-0.0483,0.0758,0.0772,-0.0471,0.0109,-0.0071,True,640.357607296889,472.643015252063,.\Image\Alignment\2017\03\31\16.16.29 333\Head1.jpg,True,605.65247114505,482.459072853695,.\Image\Alignment\2017\03\31\16.16.29 333\Head2.jpg,True,605.269948477724,490.114380617718,.\Image\Alignment\2017\03\31\16.16.29 333\Head3.jpg,True,639.981153268899,493.233228523692,.\Image\Alignment\2017\03\31\16.16.29 333\Head4.jpg
2017.03.31 16:16:31 159,TFT_SIDE5.46,0,RETRY,-0.0003,-0.0032,-0.0016,0.001,0.0019,0.00012,True,640.304238066425,480.686287459542,.\Image\Alignment\2017\03\31\16.16.31 159\Head1.jpg,True,638.640345160958,482.68258129027,.\Image\Alignment\2017\03\31\16.16.31 159\Head2.jpg,True,638.189789051471,483.886590207762,.\Image\Alignment\2017\03\31\16.16.31 159\Head3.jpg,True,639.94882150962,480.337084336294,.\Image\Alignment\2017\03\31\16.16.31 159\Head4.jpg
2017.03.31 16:16:33 027,TFT_SIDE5.46,0,RETRY,-0.0003,0.0026,0.0002,-0.0003,0.0004,-0.00011,True,639.894078934705,479.937983862896,.\Image\Alignment\2017\03\31\16.16.33 027\Head1.jpg,True,637.344877256854,482.50920756182,.\Image\Alignment\2017\03\31\16.16.33 027\Head2.jpg,True,637.975741838199,483.577293982876,.\Image\Alignment\2017\03\31\16.16.33 027\Head3.jpg,True,639.874073083074,480.254820435069,.\Image\Alignment\2017\03\31\16.16.33 027\Head4.jpg
2017.03.31 16:16:34 772,TFT_SIDE5.46,0,RETRY,-0.0019,0.0002,0.0009,-0.0009,0.0002,-0.00011,True,640.297958135858,479.892933810271,.\Image\Alignment\2017\03\31\16.16.34 772\Head1.jpg,True,638.179089895232,482.732562266436,.\Image\Alignment\2017\03\31\16.16.34 772\Head2.jpg,True,637.976526018058,483.69136176908,.\Image\Alignment\2017\03\31\16.16.34 772\Head3.jpg,True,640.051707466302,480.221087832645,.\Image\Alignment\2017\03\31\16.16.34 772\Head4.jpg
2017.03.31 16:16:36 572,TFT_SIDE5.46,0,OK,0.001,0.0062,0.0066,-0.0004,0,0,True,639.724124794579,480.029985809843,.\Image\Alignment\2017\03\31\16.16.36 572\Head1.jpg,True,638.344121708365,482.558042746366,.\Image\Alignment\2017\03\31\16.16.36 572\Head2.jpg,True,638.235168838797,483.560582961095,.\Image\Alignment\2017\03\31\16.16.36 572\Head3.jpg,True,640.098055509334,479.848586859875,.\Image\Alignment\2017\03\31\16.16.36 572\Head4.jpg
2017.03.31 16:16:55 155,TFT_SIDE5.46,90,RETRY,-0.727,-0.5732,-0.714,-0.5688,0.1218,0.02666,True,872.900225601925,557.058738145857,.\Image\Alignment\2017\03\31\16.16.55 155\Head1.jpg,True,816.163499069584,530.198380797986,.\Image\Alignment\2017\03\31\16.16.55 155\Head2.jpg,True,853.310682937582,509.092184368174,.\Image\Alignment\2017\03\31\16.16.55 155\Head3.jpg,True,829.926292616552,482.839310534077,.\Image\Alignment\2017\03\31\16.16.55 155\Head4.jpg
2017.03.31 16:16:56 969,TFT_SIDE5.46,90,RETRY,-0.0142,0.0508,0.0499,-0.0145,0.0572,-0.00223,True,640.572415592788,491.534754943039,.\Image\Alignment\2017\03\31\16.16.56 969\Head1.jpg,True,624.885011661481,497.345033266073,.\Image\Alignment\2017\03\31\16.16.56 969\Head2.jpg,True,625.063198901447,498.772680738271,.\Image\Alignment\2017\03\31\16.16.56 969\Head3.jpg,True,640.549785258497,497.761331772942,.\Image\Alignment\2017\03\31\16.16.56 969\Head4.jpg
2017.03.31 16:16:58 756,TFT_SIDE5.46,90,OK,0.0013,-0.0057,-0.0067,0.0014,0,0,True,639.665750960284,478.761414405205,.\Image\Alignment\2017\03\31\16.16.58 756\Head1.jpg,True,641.528685395965,482.247650381899,.\Image\Alignment\2017\03\31\16.16.58 756\Head2.jpg,True,641.793188227341,482.567199236398,.\Image\Alignment\2017\03\31\16.16.58 756\Head3.jpg,True,639.638679236298,478.899339335661,.\Image\Alignment\2017\03\31\16.16.58 756\Head4.jpg
2017.03.31 16:36:03 839,TFT_SIDE5.46,0,RETRY,-0.7565,-0.7891,-0.9365,-0.6067,0.4183,0.03483,True,903.612196082646,642.095623840172,.\Image\Alignment\2017\03\31\16.36.03 839\Head1.jpg,True,845.714826428229,585.550587863277,.\Image\Alignment\2017\03\31\16.36.03 839\Head2.jpg,True,884.295409385383,588.569098070735,.\Image\Alignment\2017\03\31\16.36.03 839\Head3.jpg,True,862.461291174372,541.729685452073,.\Image\Alignment\2017\03\31\16.36.03 839\Head4.jpg
2017.03.31 16:36:05 681,TFT_SIDE5.46,0,RETRY,-0.0391,0.2048,0.2061,-0.0331,0.0055,-0.00564,True,640.472074601357,473.31126758955,.\Image\Alignment\2017\03\31\16.36.05 681\Head1.jpg,True,575.29120500697,481.902935267891,.\Image\Alignment\2017\03\31\16.36.05 681\Head2.jpg,True,574.979790890994,487.304187158785,.\Image\Alignment\2017\03\31\16.36.05 681\Head3.jpg,True,638.84758321394,489.66019485345,.\Image\Alignment\2017\03\31\16.36.05 681\Head4.jpg
2017.03.31 16:36:07 466,TFT_SIDE5.46,0,OK,0.0007,0.0027,-0.0001,0.0027,0,0,True,639.814082053417,480.395589004092,.\Image\Alignment\2017\03\31\16.36.07 466\Head1.jpg,True,639.292627040416,482.894701045371,.\Image\Alignment\2017\03\31\16.36.07 466\Head2.jpg,True,640.02185667956,484.263235872004,.\Image\Alignment\2017\03\31\16.36.07 466\Head3.jpg,True,639.289584883469,480.535121398928,.\Image\Alignment\2017\03\31\16.36.07 466\Head4.jpg
2017.03.31 16:36:28 404,TFT_SIDE5.46,90,RETRY,-0.6537,-0.4833,-0.6261,-0.4969,0.041,0.01791,True,840.600514546594,520.818402936809,.\Image\Alignment\2017\03\31\16.36.28 404\Head1.jpg,True,783.64366574779,507.089153418241,.\Image\Alignment\2017\03\31\16.36.28 404\Head2.jpg,True,821.388640511136,493.784821427954,.\Image\Alignment\2017\03\31\16.36.28 404\Head3.jpg,True,798.18873886072,471.176098713769,.\Image\Alignment\2017\03\31\16.36.28 404\Head4.jpg
2017.03.31 16:36:30 189,TFT_SIDE5.46,90,RETRY,-0.0014,0.0402,0.0406,-0.0006,0.0456,-7E-05,True,640.26497043378,492.04683196527,.\Image\Alignment\2017\03\31\16.36.30 189\Head1.jpg,True,629.169176455816,495.584899967023,.\Image\Alignment\2017\03\31\16.36.30 189\Head2.jpg,True,629.002566937337,495.698013491541,.\Image\Alignment\2017\03\31\16.36.30 189\Head3.jpg,True,640.011376116481,492.209716273211,.\Image\Alignment\2017\03\31\16.36.30 189\Head4.jpg
2017.03.31 16:36:31 934,TFT_SIDE5.46,90,OK,0.0006,-0.0011,-0.0003,-0.0009,0,0,True,639.851974992859,480.150527849768,.\Image\Alignment\2017\03\31\16.36.31 934\Head1.jpg,True,640.289004986851,483.456456939741,.\Image\Alignment\2017\03\31\16.36.31 934\Head2.jpg,True,640.077743027594,483.631886242453,.\Image\Alignment\2017\03\31\16.36.31 934\Head3.jpg,True,640.22850524949,479.881951562725,.\Image\Alignment\2017\03\31\16.36.31 934\Head4.jpg
2017.03.31 17:39:12 614,TFT_SIDE5.46,0,RETRY,-0.832,-0.3881,-0.5351,-0.6824,0.4742,0.0217,True,900.611731341214,637.942687730524,.\Image\Alignment\2017\03\31\17.39.12 614\Head1.jpg,True,843.360597037715,635.338878213981,.\Image\Alignment\2017\03\31\17.39.12 614\Head2.jpg,True,881.901123027772,581.386457903315,.\Image\Alignment\2017\03\31\17.39.12 614\Head3.jpg,True,859.353335732596,575.580210401232,.\Image\Alignment\2017\03\31\17.39.12 614\Head4.jpg
2017.03.31 17:39:14 453,TFT_SIDE5.46,0,RETRY,0.0616,-0.1781,-0.1797,0.0646,0.0444,0.00929,True,639.953353954008,505.269120515827,.\Image\Alignment\2017\03\31\17.39.14 453\Head1.jpg,True,701.567725593174,498.396063550295,.\Image\Alignment\2017\03\31\17.39.14 453\Head2.jpg,True,701.883871682442,490.818641346101,.\Image\Alignment\2017\03\31\17.39.14 453\Head3.jpg,True,639.14224856992,478.275611140941,.\Image\Alignment\2017\03\31\17.39.14 453\Head4.jpg
2017.03.31 17:39:16 212,TFT_SIDE5.46,0,OK,-0.0006,0.0076,0.0075,0.0006,0,0,True,640.17289060135,479.760880708575,.\Image\Alignment\2017\03\31\17.39.16 212\Head1.jpg,True,637.985924204256,482.809646868962,.\Image\Alignment\2017\03\31\17.39.16 212\Head2.jpg,True,638.007979379777,483.605460544613,.\Image\Alignment\2017\03\31\17.39.16 212\Head3.jpg,True,639.853095124364,480.030464795003,.\Image\Alignment\2017\03\31\17.39.16 212\Head4.jpg
2017.03.31 17:39:36 957,TFT_SIDE5.46,90,RETRY,-0.7391,-0.589,-0.7363,-0.5852,0.061,0.02096,True,867.837391753457,531.265433328419,.\Image\Alignment\2017\03\31\17.39.36 957\Head1.jpg,True,810.376958317449,512.802311093277,.\Image\Alignment\2017\03\31\17.39.36 957\Head2.jpg,True,849.26291926256,500.83283431568,.\Image\Alignment\2017\03\31\17.39.36 957\Head3.jpg,True,826.109502979744,473.13416460844,.\Image\Alignment\2017\03\31\17.39.36 957\Head4.jpg
2017.03.31 17:39:38 729,TFT_SIDE5.46,90,RETRY,-0.0095,0.0569,0.0584,-0.0094,0.0505,-0.00164,True,640.153706353629,490.739130643096,.\Image\Alignment\2017\03\31\17.39.38 729\Head1.jpg,True,623.455771745446,495.908359496982,.\Image\Alignment\2017\03\31\17.39.38 729\Head2.jpg,True,623.011067251661,497.157447061325,.\Image\Alignment\2017\03\31\17.39.38 729\Head3.jpg,True,640.072863338502,495.308709432457,.\Image\Alignment\2017\03\31\17.39.38 729\Head4.jpg
2017.03.31 17:39:40 405,TFT_SIDE5.46,90,RETRY,0.001,-0.004,-0.0043,0.0001,-0.0037,0.00022,True,640.054583086042,479.373172717845,.\Image\Alignment\2017\03\31\17.39.40 405\Head1.jpg,True,641.004855792597,482.665824662344,.\Image\Alignment\2017\03\31\17.39.40 405\Head2.jpg,True,641.071077004099,482.734806740062,.\Image\Alignment\2017\03\31\17.39.40 405\Head3.jpg,True,640.283461905723,478.772193564172,.\Image\Alignment\2017\03\31\17.39.40 405\Head4.jpg
2017.03.31 17:39:42 164,TFT_SIDE5.46,90,RETRY,-0.0007,0.0016,0.0016,-0.0008,0.0008,-0.00011,True,640.037667742269,480.020979074643,.\Image\Alignment\2017\03\31\17.39.42 164\Head1.jpg,True,639.608846981773,483.771229473159,.\Image\Alignment\2017\03\31\17.39.42 164\Head2.jpg,True,639.583282312139,483.750702871425,.\Image\Alignment\2017\03\31\17.39.42 164\Head3.jpg,True,640.054002408148,480.323288961131,.\Image\Alignment\2017\03\31\17.39.42 164\Head4.jpg
2017.03.31 17:39:43 937,TFT_SIDE5.46,90,OK,0.0001,0.0001,0.0001,0.001,0,0,True,639.977836918829,480.037662815991,.\Image\Alignment\2017\03\31\17.39.43 937\Head1.jpg,True,639.967534301669,483.350034187816,.\Image\Alignment\2017\03\31\17.39.43 937\Head2.jpg,True,639.96199970587,483.629069000392,.\Image\Alignment\2017\03\31\17.39.43 937\Head3.jpg,True,639.745833966189,479.855610433873,.\Image\Alignment\2017\03\31\17.39.43 937\Head4.jpg
2017.03.31 18:09:10 314,TFT_SIDE5.46,0,RETRY,-0.7727,-0.577,-0.7233,-0.6231,0.5831,0.03078,True,900.809653568189,680.215955991467,.\Image\Alignment\2017\03\31\18.09.10 314\Head1.jpg,True,843.66120591376,650.087264445292,.\Image\Alignment\2017\03\31\18.09.10 314\Head2.jpg,True,881.825950467571,623.418999659953,.\Image\Alignment\2017\03\31\18.09.10 314\Head3.jpg,True,859.458674162075,591.395928569826,.\Image\Alignment\2017\03\31\18.09.10 314\Head4.jpg
2017.03.31 18:09:12 167,TFT_SIDE5.46,0,RETRY,0.0038,0.0136,0.0126,0.0063,-0.0004,0.00012,True,639.198330940229,480.056474629168,.\Image\Alignment\2017\03\31\18.09.12 167\Head1.jpg,True,635.128940276707,482.814767895966,.\Image\Alignment\2017\03\31\18.09.12 167\Head2.jpg,True,635.403360877085,483.481904081305,.\Image\Alignment\2017\03\31\18.09.12 167\Head3.jpg,True,638.535945579251,479.70696805704,.\Image\Alignment\2017\03\31\18.09.12 167\Head4.jpg
2017.03.31 18:09:13 871,TFT_SIDE5.46,0,OK,-0.0012,0.0058,0.0046,0.0005,0,0,True,640.310628201128,479.907427451087,.\Image\Alignment\2017\03\31\18.09.13 871\Head1.jpg,True,638.458517294729,482.489114389644,.\Image\Alignment\2017\03\31\18.09.13 871\Head2.jpg,True,638.768187958517,483.513121403852,.\Image\Alignment\2017\03\31\18.09.13 871\Head3.jpg,True,639.87525722484,479.838600767003,.\Image\Alignment\2017\03\31\18.09.13 871\Head4.jpg
2017.03.31 18:09:32 383,TFT_SIDE5.46,90,RETRY,-0.7999,-0.6601,-0.8051,-0.6453,0.0662,0.02146,True,884.80180054341,533.47672021579,.\Image\Alignment\2017\03\31\18.09.32 383\Head1.jpg,True,827.496089551261,513.92211366475,.\Image\Alignment\2017\03\31\18.09.32 383\Head2.jpg,True,865.776119924829,503.609612734879,.\Image\Alignment\2017\03\31\18.09.32 383\Head3.jpg,True,842.824441692177,474.035434573051,.\Image\Alignment\2017\03\31\18.09.32 383\Head4.jpg
2017.03.31 18:09:34 238,TFT_SIDE5.46,90,RETRY,-0.0129,0.0682,0.0675,-0.0132,0.0497,-0.00223,True,640.222072290595,489.537955104382,.\Image\Alignment\2017\03\31\18.09.34 238\Head1.jpg,True,620.474793015609,495.412840054839,.\Image\Alignment\2017\03\31\18.09.34 238\Head2.jpg,True,620.606505144564,496.643006981026,.\Image\Alignment\2017\03\31\18.09.34 238\Head3.jpg,True,640.231399338625,495.767943536349,.\Image\Alignment\2017\03\31\18.09.34 238\Head4.jpg
2017.03.31 18:09:36 064,TFT_SIDE5.46,90,RETRY,0.0013,-0.0078,-0.0072,0.0012,-0.0055,0.0003,True,640.094725596512,479.0299892561,.\Image\Alignment\2017\03\31\18.09.36 064\Head1.jpg,True,642.206251790845,482.262746759062,.\Image\Alignment\2017\03\31\18.09.36 064\Head2.jpg,True,642.024021791951,482.158725332657,.\Image\Alignment\2017\03\31\18.09.36 064\Head3.jpg,True,640.131669909637,478.183752091058,.\Image\Alignment\2017\03\31\18.09.36 064\Head4.jpg
2017.03.31 18:09:37 795,TFT_SIDE5.46,90,OK,0.0007,0.0021,0.0016,0.0006,0,0,True,639.825364619747,480.433398598061,.\Image\Alignment\2017\03\31\18.09.37 795\Head1.jpg,True,639.451373895522,483.845104936892,.\Image\Alignment\2017\03\31\18.09.37 795\Head2.jpg,True,639.578466695757,484.002080047943,.\Image\Alignment\2017\03\31\18.09.37 795\Head3.jpg,True,639.833417007095,480.594499340422,.\Image\Alignment\2017\03\31\18.09.37 795\Head4.jpg
2017.03.31 18:12:30 465,TFT_SIDE5.46,0,RETRY,-0.7878,-0.6992,-0.8465,-0.6367,0.5942,0.02886,True,901.452920341517,680.389357137107,.\Image\Alignment\2017\03\31\18.12.30 465\Head1.jpg,True,844.192758667527,638.473088563222,.\Image\Alignment\2017\03\31\18.12.30 465\Head2.jpg,True,882.612227838394,629.260501142223,.\Image\Alignment\2017\03\31\18.12.30 465\Head3.jpg,True,859.678837636104,597.115429575092,.\Image\Alignment\2017\03\31\18.12.30 465\Head4.jpg
2017.03.31 18:12:32 237,TFT_SIDE5.46,0,RETRY,-0.0074,0.1102,0.1089,-0.0036,-0.0045,-0.00164,True,639.092621138962,476.422029562152,.\Image\Alignment\2017\03\31\18.12.32 237\Head1.jpg,True,606.635316027056,480.77952948531,.\Image\Alignment\2017\03\31\18.12.32 237\Head2.jpg,True,606.978887898766,482.904129525212,.\Image\Alignment\2017\03\31\18.12.32 237\Head3.jpg,True,638.062483784483,481.17126425382,.\Image\Alignment\2017\03\31\18.12.32 237\Head4.jpg
2017.03.31 18:12:34 104,TFT_SIDE5.46,0,RETRY,-0.0004,-0.0024,-0.0018,-0.0012,0.0027,0.00021,True,640.472621939667,481.010876180981,.\Image\Alignment\2017\03\31\18.12.34 104\Head1.jpg,True,638.89848226284,483.100516683652,.\Image\Alignment\2017\03\31\18.12.34 104\Head2.jpg,True,638.706808332341,484.052492918188,.\Image\Alignment\2017\03\31\18.12.34 104\Head3.jpg,True,640.674931833968,480.408307778797,.\Image\Alignment\2017\03\31\18.12.34 104\Head4.jpg
2017.03.31 18:12:35 972,TFT_SIDE5.46,0,RETRY,0.0001,0.0019,0.0022,-0.0002,-0.0001,-0.00014,True,639.715831558324,479.780676775004,.\Image\Alignment\2017\03\31\18.12.35 972\Head1.jpg,True,637.486771836105,482.487649219174,.\Image\Alignment\2017\03\31\18.12.35 972\Head2.jpg,True,637.395104731492,483.571486044759,.\Image\Alignment\2017\03\31\18.12.35 972\Head3.jpg,True,639.794904313065,480.185444636619,.\Image\Alignment\2017\03\31\18.12.35 972\Head4.jpg
2017.03.31 18:12:37 636,TFT_SIDE5.46,0,OK,0.0006,0.0065,0.0063,-0.0009,0,0,True,639.828372571773,479.67762857126,.\Image\Alignment\2017\03\31\18.12.37 636\Head1.jpg,True,638.270676555556,482.521142350044,.\Image\Alignment\2017\03\31\18.12.37 636\Head2.jpg,True,638.316772873159,483.249491243482,.\Image\Alignment\2017\03\31\18.12.37 636\Head3.jpg,True,640.251140338634,479.720124248503,.\Image\Alignment\2017\03\31\18.12.37 636\Head4.jpg
2017.03.31 18:12:58 434,TFT_SIDE5.46,90,RETRY,-0.787,-0.6713,-0.8162,-0.6299,0.0147,0.02189,True,881.990786225366,520.466741193217,.\Image\Alignment\2017\03\31\18.12.58 434\Head1.jpg,True,824.713647997922,502.801799265684,.\Image\Alignment\2017\03\31\18.12.58 434\Head2.jpg,True,863.004659802463,497.759495585838,.\Image\Alignment\2017\03\31\18.12.58 434\Head3.jpg,True,839.424918461334,459.833010493636,.\Image\Alignment\2017\03\31\18.12.58 434\Head4.jpg
2017.03.31 18:13:00 193,TFT_SIDE5.46,90,RETRY,-0.0349,0.0818,0.0822,-0.0374,0.0814,-0.00641,True,640.041938806434,491.035822914793,.\Image\Alignment\2017\03\31\18.13.00 193\Head1.jpg,True,614.191571847631,501.380627413305,.\Image\Alignment\2017\03\31\18.13.00 193\Head2.jpg,True,614.024584401837,505.017925115729,.\Image\Alignment\2017\03\31\18.13.00 193\Head3.jpg,True,640.559180482044,508.986402664565,.\Image\Alignment\2017\03\31\18.13.00 193\Head4.jpg
2017.03.31 18:13:01 993,TFT_SIDE5.46,90,RETRY,0.0027,-0.0196,-0.0203,0.0022,-0.0127,0.00061,True,640.168645369554,477.638813313252,.\Image\Alignment\2017\03\31\18.13.01 993\Head1.jpg,True,645.140259207147,480.178711198341,.\Image\Alignment\2017\03\31\18.13.01 993\Head2.jpg,True,645.325506819184,480.248296263936,.\Image\Alignment\2017\03\31\18.13.01 993\Head3.jpg,True,640.305803960715,475.932433208035,.\Image\Alignment\2017\03\31\18.13.01 993\Head4.jpg
2017.03.31 18:13:03 751,TFT_SIDE5.46,90,OK,0.0001,0.0033,0.0036,0.0014,0,0,True,639.97989063795,480.521310624681,.\Image\Alignment\2017\03\31\18.13.03 751\Head1.jpg,True,639.12450313577,483.928116020355,.\Image\Alignment\2017\03\31\18.13.03 751\Head2.jpg,True,639.044152583418,483.986000767222,.\Image\Alignment\2017\03\31\18.13.03 751\Head3.jpg,True,639.623750207313,480.525990652935,.\Image\Alignment\2017\03\31\18.13.03 751\Head4.jpg
2017.03.31 18:17:18 013,TFT_SIDE5.46,0,RETRY,-0.7255,-0.4612,-0.6106,-0.5758,0.5843,0.0348,True,895.306342062527,686.383963332016,.\Image\Alignment\2017\03\31\18.17.18 013\Head1.jpg,True,837.277277884279,653.145151403759,.\Image\Alignment\2017\03\31\18.17.18 013\Head2.jpg,True,876.333341495005,613.113844931338,.\Image\Alignment\2017\03\31\18.17.18 013\Head3.jpg,True,853.967127488131,585.862653063979,.\Image\Alignment\2017\03\31\18.17.18 013\Head4.jpg
2017.03.31 18:17:19 879,TFT_SIDE5.46,0,RETRY,0.018,-0.0416,-0.0385,0.0219,-0.0089,0.00249,True,639.582620545104,481.229226472895,.\Image\Alignment\2017\03\31\18.17.19 879\Head1.jpg,True,653.862160999574,481.480179369662,.\Image\Alignment\2017\03\31\18.17.19 879\Head2.jpg,True,653.0182755296,479.991460316364,.\Image\Alignment\2017\03\31\18.17.19 879\Head3.jpg,True,638.569763072317,474.019051676138,.\Image\Alignment\2017\03\31\18.17.19 879\Head4.jpg
2017.03.31 18:17:21 637,TFT_SIDE5.46,0,RETRY,-0.0002,0.0041,0.0004,-0.0015,0.0006,0.00016,True,640.347687719632,480.387359080946,.\Image\Alignment\2017\03\31\18.17.21 637\Head1.jpg,True,637.756605110578,483.034764226912,.\Image\Alignment\2017\03\31\18.17.21 637\Head2.jpg,True,638.701268523454,483.668979856697,.\Image\Alignment\2017\03\31\18.17.21 637\Head3.jpg,True,640.67136040029,479.926091794491,.\Image\Alignment\2017\03\31\18.17.21 637\Head4.jpg
2017.03.31 18:17:23 410,TFT_SIDE5.46,0,OK,-0.0015,0.0041,0.0045,-0.0008,0,0,True,640.393433796694,479.890152496748,.\Image\Alignment\2017\03\31\18.17.23 410\Head1.jpg,True,638.905399553493,482.412582451162,.\Image\Alignment\2017\03\31\18.17.23 410\Head2.jpg,True,638.809562637404,483.429081825234,.\Image\Alignment\2017\03\31\18.17.23 410\Head3.jpg,True,640.22548381963,479.716614019121,.\Image\Alignment\2017\03\31\18.17.23 410\Head4.jpg
2017.03.31 18:17:41 867,TFT_SIDE5.46,90,RETRY,-0.7633,-0.6811,-0.8252,-0.6097,0.0876,0.03224,True,890.686292253799,557.289624993241,.\Image\Alignment\2017\03\31\18.17.41 867\Head1.jpg,True,834.639492504686,527.565030954111,.\Image\Alignment\2017\03\31\18.17.41 867\Head2.jpg,True,872.624277486216,515.851850882081,.\Image\Alignment\2017\03\31\18.17.41 867\Head3.jpg,True,848.960598541917,467.478750778557,.\Image\Alignment\2017\03\31\18.17.41 867\Head4.jpg
2017.03.31 18:17:43 667,TFT_SIDE5.46,90,RETRY,-0.0396,0.1091,0.1074,-0.0404,0.0983,-0.00677,True,640.758311155998,494.919031424971,.\Image\Alignment\2017\03\31\18.17.43 667\Head1.jpg,True,606.622150831559,505.844854092191,.\Image\Alignment\2017\03\31\18.17.43 667\Head2.jpg,True,606.993926274534,509.756358902024,.\Image\Alignment\2017\03\31\18.17.43 667\Head3.jpg,True,640.809223425084,513.889437361228,.\Image\Alignment\2017\03\31\18.17.43 667\Head4.jpg
2017.03.31 18:17:45 480,TFT_SIDE5.46,90,RETRY,0.0018,-0.0203,-0.0187,0.0025,-0.0134,0.00032,True,639.976602761662,476.951098294018,.\Image\Alignment\2017\03\31\18.17.45 480\Head1.jpg,True,645.579576677206,480.179845525336,.\Image\Alignment\2017\03\31\18.17.45 480\Head2.jpg,True,645.147421751418,480.032758518163,.\Image\Alignment\2017\03\31\18.17.45 480\Head3.jpg,True,639.809823601562,476.075769593432,.\Image\Alignment\2017\03\31\18.17.45 480\Head4.jpg
2017.03.31 18:17:47 212,TFT_SIDE5.46,90,OK,0.0001,0.0023,0.0018,-0.0009,0,0,True,639.962348180546,480.108953070948,.\Image\Alignment\2017\03\31\18.17.47 212\Head1.jpg,True,639.384805190491,483.636504434269,.\Image\Alignment\2017\03\31\18.17.47 212\Head2.jpg,True,639.527645915414,483.734081573082,.\Image\Alignment\2017\03\31\18.17.47 212\Head3.jpg,True,640.227540795509,480.297260534563,.\Image\Alignment\2017\03\31\18.17.47 212\Head4.jpg
2017.03.31 18:25:41 081,TFT_SIDE5.46,0,RETRY,-0.7649,-0.5102,-0.6596,-0.6193,0.576,0.02943,True,896.346162418263,676.355897381929,.\Image\Alignment\2017\03\31\18.25.41 081\Head1.jpg,True,838.7135941773,653.733044665273,.\Image\Alignment\2017\03\31\18.25.41 081\Head2.jpg,True,877.721579627497,620.041866868706,.\Image\Alignment\2017\03\31\18.25.41 081\Head3.jpg,True,856.072017798452,591.437825966957,.\Image\Alignment\2017\03\31\18.25.41 081\Head4.jpg
2017.03.31 18:25:42 962,TFT_SIDE5.46,0,RETRY,0.0087,-0.0431,-0.0427,0.0125,-0.0072,0.00075,True,639.011603561185,479.171973018327,.\Image\Alignment\2017\03\31\18.25.42 962\Head1.jpg,True,650.331007500481,480.806710526324,.\Image\Alignment\2017\03\31\18.25.42 962\Head2.jpg,True,650.196477894987,481.458239519526,.\Image\Alignment\2017\03\31\18.25.42 962\Head3.jpg,True,638.006442762539,476.990213158186,.\Image\Alignment\2017\03\31\18.25.42 962\Head4.jpg
2017.03.31 18:25:44 707,TFT_SIDE5.46,0,RETRY,-0.0015,0.01,0.009,-0.0003,0,0,True,640.407374284616,480.03239494206,.\Image\Alignment\2017\03\31\18.25.44 707\Head1.jpg,True,637.331888386381,482.66473333176,.\Image\Alignment\2017\03\31\18.25.44 707\Head2.jpg,True,637.606262680123,483.557291263397,.\Image\Alignment\2017\03\31\18.25.44 707\Head3.jpg,True,640.086462117329,479.920137546102,.\Image\Alignment\2017\03\31\18.25.44 707\Head4.jpg
2017.03.31 18:25:46 125,TFT_SIDE5.46,0,OK,0.0008,-0.0015,-0.0014,-0.0002,0,0,True,639.777055448935,480.014504465384,.\Image\Alignment\2017\03\31\18.25.46 125\Head1.jpg,True,640.399041046816,482.657132421662,.\Image\Alignment\2017\03\31\18.25.46 125\Head2.jpg,True,640.372338317188,483.637050521284,.\Image\Alignment\2017\03\31\18.25.46 125\Head3.jpg,True,640.063394607208,479.84978695738,.\Image\Alignment\2017\03\31\18.25.46 125\Head4.jpg
2017.03.31 18:26:04 813,TFT_SIDE5.46,90,RETRY,-0.7871,-0.6378,-0.7825,-0.6341,0.0752,0.0204,True,879.85924223791,534.126733712585,.\Image\Alignment\2017\03\31\18.26.04 813\Head1.jpg,True,822.845010756871,516.162517477451,.\Image\Alignment\2017\03\31\18.26.04 813\Head2.jpg,True,861.052914714264,504.671241310596,.\Image\Alignment\2017\03\31\18.26.04 813\Head3.jpg,True,838.293746145703,477.622029182884,.\Image\Alignment\2017\03\31\18.26.04 813\Head4.jpg
2017.03.31 18:26:06 707,TFT_SIDE5.46,90,RETRY,-0.0076,0.0589,0.058,-0.0092,0.0508,-0.00172,True,639.536355089569,490.666258443253,.\Image\Alignment\2017\03\31\18.26.06 707\Head1.jpg,True,623.194453097667,496.146719074619,.\Image\Alignment\2017\03\31\18.26.06 707\Head2.jpg,True,623.381388493104,497.146092975949,.\Image\Alignment\2017\03\31\18.26.06 707\Head3.jpg,True,639.87773305332,495.464390878843,.\Image\Alignment\2017\03\31\18.26.06 707\Head4.jpg
2017.03.31 18:26:08 561,TFT_SIDE5.46,90,RETRY,0.0018,-0.0074,-0.005,0.0023,-0.0037,0.00036,True,640.049194897266,479.603140798876,.\Image\Alignment\2017\03\31\18.26.08 561\Head1.jpg,True,641.857844765036,482.599383761372,.\Image\Alignment\2017\03\31\18.26.08 561\Head2.jpg,True,641.211705043864,482.696690274322,.\Image\Alignment\2017\03\31\18.26.08 561\Head3.jpg,True,639.899452940358,478.597532936041,.\Image\Alignment\2017\03\31\18.26.08 561\Head4.jpg
2017.03.31 18:26:10 402,TFT_SIDE5.46,90,RETRY,-0.002,0.0023,0.0005,-0.0004,0.0016,-0.00016,True,640.305561138317,480.160833646597,.\Image\Alignment\2017\03\31\18.26.10 402\Head1.jpg,True,638.861604323659,483.544116159793,.\Image\Alignment\2017\03\31\18.26.10 402\Head2.jpg,True,639.327701957683,484.032609447747,.\Image\Alignment\2017\03\31\18.26.10 402\Head3.jpg,True,639.888690473485,480.598056781745,.\Image\Alignment\2017\03\31\18.26.10 402\Head4.jpg
2017.03.31 18:26:12 148,TFT_SIDE5.46,90,OK,0.0009,0.0005,0.0005,-0.001,0,0,True,639.768711696496,479.71295289985,.\Image\Alignment\2017\03\31\18.26.12 148\Head1.jpg,True,639.869386304267,483.187681063017,.\Image\Alignment\2017\03\31\18.26.12 148\Head2.jpg,True,639.854952056379,483.238921597228,.\Image\Alignment\2017\03\31\18.26.12 148\Head3.jpg,True,640.275176044649,479.674519194079,.\Image\Alignment\2017\03\31\18.26.12 148\Head4.jpg
2017.03.31 18:29:02 490,TFT_SIDE5.46,0,RETRY,-0.7868,-0.554,-0.6995,-0.6382,0.4281,0.02668,True,897.332194716693,632.881007745458,.\Image\Alignment\2017\03\31\18.29.02 490\Head1.jpg,True,840.206387731177,612.724870946195,.\Image\Alignment\2017\03\31\18.29.02 490\Head2.jpg,True,878.322261067049,584.588298631864,.\Image\Alignment\2017\03\31\18.29.02 490\Head3.jpg,True,856.454692667187,556.116048665998,.\Image\Alignment\2017\03\31\18.29.02 490\Head4.jpg
2017.03.31 18:29:04 425,TFT_SIDE5.46,0,RETRY,-0.0024,-0.0284,-0.0305,0.0016,-0.0037,-0.0006,True,639.571456680012,478.146193978051,.\Image\Alignment\2017\03\31\18.29.04 425\Head1.jpg,True,644.726168124121,481.406599450078,.\Image\Alignment\2017\03\31\18.29.04 425\Head2.jpg,True,645.278908377356,482.968337404005,.\Image\Alignment\2017\03\31\18.29.04 425\Head3.jpg,True,638.522389700355,479.880042599285,.\Image\Alignment\2017\03\31\18.29.04 425\Head4.jpg
2017.03.31 18:29:06 279,TFT_SIDE5.46,0,OK,0.0006,0.0075,0.0077,0.0007,0,0,True,639.847031517983,480.313819082169,.\Image\Alignment\2017\03\31\18.29.06 279\Head1.jpg,True,637.989413685913,482.958846797168,.\Image\Alignment\2017\03\31\18.29.06 279\Head2.jpg,True,637.942608859794,483.897055670426,.\Image\Alignment\2017\03\31\18.29.06 279\Head3.jpg,True,639.807820578389,480.070428465767,.\Image\Alignment\2017\03\31\18.29.06 279\Head4.jpg
2017.03.31 18:29:24 802,TFT_SIDE5.46,90,RETRY,-0.6502,-0.4764,-0.6196,-0.4988,0.0521,0.01474,True,835.051569762222,518.486598603995,.\Image\Alignment\2017\03\31\18.29.24 802\Head1.jpg,True,778.798754039424,507.767539232052,.\Image\Alignment\2017\03\31\18.29.24 802\Head2.jpg,True,816.648482320556,497.188928786623,.\Image\Alignment\2017\03\31\18.29.24 802\Head3.jpg,True,794.0984414854,477.736751383071,.\Image\Alignment\2017\03\31\18.29.24 802\Head4.jpg
2017.03.31 18:29:26 588,TFT_SIDE5.46,90,RETRY,0.0024,0.0376,0.0358,0.0034,0.0409,0.00024,True,639.704297701147,491.313379704313,.\Image\Alignment\2017\03\31\18.29.26 588\Head1.jpg,True,630.070169840862,494.595748267069,.\Image\Alignment\2017\03\31\18.29.26 588\Head2.jpg,True,630.513984909315,494.499231629195,.\Image\Alignment\2017\03\31\18.29.26 588\Head3.jpg,True,639.40555664647,490.590745726943,.\Image\Alignment\2017\03\31\18.29.26 588\Head4.jpg
2017.03.31 18:29:28 401,TFT_SIDE5.46,90,OK,-0.0005,0.0008,0.0017,-0.0013,0,0,True,640.132522687784,479.741598226338,.\Image\Alignment\2017\03\31\18.29.28 401\Head1.jpg,True,639.783133531406,483.400789768482,.\Image\Alignment\2017\03\31\18.29.28 401\Head2.jpg,True,639.539310772606,483.277902372702,.\Image\Alignment\2017\03\31\18.29.28 401\Head3.jpg,True,640.339212326704,479.736036686459,.\Image\Alignment\2017\03\31\18.29.28 401\Head4.jpg
2017.03.31 18:32:26 684,TFT_SIDE5.46,0,RETRY,-0.7614,-0.5808,-0.7294,-0.6122,0.4667,0.0353,True,905.78279175775,655.70221812622,.\Image\Alignment\2017\03\31\18.32.26 684\Head1.jpg,True,848.437098548274,619.113403285211,.\Image\Alignment\2017\03\31\18.32.26 684\Head2.jpg,True,887.339360536757,590.397204118817,.\Image\Alignment\2017\03\31\18.32.26 684\Head3.jpg,True,864.685851000261,553.909766099441,.\Image\Alignment\2017\03\31\18.32.26 684\Head4.jpg
2017.03.31 18:32:28 483,TFT_SIDE5.46,0,RETRY,0.0047,0.031,0.0306,0.0071,0.0022,0.00054,True,639.696938476509,481.376739255346,.\Image\Alignment\2017\03\31\18.32.28 483\Head1.jpg,True,631.260706395591,483.479152956876,.\Image\Alignment\2017\03\31\18.32.28 483\Head2.jpg,True,631.353465076119,483.72402309549,.\Image\Alignment\2017\03\31\18.32.28 483\Head3.jpg,True,639.060651518465,479.790759279798,.\Image\Alignment\2017\03\31\18.32.28 483\Head4.jpg
2017.03.31 18:32:30 281,TFT_SIDE5.46,0,OK,0.0001,0.0043,0.0054,0.001,0,0,True,639.985137041661,480.030171275699,.\Image\Alignment\2017\03\31\18.32.30 281\Head1.jpg,True,638.846339746003,483.260933767839,.\Image\Alignment\2017\03\31\18.32.30 281\Head2.jpg,True,638.563618626225,483.463143321505,.\Image\Alignment\2017\03\31\18.32.30 281\Head3.jpg,True,639.729644014324,479.92896491507,.\Image\Alignment\2017\03\31\18.32.30 281\Head4.jpg
2017.03.31 18:32:48 819,TFT_SIDE5.46,90,RETRY,-0.6824,-0.5613,-0.7059,-0.5302,0.0669,0.02648,True,860.715247748557,542.091506213775,.\Image\Alignment\2017\03\31\18.32.48 819\Head1.jpg,True,804.403610027297,516.52814230474,.\Image\Alignment\2017\03\31\18.32.48 819\Head2.jpg,True,842.587725918803,503.26317510357,.\Image\Alignment\2017\03\31\18.32.48 819\Head3.jpg,True,819.454926745614,468.394578762651,.\Image\Alignment\2017\03\31\18.32.48 819\Head4.jpg
2017.03.31 18:32:50 688,TFT_SIDE5.46,90,RETRY,-0.0127,0.0837,0.0834,-0.0133,0.0607,-0.00226,True,640.127345563192,492.424563749561,.\Image\Alignment\2017\03\31\18.32.50 688\Head1.jpg,True,616.12725491282,498.053765371933,.\Image\Alignment\2017\03\31\18.32.50 688\Head2.jpg,True,616.155876753667,499.465550802821,.\Image\Alignment\2017\03\31\18.32.50 688\Head3.jpg,True,640.206900626911,498.720126644031,.\Image\Alignment\2017\03\31\18.32.50 688\Head4.jpg
2017.03.31 18:32:52 529,TFT_SIDE5.46,90,RETRY,0.0011,-0.0074,-0.0066,0.0009,-0.0048,0.0002,True,640.003745050233,479.044567920184,.\Image\Alignment\2017\03\31\18.32.52 529\Head1.jpg,True,642.081220102234,482.208071792632,.\Image\Alignment\2017\03\31\18.32.52 529\Head2.jpg,True,641.853506198034,482.109006739972,.\Image\Alignment\2017\03\31\18.32.52 529\Head3.jpg,True,640.055149939577,478.496620345898,.\Image\Alignment\2017\03\31\18.32.52 529\Head4.jpg
2017.03.31 18:32:54 261,TFT_SIDE5.46,90,OK,0.0001,0.0005,0.001,-0.0001,0,0,True,639.973218725804,480.14159269815,.\Image\Alignment\2017\03\31\18.32.54 261\Head1.jpg,True,639.871854033785,483.37462426286,.\Image\Alignment\2017\03\31\18.32.54 261\Head2.jpg,True,639.738629868901,483.516198259469,.\Image\Alignment\2017\03\31\18.32.54 261\Head3.jpg,True,640.039601582755,480.213616027231,.\Image\Alignment\2017\03\31\18.32.54 261\Head4.jpg
2017.03.31 18:37:40 640,TFT_SIDE5.46,0,RETRY,-0.7334,-0.4507,-0.5994,-0.583,0.4775,0.0378,True,902.697897252073,662.224498425284,.\Image\Alignment\2017\03\31\18.37.40 640\Head1.jpg,True,844.89608693841,635.47970626291,.\Image\Alignment\2017\03\31\18.37.40 640\Head2.jpg,True,883.837701337023,589.78733708062,.\Image\Alignment\2017\03\31\18.37.40 640\Head3.jpg,True,861.325217257329,553.167528990904,.\Image\Alignment\2017\03\31\18.37.40 640\Head4.jpg
2017.03.31 18:37:42 535,TFT_SIDE5.46,0,RETRY,0.0229,-0.0522,-0.0522,0.0244,0.0282,0.00323,True,639.590170410019,492.205523641784,.\Image\Alignment\2017\03\31\18.37.42 535\Head1.jpg,True,658.036767349035,491.851692873742,.\Image\Alignment\2017\03\31\18.37.42 535\Head2.jpg,True,657.991485162125,489.634957532113,.\Image\Alignment\2017\03\31\18.37.42 535\Head3.jpg,True,639.164128824405,482.801630321438,.\Image\Alignment\2017\03\31\18.37.42 535\Head4.jpg
2017.03.31 18:37:44 212,TFT_SIDE5.46,0,OK,-0.0006,0.0039,0.005,-0.0006,0,0,True,640.17322326353,480.041752141311,.\Image\Alignment\2017\03\31\18.37.44 212\Head1.jpg,True,638.959237916356,483.150705170132,.\Image\Alignment\2017\03\31\18.37.44 212\Head2.jpg,True,638.65377889308,483.685710895975,.\Image\Alignment\2017\03\31\18.37.44 212\Head3.jpg,True,640.170830285732,479.974662463003,.\Image\Alignment\2017\03\31\18.37.44 212\Head4.jpg
2017.03.31 18:38:02 666,TFT_SIDE5.46,90,RETRY,-0.7191,-0.6104,-0.7553,-0.5651,0.1055,0.03179,True,878.226123222904,561.303447753195,.\Image\Alignment\2017\03\31\18.38.02 666\Head1.jpg,True,821.419964859552,529.254086228965,.\Image\Alignment\2017\03\31\18.38.02 666\Head2.jpg,True,859.64362179903,512.40334877109,.\Image\Alignment\2017\03\31\18.38.02 666\Head3.jpg,True,836.421316901503,472.683784497891,.\Image\Alignment\2017\03\31\18.38.02 666\Head4.jpg
2017.03.31 18:38:04 478,TFT_SIDE5.46,90,RETRY,-0.013,0.0961,0.0961,-0.0143,0.0685,-0.00225,True,640.215750658253,494.527210153632,.\Image\Alignment\2017\03\31\18.38.04 478\Head1.jpg,True,613.170943582575,500.343932925706,.\Image\Alignment\2017\03\31\18.38.04 478\Head2.jpg,True,613.09919026926,501.444117854144,.\Image\Alignment\2017\03\31\18.38.04 478\Head3.jpg,True,640.481323846581,500.783081165553,.\Image\Alignment\2017\03\31\18.38.04 478\Head4.jpg
2017.03.31 18:38:06 222,TFT_SIDE5.46,90,RETRY,0.0022,-0.0082,-0.0083,0.0015,-0.0052,0.00017,True,639.657664533215,478.895982644222,.\Image\Alignment\2017\03\31\18.38.06 222\Head1.jpg,True,642.003762159716,482.058862967957,.\Image\Alignment\2017\03\31\18.38.06 222\Head2.jpg,True,642.013020446137,482.222657759573,.\Image\Alignment\2017\03\31\18.38.06 222\Head3.jpg,True,639.843456670044,478.427638362044,.\Image\Alignment\2017\03\31\18.38.06 222\Head4.jpg
2017.03.31 18:38:08 049,TFT_SIDE5.46,90,OK,-0.0013,0.0027,0.0036,0.0001,0,0,True,640.348936389878,480.178536587748,.\Image\Alignment\2017\03\31\18.38.08 049\Head1.jpg,True,639.291167405418,483.458619363781,.\Image\Alignment\2017\03\31\18.38.08 049\Head2.jpg,True,639.042118052097,483.560747604426,.\Image\Alignment\2017\03\31\18.38.08 049\Head3.jpg,True,639.960450490967,480.147605977361,.\Image\Alignment\2017\03\31\18.38.08 049\Head4.jpg
2017.03.31 18:41:53 159,TFT_SIDE5.46,0,RETRY,-0.6423,-0.4129,-0.5593,-0.493,0.5129,0.02612,True,857.743131053356,654.71593783187,.\Image\Alignment\2017\03\31\18.41.53 159\Head1.jpg,True,800.881874594571,629.364160188529,.\Image\Alignment\2017\03\31\18.41.53 159\Head2.jpg,True,839.179700928021,602.087167254124,.\Image\Alignment\2017\03\31\18.41.53 159\Head3.jpg,True,816.713075473416,579.271612406062,.\Image\Alignment\2017\03\31\18.41.53 159\Head4.jpg
2017.03.31 18:41:55 013,TFT_SIDE5.46,0,RETRY,0.0163,-0.0064,-0.0076,0.0201,-0.01,0.00206,True,639.287262937266,480.316299039873,.\Image\Alignment\2017\03\31\18.41.55 013\Head1.jpg,True,643.951728273557,480.965326970504,.\Image\Alignment\2017\03\31\18.41.55 013\Head2.jpg,True,644.256410302542,479.749770953912,.\Image\Alignment\2017\03\31\18.41.55 013\Head3.jpg,True,638.289801977739,474.336155258655,.\Image\Alignment\2017\03\31\18.41.55 013\Head4.jpg
2017.03.31 18:41:56 853,TFT_SIDE5.46,0,RETRY,0.001,0.0017,0.0008,0.0021,0.0005,0.00016,True,640.020285628118,480.361910249704,.\Image\Alignment\2017\03\31\18.41.56 853\Head1.jpg,True,638.323844178654,482.899570684649,.\Image\Alignment\2017\03\31\18.41.56 853\Head2.jpg,True,638.569297090376,483.558461487882,.\Image\Alignment\2017\03\31\18.41.56 853\Head3.jpg,True,639.730470768634,479.883539582534,.\Image\Alignment\2017\03\31\18.41.56 853\Head4.jpg
2017.03.31 18:41:58 585,TFT_SIDE5.46,0,OK,-0.001,0.0042,0.0049,-0.0017,0,0,True,640.254685175198,479.816490681356,.\Image\Alignment\2017\03\31\18.41.58 585\Head1.jpg,True,638.868402691605,482.782998855437,.\Image\Alignment\2017\03\31\18.41.58 585\Head2.jpg,True,638.700973500341,483.460573326448,.\Image\Alignment\2017\03\31\18.41.58 585\Head3.jpg,True,640.455168163285,480.034295986049,.\Image\Alignment\2017\03\31\18.41.58 585\Head4.jpg
2017.03.31 18:42:17 029,TFT_SIDE5.46,90,RETRY,-0.6929,-0.6174,-0.7617,-0.538,0.1776,0.02397,True,859.871588854549,567.441333840459,.\Image\Alignment\2017\03\31\18.42.17 029\Head1.jpg,True,803.054602882668,536.726668888683,.\Image\Alignment\2017\03\31\18.42.17 029\Head2.jpg,True,841.035813745515,538.353611268247,.\Image\Alignment\2017\03\31\18.42.17 029\Head3.jpg,True,817.775332744293,500.670260788241,.\Image\Alignment\2017\03\31\18.42.17 029\Head4.jpg
2017.03.31 18:42:18 936,TFT_SIDE5.46,90,RETRY,-0.0403,0.1165,0.1167,-0.0422,0.0871,-0.00719,True,640.357802104414,491.223596564825,.\Image\Alignment\2017\03\31\18.42.18 936\Head1.jpg,True,604.389287682357,502.526113998399,.\Image\Alignment\2017\03\31\18.42.18 936\Head2.jpg,True,604.247606041211,506.680546360252,.\Image\Alignment\2017\03\31\18.42.18 936\Head3.jpg,True,640.718150994519,511.371405704048,.\Image\Alignment\2017\03\31\18.42.18 936\Head4.jpg
2017.03.31 18:42:20 776,TFT_SIDE5.46,90,RETRY,0.0031,-0.0203,-0.0211,0.003,-0.0146,0.00029,True,639.60664706806,476.59000685929,.\Image\Alignment\2017\03\31\18.42.20 776\Head1.jpg,True,645.59070157832,479.799691646269,.\Image\Alignment\2017\03\31\18.42.20 776\Head2.jpg,True,645.807119553457,479.642363496093,.\Image\Alignment\2017\03\31\18.42.20 776\Head3.jpg,True,639.64147829885,475.775021557292,.\Image\Alignment\2017\03\31\18.42.20 776\Head4.jpg
2017.03.31 18:42:22 619,TFT_SIDE5.46,90,OK,-0.0008,0.0015,0.0009,-0.0004,0,0,True,640.21231224542,480.593822629031,.\Image\Alignment\2017\03\31\18.42.22 619\Head1.jpg,True,639.594516964403,483.947563106396,.\Image\Alignment\2017\03\31\18.42.22 619\Head2.jpg,True,639.754648994726,483.934372830892,.\Image\Alignment\2017\03\31\18.42.22 619\Head3.jpg,True,640.110404885874,480.652335271554,.\Image\Alignment\2017\03\31\18.42.22 619\Head4.jpg
2017.03.31 18:48:20 375,TFT_SIDE5.46,0,RETRY,-0.7973,-0.6093,-0.7551,-0.6479,0.4842,0.02914,True,904.469294201082,651.405849817708,.\Image\Alignment\2017\03\31\18.48.20 375\Head1.jpg,True,847.458755136624,626.601149805288,.\Image\Alignment\2017\03\31\18.48.20 375\Head2.jpg,True,885.566538287787,602.557238687694,.\Image\Alignment\2017\03\31\18.48.20 375\Head3.jpg,True,863.279313252968,567.478873175331,.\Image\Alignment\2017\03\31\18.48.20 375\Head4.jpg
2017.03.31 18:48:22 240,TFT_SIDE5.46,0,RETRY,-0.0113,0.0068,0.0026,-0.0101,0.0064,-0.00233,True,638.911791961485,478.335574661359,.\Image\Alignment\2017\03\31\18.48.22 240\Head1.jpg,True,632.540096784851,483.343408229571,.\Image\Alignment\2017\03\31\18.48.22 240\Head2.jpg,True,633.638247924592,486.413746444278,.\Image\Alignment\2017\03\31\18.48.22 240\Head3.jpg,True,638.558621158578,485.084238600339,.\Image\Alignment\2017\03\31\18.48.22 240\Head4.jpg
2017.03.31 18:48:24 026,TFT_SIDE5.46,0,OK,0.0003,0.0035,0.0032,-0.0004,0,0,True,639.907734288485,480.251093143517,.\Image\Alignment\2017\03\31\18.48.24 026\Head1.jpg,True,639.06091509729,482.952085607268,.\Image\Alignment\2017\03\31\18.48.24 026\Head2.jpg,True,639.15693270018,483.964004505694,.\Image\Alignment\2017\03\31\18.48.24 026\Head3.jpg,True,640.104509054233,480.011772224234,.\Image\Alignment\2017\03\31\18.48.24 026\Head4.jpg
2017.03.31 18:48:42 563,TFT_SIDE5.46,90,RETRY,-0.7079,-0.5557,-0.7002,-0.556,0.0284,0.01709,True,853.88985466317,516.104485020264,.\Image\Alignment\2017\03\31\18.48.42 563\Head1.jpg,True,797.681537392002,501.120518811321,.\Image\Alignment\2017\03\31\18.48.42 563\Head2.jpg,True,835.882014057139,492.609043074104,.\Image\Alignment\2017\03\31\18.48.42 563\Head3.jpg,True,812.763906653054,468.834774262512,.\Image\Alignment\2017\03\31\18.48.42 563\Head4.jpg
2017.03.31 18:48:44 335,TFT_SIDE5.46,90,RETRY,-0.0113,0.0529,0.0517,-0.0083,0.0431,-0.0018,True,640.406775228382,488.510430033772,.\Image\Alignment\2017\03\31\18.48.44 335\Head1.jpg,True,624.520907000958,493.869220789818,.\Image\Alignment\2017\03\31\18.48.44 335\Head2.jpg,True,624.812628492841,495.113583085041,.\Image\Alignment\2017\03\31\18.48.44 335\Head3.jpg,True,639.551524273608,493.52361539421,.\Image\Alignment\2017\03\31\18.48.44 335\Head4.jpg
2017.03.31 18:48:46 081,TFT_SIDE5.46,90,OK,0.0008,-0.0055,-0.0045,0.0001,0,0,True,639.788112491235,478.857952950033,.\Image\Alignment\2017\03\31\18.48.46 081\Head1.jpg,True,641.467835221552,482.199957030224,.\Image\Alignment\2017\03\31\18.48.46 081\Head2.jpg,True,641.206145162428,482.279541927733,.\Image\Alignment\2017\03\31\18.48.46 081\Head3.jpg,True,639.973945944048,478.712327189919,.\Image\Alignment\2017\03\31\18.48.46 081\Head4.jpg
2017.03.31 18:51:44 139,TFT_SIDE5.46,0,RETRY,-0.7418,-0.528,-0.6756,-0.5917,0.5851,0.03265,True,895.86107277836,683.453876797468,.\Image\Alignment\2017\03\31\18.51.44 139\Head1.jpg,True,837.867922747881,654.519825271643,.\Image\Alignment\2017\03\31\18.51.44 139\Head2.jpg,True,876.39560110162,623.873469257534,.\Image\Alignment\2017\03\31\18.51.44 139\Head3.jpg,True,854.389283134378,589.181700019889,.\Image\Alignment\2017\03\31\18.51.44 139\Head4.jpg
2017.03.31 18:51:46 033,TFT_SIDE5.46,0,RETRY,0.0002,-0.0062,-0.0064,0.0016,-0.026,-0.00049,True,639.081661951506,472.361086736503,.\Image\Alignment\2017\03\31\18.51.46 033\Head1.jpg,True,639.395824839761,475.652841581622,.\Image\Alignment\2017\03\31\18.51.46 033\Head2.jpg,True,639.443636763442,476.889551355488,.\Image\Alignment\2017\03\31\18.51.46 033\Head3.jpg,True,638.744933277244,473.794701550517,.\Image\Alignment\2017\03\31\18.51.46 033\Head4.jpg
2017.03.31 18:51:47 793,TFT_SIDE5.46,0,OK,0.0005,0.0053,0.0065,0.0007,0,0,True,639.872682772264,480.27898484297,.\Image\Alignment\2017\03\31\18.51.47 793\Head1.jpg,True,638.591739645899,483.225185355153,.\Image\Alignment\2017\03\31\18.51.47 793\Head2.jpg,True,638.273952033453,483.920005916729,.\Image\Alignment\2017\03\31\18.51.47 793\Head3.jpg,True,639.817386685368,480.081779797339,.\Image\Alignment\2017\03\31\18.51.47 793\Head4.jpg
2017.03.31 18:52:06 318,TFT_SIDE5.46,90,RETRY,-0.7768,-0.6412,-0.7844,-0.624,0.0854,0.02264,True,880.371461313234,540.607594890981,.\Image\Alignment\2017\03\31\18.52.06 318\Head1.jpg,True,823.797920114293,518.913193591776,.\Image\Alignment\2017\03\31\18.52.06 318\Head2.jpg,True,861.586486457543,507.375645467727,.\Image\Alignment\2017\03\31\18.52.06 318\Head3.jpg,True,838.856199928056,477.778151017545,.\Image\Alignment\2017\03\31\18.52.06 318\Head4.jpg
2017.03.31 18:52:08 130,TFT_SIDE5.46,90,RETRY,-0.0103,0.0729,0.0697,-0.0093,0.0564,-0.00194,True,639.942668700068,491.798775172186,.\Image\Alignment\2017\03\31\18.52.08 130\Head1.jpg,True,619.446039947545,497.387223021,.\Image\Alignment\2017\03\31\18.52.08 130\Head2.jpg,True,620.249076446173,498.396698267759,.\Image\Alignment\2017\03\31\18.52.08 130\Head3.jpg,True,639.585255473582,497.208586911108,.\Image\Alignment\2017\03\31\18.52.08 130\Head4.jpg
2017.03.31 18:52:09 958,TFT_SIDE5.46,90,RETRY,0.0039,-0.0079,-0.006,0.0017,-0.0041,0.00029,True,639.365993171252,479.376157774304,.\Image\Alignment\2017\03\31\18.52.09 958\Head1.jpg,True,641.927305781828,482.294883435134,.\Image\Alignment\2017\03\31\18.52.09 958\Head2.jpg,True,641.418334545786,482.454454401248,.\Image\Alignment\2017\03\31\18.52.09 958\Head3.jpg,True,639.96095143137,478.575077595401,.\Image\Alignment\2017\03\31\18.52.09 958\Head4.jpg
2017.03.31 18:52:11 675,TFT_SIDE5.46,90,OK,-0.0018,0.0022,0.003,-0.0008,0,0,True,640.480441626667,480.088314146353,.\Image\Alignment\2017\03\31\18.52.11 675\Head1.jpg,True,639.403300346664,483.343188604617,.\Image\Alignment\2017\03\31\18.52.11 675\Head2.jpg,True,639.213182982044,483.620459382331,.\Image\Alignment\2017\03\31\18.52.11 675\Head3.jpg,True,640.22366611498,480.193634108464,.\Image\Alignment\2017\03\31\18.52.11 675\Head4.jpg
2017.03.31 18:55:07 481,TFT_SIDE5.46,0,RETRY,-0.7937,-0.7495,-0.8961,-0.6457,0.5097,0.02605,True,898.054426602198,653.734474172703,.\Image\Alignment\2017\03\31\18.55.07 481\Head1.jpg,True,840.935483117549,611.410503496897,.\Image\Alignment\2017\03\31\18.55.07 481\Head2.jpg,True,879.240562745014,611.274973589876,.\Image\Alignment\2017\03\31\18.55.07 481\Head3.jpg,True,857.230168319597,578.71538939081,.\Image\Alignment\2017\03\31\18.55.07 481\Head4.jpg
2017.03.31 18:55:09 345,TFT_SIDE5.46,0,RETRY,-0.0045,0.155,0.1528,-0.0018,0.0165,-0.00104,True,639.370904713658,482.907754264533,.\Image\Alignment\2017\03\31\18.55.09 345\Head1.jpg,True,594.84260663441,486.200187071285,.\Image\Alignment\2017\03\31\18.55.09 345\Head2.jpg,True,595.42664973827,488.222617485638,.\Image\Alignment\2017\03\31\18.55.09 345\Head3.jpg,True,638.629594425619,485.903304763955,.\Image\Alignment\2017\03\31\18.55.09 345\Head4.jpg
2017.03.31 18:55:11 103,TFT_SIDE5.46,0,RETRY,0.0011,0.0088,0.0101,0.0018,0,0,True,639.705365107004,479.988049209726,.\Image\Alignment\2017\03\31\18.55.11 103\Head1.jpg,True,637.66382057441,482.436309300195,.\Image\Alignment\2017\03\31\18.55.11 103\Head2.jpg,True,637.308394029467,483.579636246795,.\Image\Alignment\2017\03\31\18.55.11 103\Head3.jpg,True,639.507380026858,480.065266496402,.\Image\Alignment\2017\03\31\18.55.11 103\Head4.jpg
2017.03.31 18:55:12 550,TFT_SIDE5.46,0,OK,0.0003,0.0005,-0.0017,0.0004,0,0,True,639.92994389679,479.721640213392,.\Image\Alignment\2017\03\31\18.55.12 550\Head1.jpg,True,639.863312103116,482.795083691549,.\Image\Alignment\2017\03\31\18.55.12 550\Head2.jpg,True,640.461191757867,483.070608972453,.\Image\Alignment\2017\03\31\18.55.12 550\Head3.jpg,True,639.885362245881,479.824878095525,.\Image\Alignment\2017\03\31\18.55.12 550\Head4.jpg
2017.03.31 18:55:31 159,TFT_SIDE5.46,90,RETRY,-0.7377,-0.5609,-0.7044,-0.5878,0.015,0.01562,True,859.707697998136,510.034157435688,.\Image\Alignment\2017\03\31\18.55.31 159\Head1.jpg,True,803.82679969093,504.934737234661,.\Image\Alignment\2017\03\31\18.55.31 159\Head2.jpg,True,841.737155126557,492.099152659117,.\Image\Alignment\2017\03\31\18.55.31 159\Head3.jpg,True,819.100499581089,466.961437007977,.\Image\Alignment\2017\03\31\18.55.31 159\Head4.jpg
2017.03.31 18:55:32 945,TFT_SIDE5.46,90,RETRY,-0.0138,0.0258,0.0245,-0.0137,0.0703,-0.00225,True,640.440153378499,495.013701153703,.\Image\Alignment\2017\03\31\18.55.32 945\Head1.jpg,True,631.654954967363,500.931083647127,.\Image\Alignment\2017\03\31\18.55.32 945\Head2.jpg,True,631.929627742542,502.276012755421,.\Image\Alignment\2017\03\31\18.55.32 945\Head3.jpg,True,640.311922865423,501.277540861877,.\Image\Alignment\2017\03\31\18.55.32 945\Head4.jpg
2017.03.31 18:55:34 772,TFT_SIDE5.46,90,OK,0.001,-0.0074,-0.0052,0.0012,0,0,True,639.724917102441,479.074737164688,.\Image\Alignment\2017\03\31\18.55.34 772\Head1.jpg,True,641.969229646521,482.418172478331,.\Image\Alignment\2017\03\31\18.55.34 772\Head2.jpg,True,641.392848208007,482.694395304038,.\Image\Alignment\2017\03\31\18.55.34 772\Head3.jpg,True,639.677379204907,478.97504982362,.\Image\Alignment\2017\03\31\18.55.34 772\Head4.jpg
2017.03.31 18:58:28 555,TFT_SIDE5.46,0,RETRY,-0.6877,-0.4838,-0.6304,-0.5391,0.5078,0.04121,True,896.506289150491,675.274205138161,.\Image\Alignment\2017\03\31\18.58.28 555\Head1.jpg,True,838.905586581015,652.812937812482,.\Image\Alignment\2017\03\31\18.58.28 555\Head2.jpg,True,877.209579185758,615.181424789039,.\Image\Alignment\2017\03\31\18.58.28 555\Head3.jpg,True,855.613324528299,556.258119209866,.\Image\Alignment\2017\03\31\18.58.28 555\Head4.jpg
2017.03.31 18:58:30 395,TFT_SIDE5.46,0,RETRY,-0.045,-0.0455,-0.0483,-0.0413,0.0515,-0.0067,True,640.199487571074,484.04589321283,.\Image\Alignment\2017\03\31\18.58.30 395\Head1.jpg,True,637.689679111478,492.904919053339,.\Image\Alignment\2017\03\31\18.58.30 395\Head2.jpg,True,638.37303466583,500.781291300582,.\Image\Alignment\2017\03\31\18.58.30 395\Head3.jpg,True,639.1299981809,503.409276665416,.\Image\Alignment\2017\03\31\18.58.30 395\Head4.jpg
2017.03.31 18:58:32 208,TFT_SIDE5.46,0,RETRY,-0.0002,0.0031,0.0058,-0.0007,0.0018,-0.00044,True,639.267818961814,479.829095295844,.\Image\Alignment\2017\03\31\18.58.32 208\Head1.jpg,True,637.486894169296,483.168533702583,.\Image\Alignment\2017\03\31\18.58.32 208\Head2.jpg,True,636.76613222419,484.0750327391,.\Image\Alignment\2017\03\31\18.58.32 208\Head3.jpg,True,639.398719104021,481.106951672836,.\Image\Alignment\2017\03\31\18.58.32 208\Head4.jpg
2017.03.31 18:58:33 912,TFT_SIDE5.46,0,OK,-0.0015,0.0005,0.0019,-0.0021,0,0,True,640.399524623576,480.033733585427,.\Image\Alignment\2017\03\31\18.58.33 912\Head1.jpg,True,639.855510719334,483.081434692854,.\Image\Alignment\2017\03\31\18.58.33 912\Head2.jpg,True,639.506646035406,483.616788942684,.\Image\Alignment\2017\03\31\18.58.33 912\Head3.jpg,True,640.568872085924,479.992947696003,.\Image\Alignment\2017\03\31\18.58.33 912\Head4.jpg
2017.03.31 18:58:52 349,TFT_SIDE5.46,90,RETRY,-0.7781,-0.646,-0.7893,-0.6234,0.0915,0.02402,True,882.690185262945,544.529282885984,.\Image\Alignment\2017\03\31\18.58.52 349\Head1.jpg,True,826.398553349117,520.724036529909,.\Image\Alignment\2017\03\31\18.58.52 349\Head2.jpg,True,864.224969487437,507.989104482013,.\Image\Alignment\2017\03\31\18.58.52 349\Head3.jpg,True,840.661670061547,477.837967342396,.\Image\Alignment\2017\03\31\18.58.52 349\Head4.jpg
2017.03.31 18:58:54 202,TFT_SIDE5.46,90,RETRY,-0.0077,0.0736,0.0738,-0.0112,0.055,-0.00163,True,639.70103756546,491.961943609209,.\Image\Alignment\2017\03\31\18.58.54 202\Head1.jpg,True,619.189644834675,497.060209985239,.\Image\Alignment\2017\03\31\18.58.54 202\Head2.jpg,True,619.100479382299,498.135484695883,.\Image\Alignment\2017\03\31\18.58.54 202\Head3.jpg,True,640.565559891563,496.490571200726,.\Image\Alignment\2017\03\31\18.58.54 202\Head4.jpg
2017.03.31 18:58:56 070,TFT_SIDE5.46,90,RETRY,-0.0008,-0.0073,-0.0067,0.0009,-0.0031,0.00022,True,640.534636301829,479.548087177351,.\Image\Alignment\2017\03\31\18.58.56 070\Head1.jpg,True,641.671395712366,482.436160603306,.\Image\Alignment\2017\03\31\18.58.56 070\Head2.jpg,True,641.519958264287,482.676974994766,.\Image\Alignment\2017\03\31\18.58.56 070\Head3.jpg,True,640.100491560966,478.923111808219,.\Image\Alignment\2017\03\31\18.58.56 070\Head4.jpg
2017.03.31 18:58:57 869,TFT_SIDE5.46,90,OK,-0.0002,0.0031,0.0021,-0.0001,0,0,True,640.042240763174,480.374928738403,.\Image\Alignment\2017\03\31\18.58.57 869\Head1.jpg,True,639.17068911256,483.540520159077,.\Image\Alignment\2017\03\31\18.58.57 869\Head2.jpg,True,639.431523717633,483.849445802556,.\Image\Alignment\2017\03\31\18.58.57 869\Head3.jpg,True,640.039588695684,480.364830800688,.\Image\Alignment\2017\03\31\18.58.57 869\Head4.jpg
2017.03.31 19:03:51 172,TFT_SIDE5.46,0,RETRY,-0.8489,-0.7048,-0.8526,-0.7027,0.5798,0.01832,True,899.190425902561,661.223143079028,.\Image\Alignment\2017\03\31\19.03.51 172\Head1.jpg,True,842.233417885465,636.287554880973,.\Image\Alignment\2017\03\31\19.03.51 172\Head2.jpg,True,880.774321112225,628.959841385305,.\Image\Alignment\2017\03\31\19.03.51 172\Head3.jpg,True,858.673402205651,608.53856155302,.\Image\Alignment\2017\03\31\19.03.51 172\Head4.jpg
2017.03.31 19:03:53 121,TFT_SIDE5.46,0,RETRY,0.0009,0.0601,0.0609,0.0051,-0.0254,-8E-05,True,639.617711984726,473.100188288879,.\Image\Alignment\2017\03\31\19.03.53 121\Head1.jpg,True,622.406465233199,476.013225585104,.\Image\Alignment\2017\03\31\19.03.53 121\Head2.jpg,True,622.225522725106,476.833776928506,.\Image\Alignment\2017\03\31\19.03.53 121\Head3.jpg,True,638.527288698006,473.356362661931,.\Image\Alignment\2017\03\31\19.03.53 121\Head4.jpg
2017.03.31 19:03:54 825,TFT_SIDE5.46,0,OK,0,0.0066,0.0046,0.0001,0,0,True,639.998085602206,480.25171659115,.\Image\Alignment\2017\03\31\19.03.54 825\Head1.jpg,True,638.239219533163,483.029552370394,.\Image\Alignment\2017\03\31\19.03.54 825\Head2.jpg,True,638.769333325134,483.889559250741,.\Image\Alignment\2017\03\31\19.03.54 825\Head3.jpg,True,639.963653882949,480.359840520223,.\Image\Alignment\2017\03\31\19.03.54 825\Head4.jpg
2017.03.31 19:04:13 392,TFT_SIDE5.46,90,RETRY,-0.7746,-0.5954,-0.74,-0.6224,0.0087,0.00717,True,857.275885105152,494.194834104435,.\Image\Alignment\2017\03\31\19.04.13 392\Head1.jpg,True,800.750080473939,489.024929395995,.\Image\Alignment\2017\03\31\19.04.13 392\Head2.jpg,True,838.984675941656,487.381914628969,.\Image\Alignment\2017\03\31\19.04.13 392\Head3.jpg,True,816.055590236329,474.918522607761,.\Image\Alignment\2017\03\31\19.04.13 392\Head4.jpg
2017.03.31 19:04:15 232,TFT_SIDE5.46,90,RETRY,-0.0046,0.0287,0.0284,-0.0052,0.0219,-0.00118,True,639.512505008881,483.871032890321,.\Image\Alignment\2017\03\31\19.04.15 232\Head1.jpg,True,631.211645224868,488.282661979079,.\Image\Alignment\2017\03\31\19.04.15 232\Head2.jpg,True,631.268580521949,489.324849372731,.\Image\Alignment\2017\03\31\19.04.15 232\Head3.jpg,True,639.662938793646,487.157306972241,.\Image\Alignment\2017\03\31\19.04.15 232\Head4.jpg
2017.03.31 19:04:16 949,TFT_SIDE5.46,90,OK,-0.0001,-0.0021,-0.0026,-0.0011,0,0,True,640.020677153615,479.348450484932,.\Image\Alignment\2017\03\31\19.04.16 949\Head1.jpg,True,640.548569738239,482.49718493549,.\Image\Alignment\2017\03\31\19.04.16 949\Head2.jpg,True,640.699900483535,482.751244473455,.\Image\Alignment\2017\03\31\19.04.16 949\Head3.jpg,True,640.30269383987,479.081363621055,.\Image\Alignment\2017\03\31\19.04.16 949\Head4.jpg
2017.03.31 19:07:11 991,TFT_SIDE5.46,0,RETRY,-0.8536,-0.7356,-0.8829,-0.7077,0.5881,0.01797,True,899.826808420699,662.912512501389,.\Image\Alignment\2017\03\31\19.07.11 991\Head1.jpg,True,842.739961648664,634.628133998496,.\Image\Alignment\2017\03\31\19.07.11 991\Head2.jpg,True,881.162259813593,631.499758663742,.\Image\Alignment\2017\03\31\19.07.11 991\Head3.jpg,True,859.37731994788,611.249202667505,.\Image\Alignment\2017\03\31\19.07.11 991\Head4.jpg
2017.03.31 19:07:13 886,TFT_SIDE5.46,0,RETRY,0.0012,0.0863,0.0869,0.0037,-0.0248,-0.00022,True,639.29502383763,473.057268703533,.\Image\Alignment\2017\03\31\19.07.13 886\Head1.jpg,True,615.215430817306,475.905311998435,.\Image\Alignment\2017\03\31\19.07.13 886\Head2.jpg,True,615.092696404637,476.831304333436,.\Image\Alignment\2017\03\31\19.07.13 886\Head3.jpg,True,638.65133967154,473.706400941895,.\Image\Alignment\2017\03\31\19.07.13 886\Head4.jpg
2017.03.31 19:07:15 727,TFT_SIDE5.46,0,OK,-0.0023,0.0057,0.0038,0.0005,0,0,True,640.625166697677,480.15885764435,.\Image\Alignment\2017\03\31\19.07.15 727\Head1.jpg,True,638.466689483449,482.815345026318,.\Image\Alignment\2017\03\31\19.07.15 727\Head2.jpg,True,638.98417108843,483.640568644108,.\Image\Alignment\2017\03\31\19.07.15 727\Head3.jpg,True,639.858921118249,480.08405972739,.\Image\Alignment\2017\03\31\19.07.15 727\Head4.jpg
2017.03.31 19:07:34 264,TFT_SIDE5.46,90,RETRY,-0.7848,-0.6012,-0.7456,-0.6318,0.0073,0.00652,True,859.058964149013,492.730135291764,.\Image\Alignment\2017\03\31\19.07.34 264\Head1.jpg,True,802.358123963598,488.464041250303,.\Image\Alignment\2017\03\31\19.07.34 264\Head2.jpg,True,840.540704639957,486.772914564141,.\Image\Alignment\2017\03\31\19.07.34 264\Head3.jpg,True,817.612146720776,475.286688179596,.\Image\Alignment\2017\03\31\19.07.34 264\Head4.jpg
2017.03.31 19:07:36 173,TFT_SIDE5.46,90,RETRY,-0.0018,0.0279,0.0265,-0.0036,0.0202,-0.00085,True,639.255389073601,483.984513969672,.\Image\Alignment\2017\03\31\19.07.36 173\Head1.jpg,True,631.992977593042,488.50796095328,.\Image\Alignment\2017\03\31\19.07.36 173\Head2.jpg,True,632.333010358371,489.018117382746,.\Image\Alignment\2017\03\31\19.07.36 173\Head3.jpg,True,639.70555713682,486.355552965443,.\Image\Alignment\2017\03\31\19.07.36 173\Head4.jpg
2017.03.31 19:07:37 959,TFT_SIDE5.46,90,OK,-0.0006,-0.0043,-0.0028,-0.0012,0,0,True,640.157750261658,479.567981857858,.\Image\Alignment\2017\03\31\19.07.37 959\Head1.jpg,True,641.141749556026,482.570355754652,.\Image\Alignment\2017\03\31\19.07.37 959\Head2.jpg,True,640.737380936533,483.03974093394,.\Image\Alignment\2017\03\31\19.07.37 959\Head3.jpg,True,640.332497643151,479.37733874836,.\Image\Alignment\2017\03\31\19.07.37 959\Head4.jpg
2017.03.31 19:10:33 962,TFT_SIDE5.46,0,RETRY,-0.7366,-0.5417,-0.6883,-0.5865,0.5452,0.03838,True,904.594253335058,681.150799815129,.\Image\Alignment\2017\03\31\19.10.33 962\Head1.jpg,True,847.401201948645,640.476589579682,.\Image\Alignment\2017\03\31\19.10.33 962\Head2.jpg,True,885.711962371446,606.649180799075,.\Image\Alignment\2017\03\31\19.10.33 962\Head3.jpg,True,863.186274180517,570.322872604175,.\Image\Alignment\2017\03\31\19.10.33 962\Head4.jpg
2017.03.31 19:10:35 815,TFT_SIDE5.46,0,RETRY,-0.0216,-0.0111,-0.0093,-0.0191,-0.0061,-0.00341,True,639.755493956366,473.432147694406,.\Image\Alignment\2017\03\31\19.10.35 815\Head1.jpg,True,635.739717348828,479.545376732002,.\Image\Alignment\2017\03\31\19.10.35 815\Head2.jpg,True,635.267784701144,483.472856054302,.\Image\Alignment\2017\03\31\19.10.35 815\Head3.jpg,True,639.078698333202,483.321642681823,.\Image\Alignment\2017\03\31\19.10.35 815\Head4.jpg
2017.03.31 19:10:37 519,TFT_SIDE5.46,0,OK,0.0003,0.0061,0.0043,-0.0006,0,0,True,639.921539711445,480.233164894084,.\Image\Alignment\2017\03\31\19.10.37 519\Head1.jpg,True,638.366827103783,482.980018089237,.\Image\Alignment\2017\03\31\19.10.37 519\Head2.jpg,True,638.859848902416,483.663917689368,.\Image\Alignment\2017\03\31\19.10.37 519\Head3.jpg,True,640.151914127101,479.953866637364,.\Image\Alignment\2017\03\31\19.10.37 519\Head4.jpg
2017.03.31 19:10:58 317,TFT_SIDE5.46,90,RETRY,-0.7521,-0.6779,-0.8244,-0.602,0.0635,0.0254,True,877.764774552055,539.383244485632,.\Image\Alignment\2017\03\31\19.10.58 317\Head1.jpg,True,821.238331520772,501.581262262208,.\Image\Alignment\2017\03\31\19.10.58 317\Head2.jpg,True,859.930728345806,501.312969951481,.\Image\Alignment\2017\03\31\19.10.58 317\Head3.jpg,True,837.024269015277,468.812533155315,.\Image\Alignment\2017\03\31\19.10.58 317\Head4.jpg
2017.03.31 19:11:00 157,TFT_SIDE5.46,90,RETRY,-0.0102,0.1309,0.1317,-0.0095,0.0612,-0.00188,True,640.001896131617,493.185714140984,.\Image\Alignment\2017\03\31\19.11.00 157\Head1.jpg,True,604.051338282836,498.720025535582,.\Image\Alignment\2017\03\31\19.11.00 157\Head2.jpg,True,603.792074562126,499.674226405803,.\Image\Alignment\2017\03\31\19.11.00 157\Head3.jpg,True,639.718079831289,498.421500043531,.\Image\Alignment\2017\03\31\19.11.00 157\Head4.jpg
2017.03.31 19:11:02 010,TFT_SIDE5.46,90,RETRY,0.0012,-0.0068,-0.0053,0.0001,-0.0045,0.00022,True,640.006796032374,479.161489954294,.\Image\Alignment\2017\03\31\19.11.02 010\Head1.jpg,True,641.900333836065,482.734102890529,.\Image\Alignment\2017\03\31\19.11.02 010\Head2.jpg,True,641.500693051748,482.645089703097,.\Image\Alignment\2017\03\31\19.11.02 010\Head3.jpg,True,640.292423934545,478.53624482038,.\Image\Alignment\2017\03\31\19.11.02 010\Head4.jpg
2017.03.31 19:11:03 769,TFT_SIDE5.46,90,OK,0.0003,0.0011,0.0008,0.0027,0,0,True,639.915226179268,480.226012406379,.\Image\Alignment\2017\03\31\19.11.03 769\Head1.jpg,True,639.714105226609,483.821632499654,.\Image\Alignment\2017\03\31\19.11.03 769\Head2.jpg,True,639.788066487998,484.312678000181,.\Image\Alignment\2017\03\31\19.11.03 769\Head3.jpg,True,639.267061308421,480.387999531497,.\Image\Alignment\2017\03\31\19.11.03 769\Head4.jpg
2017.03.31 19:13:57 775,TFT_SIDE5.46,0,RETRY,-0.72,-0.5299,-0.6772,-0.5731,0.5684,0.03997,True,902.938382195395,689.629599386595,.\Image\Alignment\2017\03\31\19.13.57 775\Head1.jpg,True,845.43821233121,646.030130985805,.\Image\Alignment\2017\03\31\19.13.57 775\Head2.jpg,True,883.922797287882,611.550713995542,.\Image\Alignment\2017\03\31\19.13.57 775\Head3.jpg,True,862.389916810396,574.172824665491,.\Image\Alignment\2017\03\31\19.13.57 775\Head4.jpg
2017.03.31 19:13:59 696,TFT_SIDE5.46,0,RETRY,-0.0179,-0.0002,-0.0017,-0.0136,-0.013,-0.00254,True,640.289451221075,472.866051714863,.\Image\Alignment\2017\03\31\19.13.59 696\Head1.jpg,True,634.183453513026,478.219107457358,.\Image\Alignment\2017\03\31\19.13.59 696\Head2.jpg,True,634.579709429637,481.411845940277,.\Image\Alignment\2017\03\31\19.13.59 696\Head3.jpg,True,639.166821932019,480.240169910579,.\Image\Alignment\2017\03\31\19.13.59 696\Head4.jpg
2017.03.31 19:14:01 429,TFT_SIDE5.46,0,OK,-0.0003,0.0044,0.0048,0.0007,0,0,True,640.072122496591,478.885951500659,.\Image\Alignment\2017\03\31\19.14.01 429\Head1.jpg,True,638.828155569665,482.227368976714,.\Image\Alignment\2017\03\31\19.14.01 429\Head2.jpg,True,638.710521384249,483.282234224539,.\Image\Alignment\2017\03\31\19.14.01 429\Head3.jpg,True,639.809334013415,479.10123761583,.\Image\Alignment\2017\03\31\19.14.01 429\Head4.jpg
2017.03.31 19:14:19 853,TFT_SIDE5.46,90,RETRY,-0.7665,-0.6997,-0.8455,-0.6136,0.0782,0.02791,True,885.264112834364,547.503607778895,.\Image\Alignment\2017\03\31\19.14.19 853\Head1.jpg,True,828.863557053469,507.693587812037,.\Image\Alignment\2017\03\31\19.14.19 853\Head2.jpg,True,867.369815723036,505.773162506951,.\Image\Alignment\2017\03\31\19.14.19 853\Head3.jpg,True,843.730857146945,469.880041848891,.\Image\Alignment\2017\03\31\19.14.19 853\Head4.jpg
2017.03.31 19:14:21 710,TFT_SIDE5.46,90,RETRY,-0.0123,0.1348,0.1393,-0.0133,0.0677,-0.00208,True,640.272861941913,494.600647963254,.\Image\Alignment\2017\03\31\19.14.21 710\Head1.jpg,True,602.855375479469,500.490578937262,.\Image\Alignment\2017\03\31\19.14.21 710\Head2.jpg,True,601.609016482548,501.566319981147,.\Image\Alignment\2017\03\31\19.14.21 710\Head3.jpg,True,640.453245290195,500.381477897362,.\Image\Alignment\2017\03\31\19.14.21 710\Head4.jpg
2017.03.31 19:14:23 521,TFT_SIDE5.46,90,RETRY,-0.0004,-0.0062,-0.0085,0.001,-0.0037,0.00022,True,640.444316574125,479.39535350327,.\Image\Alignment\2017\03\31\19.14.23 521\Head1.jpg,True,641.551444837873,482.682616256903,.\Image\Alignment\2017\03\31\19.14.23 521\Head2.jpg,True,642.15037987569,482.772968986411,.\Image\Alignment\2017\03\31\19.14.23 521\Head3.jpg,True,640.064240609507,478.767331006371,.\Image\Alignment\2017\03\31\19.14.23 521\Head4.jpg
2017.03.31 19:14:25 347,TFT_SIDE5.46,90,OK,0.0019,0.002,0.0034,0.0011,0,0,True,639.498508085954,480.144104823454,.\Image\Alignment\2017\03\31\19.14.25 347\Head1.jpg,True,639.460834046321,483.648469437388,.\Image\Alignment\2017\03\31\19.14.25 347\Head2.jpg,True,639.086242870174,484.00444317642,.\Image\Alignment\2017\03\31\19.14.25 347\Head3.jpg,True,639.712148187859,480.409037332681,.\Image\Alignment\2017\03\31\19.14.25 347\Head4.jpg
2017.03.31 19:17:18 188,TFT_SIDE5.46,0,RETRY,-0.7334,-0.52,-0.6677,-0.5865,0.4579,0.03837,True,903.691906805951,657.82167574048,.\Image\Alignment\2017\03\31\19.17.18 188\Head1.jpg,True,846.072417931126,655.356834916099,.\Image\Alignment\2017\03\31\19.17.18 188\Head2.jpg,True,884.648668366699,619.088443171745,.\Image\Alignment\2017\03\31\19.17.18 188\Head3.jpg,True,863.279301820156,547.131573389619,.\Image\Alignment\2017\03\31\19.17.18 188\Head4.jpg
2017.03.31 19:17:20 041,TFT_SIDE5.46,0,RETRY,-0.0042,-0.0151,-0.0152,-0.0022,0.0968,-0.00037,True,640.50091176583,505.292288832112,.\Image\Alignment\2017\03\31\19.17.20 041\Head1.jpg,True,641.340623996168,508.486509587387,.\Image\Alignment\2017\03\31\19.17.20 041\Head2.jpg,True,641.258346644373,509.950562684589,.\Image\Alignment\2017\03\31\19.17.20 041\Head3.jpg,True,639.814440918886,506.259883940243,.\Image\Alignment\2017\03\31\19.17.20 041\Head4.jpg
2017.03.31 19:17:21 867,TFT_SIDE5.46,0,RETRY,0.0004,0.009,0.0102,0.0004,0,0,True,639.880817298022,480.642575889579,.\Image\Alignment\2017\03\31\19.17.21 867\Head1.jpg,True,637.59983049144,482.945429536754,.\Image\Alignment\2017\03\31\19.17.21 867\Head2.jpg,True,637.266944439758,483.833381887371,.\Image\Alignment\2017\03\31\19.17.21 867\Head3.jpg,True,639.882960695485,480.552117290121,.\Image\Alignment\2017\03\31\19.17.21 867\Head4.jpg
2017.03.31 19:17:23 367,TFT_SIDE5.46,0,OK,-0.0018,-0.0019,-0.0018,-0.0014,0,0,True,640.478580214823,480.550142497502,.\Image\Alignment\2017\03\31\19.17.23 367\Head1.jpg,True,640.50949235506,483.327139688789,.\Image\Alignment\2017\03\31\19.17.23 367\Head2.jpg,True,640.476136494347,484.025668345241,.\Image\Alignment\2017\03\31\19.17.23 367\Head3.jpg,True,640.384942026767,480.498198721684,.\Image\Alignment\2017\03\31\19.17.23 367\Head4.jpg
2017.03.31 19:17:41 961,TFT_SIDE5.46,90,RETRY,-0.7668,-0.6544,-0.7983,-0.6169,0.081,0.02847,True,886.143052636005,549.194095316469,.\Image\Alignment\2017\03\31\19.17.41 961\Head1.jpg,True,830.365919053632,519.459585055786,.\Image\Alignment\2017\03\31\19.17.41 961\Head2.jpg,True,868.355045993398,505.146791238862,.\Image\Alignment\2017\03\31\19.17.41 961\Head3.jpg,True,845.399514033852,470.004059703988,.\Image\Alignment\2017\03\31\19.17.41 961\Head4.jpg
2017.03.31 19:17:43 815,TFT_SIDE5.46,90,RETRY,-0.0128,0.0906,0.0899,-0.0115,0.0633,-0.00209,True,640.411864823272,493.421512978922,.\Image\Alignment\2017\03\31\19.17.43 815\Head1.jpg,True,614.370828955528,499.18113284626,.\Image\Alignment\2017\03\31\19.17.43 815\Head2.jpg,True,614.503556436497,500.51890177658,.\Image\Alignment\2017\03\31\19.17.43 815\Head3.jpg,True,639.970113654679,499.228102486186,.\Image\Alignment\2017\03\31\19.17.43 815\Head4.jpg
2017.03.31 19:17:45 641,TFT_SIDE5.46,90,RETRY,0.0009,-0.0087,-0.0072,-0.0004,-0.0038,0.00021,True,640.057822688514,479.327045370105,.\Image\Alignment\2017\03\31\19.17.45 641\Head1.jpg,True,642.237371083768,482.521731246313,.\Image\Alignment\2017\03\31\19.17.45 641\Head2.jpg,True,641.833483441856,482.592240207538,.\Image\Alignment\2017\03\31\19.17.45 641\Head3.jpg,True,640.401173238323,478.752707981124,.\Image\Alignment\2017\03\31\19.17.45 641\Head4.jpg
2017.03.31 19:17:47 442,TFT_SIDE5.46,90,OK,-0.0009,0.0028,0.0028,-0.0004,0,0,True,640.227310571227,479.767301819961,.\Image\Alignment\2017\03\31\19.17.47 442\Head1.jpg,True,639.262603014512,483.475675323811,.\Image\Alignment\2017\03\31\19.17.47 442\Head2.jpg,True,639.246775243381,483.660833839804,.\Image\Alignment\2017\03\31\19.17.47 442\Head3.jpg,True,640.106801914233,479.874664061162,.\Image\Alignment\2017\03\31\19.17.47 442\Head4.jpg
2017.03.31 19:20:49 856,TFT_SIDE5.46,0,RETRY,-0.7113,-0.5609,-0.7084,-0.5646,0.4927,0.04034,True,901.281995281543,669.962308720982,.\Image\Alignment\2017\03\31\19.20.49 856\Head1.jpg,True,844.491643454837,646.385926632605,.\Image\Alignment\2017\03\31\19.20.49 856\Head2.jpg,True,883.007847851883,616.921484047825,.\Image\Alignment\2017\03\31\19.20.49 856\Head3.jpg,True,860.891453217034,553.503213847671,.\Image\Alignment\2017\03\31\19.20.49 856\Head4.jpg
2017.03.31 19:20:51 710,TFT_SIDE5.46,0,RETRY,-0.0689,-0.0134,-0.0124,-0.0672,0.0425,-0.01011,True,640.563363837373,476.719328711512,.\Image\Alignment\2017\03\31\19.20.51 710\Head1.jpg,True,625.133793866456,489.499792012204,.\Image\Alignment\2017\03\31\19.20.51 710\Head2.jpg,True,624.808198644631,499.528751877392,.\Image\Alignment\2017\03\31\19.20.51 710\Head3.jpg,True,640.001913532593,505.998383024016,.\Image\Alignment\2017\03\31\19.20.51 710\Head4.jpg
2017.03.31 19:20:53 577,TFT_SIDE5.46,0,RETRY,0.0015,-0.0014,-0.004,0.0024,0.0016,-0.00019,True,639.27711801719,480.167462419481,.\Image\Alignment\2017\03\31\19.20.53 577\Head1.jpg,True,638.070085854601,482.878646331905,.\Image\Alignment\2017\03\31\19.20.53 577\Head2.jpg,True,638.742685572394,484.138511972311,.\Image\Alignment\2017\03\31\19.20.53 577\Head3.jpg,True,639.023455396603,480.704827747498,.\Image\Alignment\2017\03\31\19.20.53 577\Head4.jpg
2017.03.31 19:20:55 419,TFT_SIDE5.46,0,RETRY,-0.0012,-0.0012,0.0017,-0.0014,0,-0.00013,True,640.112206953668,479.828031102769,.\Image\Alignment\2017\03\31\19.20.55 419\Head1.jpg,True,638.638539120232,482.706054477373,.\Image\Alignment\2017\03\31\19.20.55 419\Head2.jpg,True,637.859136521596,483.623702205691,.\Image\Alignment\2017\03\31\19.20.55 419\Head3.jpg,True,640.160355978182,480.191492189397,.\Image\Alignment\2017\03\31\19.20.55 419\Head4.jpg
2017.03.31 19:20:57 094,TFT_SIDE5.46,0,OK,-0.0006,0.0051,0.0047,-0.0003,0,0,True,640.155845024682,480.023259729999,.\Image\Alignment\2017\03\31\19.20.57 094\Head1.jpg,True,638.637077443315,482.697847837346,.\Image\Alignment\2017\03\31\19.20.57 094\Head2.jpg,True,638.753034327002,483.460517417133,.\Image\Alignment\2017\03\31\19.20.57 094\Head3.jpg,True,640.069079253092,480.15004001594,.\Image\Alignment\2017\03\31\19.20.57 094\Head4.jpg
2017.03.31 19:21:15 579,TFT_SIDE5.46,90,RETRY,-0.7693,-0.6319,-0.7774,-0.6209,0.0339,0.01633,True,869.189303874443,516.27849821041,.\Image\Alignment\2017\03\31\19.21.15 579\Head1.jpg,True,813.183890130544,503.134111280134,.\Image\Alignment\2017\03\31\19.21.15 579\Head2.jpg,True,851.621266316923,499.037912037322,.\Image\Alignment\2017\03\31\19.21.15 579\Head3.jpg,True,828.906481017389,471.240830058499,.\Image\Alignment\2017\03\31\19.21.15 579\Head4.jpg
2017.03.31 19:21:17 447,TFT_SIDE5.46,90,RETRY,0.0079,0.0761,0.0756,0.0103,0.0575,0.00211,True,640.953692395612,498.854702243378,.\Image\Alignment\2017\03\31\19.21.17 447\Head1.jpg,True,621.200889317296,499.969394149894,.\Image\Alignment\2017\03\31\19.21.17 447\Head2.jpg,True,621.2722725315,498.615452934253,.\Image\Alignment\2017\03\31\19.21.17 447\Head3.jpg,True,640.243402778204,492.872688829244,.\Image\Alignment\2017\03\31\19.21.17 447\Head4.jpg
2017.03.31 19:21:19 260,TFT_SIDE5.46,90,RETRY,0.0001,0.0025,0.0046,-0.0002,0.0053,0.00012,True,640.134072882044,481.605846457961,.\Image\Alignment\2017\03\31\19.21.19 260\Head1.jpg,True,638.922171377453,484.605693015393,.\Image\Alignment\2017\03\31\19.21.19 260\Head2.jpg,True,638.321537207186,484.99144721349,.\Image\Alignment\2017\03\31\19.21.19 260\Head3.jpg,True,640.215409457414,481.276041502023,.\Image\Alignment\2017\03\31\19.21.19 260\Head4.jpg
2017.03.31 19:21:21 087,TFT_SIDE5.46,90,RETRY,-0.0006,0.0017,0.0013,0.0004,-0.0003,-0.00021,True,639.851250979603,479.570590403189,.\Image\Alignment\2017\03\31\19.21.21 087\Head1.jpg,True,639.265407855239,482.948419652898,.\Image\Alignment\2017\03\31\19.21.21 087\Head2.jpg,True,639.343655250811,483.210743184001,.\Image\Alignment\2017\03\31\19.21.21 087\Head3.jpg,True,639.604331043452,480.14869459085,.\Image\Alignment\2017\03\31\19.21.21 087\Head4.jpg
2017.03.31 19:21:22 818,TFT_SIDE5.46,90,OK,-0.0014,0,0.0004,-0.0001,0,0,True,640.360856023805,480.22021830768,.\Image\Alignment\2017\03\31\19.21.22 818\Head1.jpg,True,639.997088892093,483.451144934048,.\Image\Alignment\2017\03\31\19.21.22 818\Head2.jpg,True,639.897535332695,483.277677258384,.\Image\Alignment\2017\03\31\19.21.22 818\Head3.jpg,True,640.02382419813,479.996759809034,.\Image\Alignment\2017\03\31\19.21.22 818\Head4.jpg
2017.03.31 19:28:46 220,TFT_SIDE5.46,0,RETRY,-0.8155,-0.7087,-0.8591,-0.6654,0.5372,0.02489,True,901.84321032608,659.384310202438,.\Image\Alignment\2017\03\31\19.28.46 220\Head1.jpg,True,843.844227106332,617.001618487521,.\Image\Alignment\2017\03\31\19.28.46 220\Head2.jpg,True,883.152651729961,609.362188981072,.\Image\Alignment\2017\03\31\19.28.46 220\Head3.jpg,True,860.369257894965,587.715681336929,.\Image\Alignment\2017\03\31\19.28.46 220\Head4.jpg
2017.03.31 19:28:48 100,TFT_SIDE5.46,0,RETRY,0.0329,0.1309,0.1344,0.0334,0.0074,0.00453,True,639.204540864896,488.517292565317,.\Image\Alignment\2017\03\31\19.28.48 100\Head1.jpg,True,611.516519785656,486.942020606915,.\Image\Alignment\2017\03\31\19.28.48 100\Head2.jpg,True,610.574219900501,483.396695514214,.\Image\Alignment\2017\03\31\19.28.48 100\Head3.jpg,True,639.107696028378,475.360625522326,.\Image\Alignment\2017\03\31\19.28.48 100\Head4.jpg
2017.03.31 19:28:49 914,TFT_SIDE5.46,0,OK,-0.0023,0.0075,0.0027,-0.0007,0,0,True,640.607813547681,480.424902750704,.\Image\Alignment\2017\03\31\19.28.49 914\Head1.jpg,True,638.00202975321,482.630310952018,.\Image\Alignment\2017\03\31\19.28.49 914\Head2.jpg,True,639.269959773701,483.823123969214,.\Image\Alignment\2017\03\31\19.28.49 914\Head3.jpg,True,640.194063276173,480.426983996749,.\Image\Alignment\2017\03\31\19.28.49 914\Head4.jpg
2017.03.31 19:29:08 532,TFT_SIDE5.46,90,RETRY,-0.7591,-0.6163,-0.7618,-0.607,0.0503,0.01985,True,871.565941733869,526.553305694984,.\Image\Alignment\2017\03\31\19.29.08 532\Head1.jpg,True,815.589668863876,508.622184886671,.\Image\Alignment\2017\03\31\19.29.08 532\Head2.jpg,True,854.027350891585,498.537255288468,.\Image\Alignment\2017\03\31\19.29.08 532\Head3.jpg,True,830.323463574414,471.57992145055,.\Image\Alignment\2017\03\31\19.29.08 532\Head4.jpg
2017.03.31 19:29:10 387,TFT_SIDE5.46,90,RETRY,-0.012,0.0619,0.0622,-0.0117,0.0479,-0.00193,True,640.410527760381,489.561043604902,.\Image\Alignment\2017\03\31\19.29.10 387\Head1.jpg,True,622.577662871185,495.239992320291,.\Image\Alignment\2017\03\31\19.29.10 387\Head2.jpg,True,622.435800502095,496.079786398878,.\Image\Alignment\2017\03\31\19.29.10 387\Head3.jpg,True,640.268973038758,494.946311959293,.\Image\Alignment\2017\03\31\19.29.10 387\Head4.jpg
2017.03.31 19:29:12 241,TFT_SIDE5.46,90,RETRY,0.0039,-0.0066,-0.0057,0.0011,-0.0043,0.00039,True,639.518754745641,479.511266569674,.\Image\Alignment\2017\03\31\19.29.12 241\Head1.jpg,True,641.863133430084,482.665092046352,.\Image\Alignment\2017\03\31\19.29.12 241\Head2.jpg,True,641.621401048193,482.563665050643,.\Image\Alignment\2017\03\31\19.29.12 241\Head3.jpg,True,640.279998880727,478.414890014102,.\Image\Alignment\2017\03\31\19.29.12 241\Head4.jpg
2017.03.31 19:29:13 917,TFT_SIDE5.46,90,OK,-0.0018,0.0019,0.0005,-0.0008,0,0,True,640.480516440754,480.116518864341,.\Image\Alignment\2017\03\31\19.29.13 917\Head1.jpg,True,639.506108519268,483.544741065248,.\Image\Alignment\2017\03\31\19.29.13 917\Head2.jpg,True,639.867700487099,483.656649765632,.\Image\Alignment\2017\03\31\19.29.13 917\Head3.jpg,True,640.205769741752,480.156749711771,.\Image\Alignment\2017\03\31\19.29.13 917\Head4.jpg
2017.03.31 20:07:41 527,TFT_SIDE5.46,0,RETRY,-0.8376,-0.643,-0.794,-0.693,0.5839,0.02037,True,899.791971814301,665.30780601423,.\Image\Alignment\2017\03\31\20.07.41 527\Head1.jpg,True,842.190607377316,648.601075966779,.\Image\Alignment\2017\03\31\20.07.41 527\Head2.jpg,True,881.561619598282,632.325456179159,.\Image\Alignment\2017\03\31\20.07.41 527\Head3.jpg,True,859.692412232298,606.670037014173,.\Image\Alignment\2017\03\31\20.07.41 527\Head4.jpg
2017.03.31 20:07:43 382,TFT_SIDE5.46,0,RETRY,-0.0094,-0.0017,-0.0007,-0.0056,0.0061,-0.00158,True,639.723228616862,479.328368847273,.\Image\Alignment\2017\03\31\20.07.43 382\Head1.jpg,True,635.443198434415,483.303352293348,.\Image\Alignment\2017\03\31\20.07.43 382\Head2.jpg,True,635.176176341165,486.024812362597,.\Image\Alignment\2017\03\31\20.07.43 382\Head3.jpg,True,638.685990741884,483.907928208962,.\Image\Alignment\2017\03\31\20.07.43 382\Head4.jpg
2017.03.31 20:07:45 209,TFT_SIDE5.46,0,RETRY,0.0002,0.0039,0.0017,0.0019,-0.0003,0.00021,True,640.315035630801,480.216146456805,.\Image\Alignment\2017\03\31\20.07.45 209\Head1.jpg,True,637.655762301534,482.821080267974,.\Image\Alignment\2017\03\31\20.07.45 209\Head2.jpg,True,638.237229518465,483.52673498829,.\Image\Alignment\2017\03\31\20.07.45 209\Head3.jpg,True,639.870840458734,479.595880141528,.\Image\Alignment\2017\03\31\20.07.45 209\Head4.jpg
2017.03.31 20:07:46 995,TFT_SIDE5.46,0,OK,0.0006,0.0054,0.0079,-0.0003,0,0,True,639.844846794956,479.944983328481,.\Image\Alignment\2017\03\31\20.07.46 995\Head1.jpg,True,638.570739187604,482.723367572755,.\Image\Alignment\2017\03\31\20.07.46 995\Head2.jpg,True,637.893299959616,483.704675793887,.\Image\Alignment\2017\03\31\20.07.46 995\Head3.jpg,True,640.075258209767,479.922775858051,.\Image\Alignment\2017\03\31\20.07.46 995\Head4.jpg
2017.03.31 20:08:05 532,TFT_SIDE5.46,90,RETRY,-0.8052,-0.6218,-0.7698,-0.6516,0.003,0.00917,True,868.359471976809,496.026380303086,.\Image\Alignment\2017\03\31\20.08.05 532\Head1.jpg,True,811.168472432569,491.674968845509,.\Image\Alignment\2017\03\31\20.08.05 532\Head2.jpg,True,850.308160081335,486.961516329859,.\Image\Alignment\2017\03\31\20.08.05 532\Head3.jpg,True,826.732147701447,471.166161009184,.\Image\Alignment\2017\03\31\20.08.05 532\Head4.jpg
2017.03.31 20:08:07 385,TFT_SIDE5.46,90,RETRY,-0.0112,0.0244,0.0251,-0.0127,0.0318,-0.00241,True,639.5052621795,484.471831739665,.\Image\Alignment\2017\03\31\20.08.07 385\Head1.jpg,True,631.828505460063,490.681592517423,.\Image\Alignment\2017\03\31\20.08.07 385\Head2.jpg,True,631.608968073477,492.201932976482,.\Image\Alignment\2017\03\31\20.08.07 385\Head3.jpg,True,639.834013835075,491.223620864158,.\Image\Alignment\2017\03\31\20.08.07 385\Head4.jpg
2017.03.31 20:08:09 239,TFT_SIDE5.46,90,RETRY,0.0012,-0.0083,-0.008,0.0011,-0.0052,0.00015,True,639.884802661772,478.860611276053,.\Image\Alignment\2017\03\31\20.08.09 239\Head1.jpg,True,641.930587289912,482.078899358631,.\Image\Alignment\2017\03\31\20.08.09 239\Head2.jpg,True,641.817798784191,482.346934516302,.\Image\Alignment\2017\03\31\20.08.09 239\Head3.jpg,True,639.926424562505,478.444285877928,.\Image\Alignment\2017\03\31\20.08.09 239\Head4.jpg
2017.03.31 20:08:11 025,TFT_SIDE5.46,90,RETRY,0.0005,0.0012,0.0027,0.0016,0.0003,0.00017,True,640.124646042163,480.364655378002,.\Image\Alignment\2017\03\31\20.08.11 025\Head1.jpg,True,639.691647658328,483.732597159443,.\Image\Alignment\2017\03\31\20.08.11 025\Head2.jpg,True,639.271549264933,483.731922918881,.\Image\Alignment\2017\03\31\20.08.11 025\Head3.jpg,True,639.819978774301,479.872631841344,.\Image\Alignment\2017\03\31\20.08.11 025\Head4.jpg
2017.03.31 20:08:12 811,TFT_SIDE5.46,90,OK,-0.0005,0.0013,0.0006,-0.0006,0,0,True,640.129465071839,480.234034552217,.\Image\Alignment\2017\03\31\20.08.12 811\Head1.jpg,True,639.65734602917,483.56748535924,.\Image\Alignment\2017\03\31\20.08.12 811\Head2.jpg,True,639.834510338035,483.92436592314,.\Image\Alignment\2017\03\31\20.08.12 811\Head3.jpg,True,640.157089118609,480.467470545949,.\Image\Alignment\2017\03\31\20.08.12 811\Head4.jpg
2017.03.31 20:11:06 581,TFT_SIDE5.46,0,RETRY,-0.7845,-0.5811,-0.73,-0.6381,0.6236,0.02949,True,901.701412544102,689.157978704921,.\Image\Alignment\2017\03\31\20.11.06 581\Head1.jpg,True,843.888379828627,658.241602120774,.\Image\Alignment\2017\03\31\20.11.06 581\Head2.jpg,True,882.711087766783,632.045747298651,.\Image\Alignment\2017\03\31\20.11.06 581\Head3.jpg,True,861.135431849323,604.015079612776,.\Image\Alignment\2017\03\31\20.11.06 581\Head4.jpg
2017.03.31 20:11:08 531,TFT_SIDE5.46,0,RETRY,0.0134,0.016,0.0175,0.0159,-0.0133,0.00143,True,638.938814681852,478.509101214662,.\Image\Alignment\2017\03\31\20.11.08 531\Head1.jpg,True,636.887028527092,480.019403894978,.\Image\Alignment\2017\03\31\20.11.08 531\Head2.jpg,True,636.49518279224,479.381298319397,.\Image\Alignment\2017\03\31\20.11.08 531\Head3.jpg,True,638.300240516413,474.376204953162,.\Image\Alignment\2017\03\31\20.11.08 531\Head4.jpg
2017.03.31 20:11:10 250,TFT_SIDE5.46,0,OK,-0.004,0.0041,0.0003,0.0003,0,0,True,641.061487965693,480.476399197087,.\Image\Alignment\2017\03\31\20.11.10 250\Head1.jpg,True,638.907491632646,483.365081516292,.\Image\Alignment\2017\03\31\20.11.10 250\Head2.jpg,True,639.929342707131,484.023738912403,.\Image\Alignment\2017\03\31\20.11.10 250\Head3.jpg,True,639.920954719655,480.358501624805,.\Image\Alignment\2017\03\31\20.11.10 250\Head4.jpg
2017.03.31 20:11:28 868,TFT_SIDE5.46,90,RETRY,-0.8219,-0.6874,-0.8306,-0.6717,0.0609,0.02155,True,890.811785924833,532.228993890962,.\Image\Alignment\2017\03\31\20.11.28 868\Head1.jpg,True,834.734891686803,511.844646157374,.\Image\Alignment\2017\03\31\20.11.28 868\Head2.jpg,True,872.537744997508,501.5847988286,.\Image\Alignment\2017\03\31\20.11.28 868\Head3.jpg,True,849.986944746764,472.554133934975,.\Image\Alignment\2017\03\31\20.11.28 868\Head4.jpg
2017.03.31 20:11:30 751,TFT_SIDE5.46,90,RETRY,-0.0116,0.0706,0.0676,-0.0126,0.0506,-0.00183,True,640.440860778756,490.430136485744,.\Image\Alignment\2017\03\31\20.11.30 751\Head1.jpg,True,620.13814983207,495.880471152195,.\Image\Alignment\2017\03\31\20.11.30 751\Head2.jpg,True,620.879263661782,496.836309201284,.\Image\Alignment\2017\03\31\20.11.30 751\Head3.jpg,True,640.645182522528,495.541981711301,.\Image\Alignment\2017\03\31\20.11.30 751\Head4.jpg
2017.03.31 20:11:32 618,TFT_SIDE5.46,90,RETRY,0.0014,-0.0074,-0.0071,0.0031,-0.0046,0.00029,True,640.061518795816,479.274278556794,.\Image\Alignment\2017\03\31\20.11.32 618\Head1.jpg,True,642.055431838653,482.519205605361,.\Image\Alignment\2017\03\31\20.11.32 618\Head2.jpg,True,641.974643638097,482.435901476927,.\Image\Alignment\2017\03\31\20.11.32 618\Head3.jpg,True,639.599840188856,478.448287971307,.\Image\Alignment\2017\03\31\20.11.32 618\Head4.jpg
2017.03.31 20:11:34 377,TFT_SIDE5.46,90,OK,0.0001,0.0026,0.0014,-0.0011,0,0,True,639.966924849571,480.309258278075,.\Image\Alignment\2017\03\31\20.11.34 377\Head1.jpg,True,639.294889724921,483.786254311904,.\Image\Alignment\2017\03\31\20.11.34 377\Head2.jpg,True,639.633245755436,484.054536932503,.\Image\Alignment\2017\03\31\20.11.34 377\Head3.jpg,True,640.28095376313,480.341318089668,.\Image\Alignment\2017\03\31\20.11.34 377\Head4.jpg
2017.03.31 20:14:20 249,TFT_SIDE5.46,0,RETRY,-0.7045,-0.4945,-0.6454,-0.5599,0.5865,0.04041,True,899.586694640637,695.118401716477,.\Image\Alignment\2017\03\31\20.14.20 249\Head1.jpg,True,841.4984652119,661.173148367993,.\Image\Alignment\2017\03\31\20.14.20 249\Head2.jpg,True,880.886200799651,623.693641768799,.\Image\Alignment\2017\03\31\20.14.20 249\Head3.jpg,True,859.619849937619,578.349707481235,.\Image\Alignment\2017\03\31\20.14.20 249\Head4.jpg
2017.03.31 20:14:22 131,TFT_SIDE5.46,0,RETRY,-0.0156,-0.0192,-0.0163,-0.0134,-0.0039,-0.00237,True,639.978913018859,475.53046176071,.\Image\Alignment\2017\03\31\20.14.22 131\Head1.jpg,True,639.912245689527,480.657689920157,.\Image\Alignment\2017\03\31\20.14.22 131\Head2.jpg,True,639.135799192941,483.49098323031,.\Image\Alignment\2017\03\31\20.14.22 131\Head3.jpg,True,639.383732307434,482.404950237048,.\Image\Alignment\2017\03\31\20.14.22 131\Head4.jpg
2017.03.31 20:14:23 793,TFT_SIDE5.46,0,RETRY,0.0006,0.0002,-0.0015,0.001,0.0015,0.00032,True,640.387839307667,480.862720117424,.\Image\Alignment\2017\03\31\20.14.23 793\Head1.jpg,True,638.96838075381,483.388400737174,.\Image\Alignment\2017\03\31\20.14.23 793\Head2.jpg,True,639.403737591728,483.919497049284,.\Image\Alignment\2017\03\31\20.14.23 793\Head3.jpg,True,640.279111509393,479.948538828624,.\Image\Alignment\2017\03\31\20.14.23 793\Head4.jpg
2017.03.31 20:14:25 551,TFT_SIDE5.46,0,RETRY,-0.0014,-0.0031,-0.0021,-0.0014,0.0004,-0.00016,True,640.095966665597,479.888544649282,.\Image\Alignment\2017\03\31\20.14.25 551\Head1.jpg,True,638.735519208875,482.824741119078,.\Image\Alignment\2017\03\31\20.14.25 551\Head2.jpg,True,638.456915591085,483.956490274347,.\Image\Alignment\2017\03\31\20.14.25 551\Head3.jpg,True,640.089591897004,480.347250503256,.\Image\Alignment\2017\03\31\20.14.25 551\Head4.jpg
2017.03.31 20:14:27 323,TFT_SIDE5.46,0,OK,0.0005,0.007,0.0073,0.0008,0,0,True,639.863232592194,480.012556114799,.\Image\Alignment\2017\03\31\20.14.27 323\Head1.jpg,True,638.127591552705,482.946232722043,.\Image\Alignment\2017\03\31\20.14.27 323\Head2.jpg,True,638.057297446738,483.687812695619,.\Image\Alignment\2017\03\31\20.14.27 323\Head3.jpg,True,639.774253247331,480.165448722874,.\Image\Alignment\2017\03\31\20.14.27 323\Head4.jpg
2017.03.31 20:14:45 774,TFT_SIDE5.46,90,RETRY,-0.797,-0.7008,-0.8471,-0.6466,0.0971,0.02843,True,894.175254303235,553.446499137104,.\Image\Alignment\2017\03\31\20.14.45 774\Head1.jpg,True,837.037530038084,514.376524996412,.\Image\Alignment\2017\03\31\20.14.45 774\Head2.jpg,True,875.649735066845,505.283222652228,.\Image\Alignment\2017\03\31\20.14.45 774\Head3.jpg,True,853.236520682417,474.369765593737,.\Image\Alignment\2017\03\31\20.14.45 774\Head4.jpg
2017.03.31 20:14:47 627,TFT_SIDE5.46,90,RETRY,-0.0121,0.1066,0.1077,-0.0102,0.0638,-0.00193,True,640.444908129975,493.809069516668,.\Image\Alignment\2017\03\31\20.14.47 627\Head1.jpg,True,610.318704793723,499.385610546418,.\Image\Alignment\2017\03\31\20.14.47 627\Head2.jpg,True,609.972213958351,500.536133982598,.\Image\Alignment\2017\03\31\20.14.47 627\Head3.jpg,True,639.835988542,499.176383500886,.\Image\Alignment\2017\03\31\20.14.47 627\Head4.jpg
2017.03.31 20:14:49 400,TFT_SIDE5.46,90,RETRY,0.002,-0.0054,-0.0056,0.0018,-0.0041,0.00019,True,639.75651941357,479.229148906337,.\Image\Alignment\2017\03\31\20.14.49 400\Head1.jpg,True,641.39363266112,482.52356110385,.\Image\Alignment\2017\03\31\20.14.49 400\Head2.jpg,True,641.444776661182,482.556785851426,.\Image\Alignment\2017\03\31\20.14.49 400\Head3.jpg,True,639.807894352178,478.684793386282,.\Image\Alignment\2017\03\31\20.14.49 400\Head4.jpg
2017.03.31 20:14:51 116,TFT_SIDE5.46,90,OK,0.0013,0.0034,0.003,-0.0016,0,0,True,639.655168568211,480.210035653072,.\Image\Alignment\2017\03\31\20.14.51 116\Head1.jpg,True,639.08754683509,483.594110921743,.\Image\Alignment\2017\03\31\20.14.51 116\Head2.jpg,True,639.198133161345,483.688702902522,.\Image\Alignment\2017\03\31\20.14.51 116\Head3.jpg,True,640.429397263598,480.007894100616,.\Image\Alignment\2017\03\31\20.14.51 116\Head4.jpg
2017.03.31 20:17:41 144,TFT_SIDE5.46,0,RETRY,-0.8817,-0.8314,-0.9809,-0.7366,0.4981,0.01194,True,896.671145332553,630.140615639499,.\Image\Alignment\2017\03\31\20.17.41 144\Head1.jpg,True,839.747790695191,608.524722827696,.\Image\Alignment\2017\03\31\20.17.41 144\Head2.jpg,True,878.784445611893,620.93197513388,.\Image\Alignment\2017\03\31\20.17.41 144\Head3.jpg,True,856.53646233551,596.062291566719,.\Image\Alignment\2017\03\31\20.17.41 144\Head4.jpg
2017.03.31 20:17:43 024,TFT_SIDE5.46,0,RETRY,0.0565,0.2102,0.2086,0.0571,0.0287,0.00897,True,640.755343299546,500.60771303742,.\Image\Alignment\2017\03\31\20.17.43 024\Head1.jpg,True,598.247655062276,494.421308858792,.\Image\Alignment\2017\03\31\20.17.43 024\Head2.jpg,True,598.689512696282,486.55760310651,.\Image\Alignment\2017\03\31\20.17.43 024\Head3.jpg,True,640.58504882346,474.571668384571,.\Image\Alignment\2017\03\31\20.17.43 024\Head4.jpg
2017.03.31 20:17:44 782,TFT_SIDE5.46,0,RETRY,-0.0022,-0.0012,-0.0001,0.0018,-0.0001,-0.00056,True,639.605890576967,479.162928995427,.\Image\Alignment\2017\03\31\20.17.44 782\Head1.jpg,True,638.121561938499,482.750975602008,.\Image\Alignment\2017\03\31\20.17.44 782\Head2.jpg,True,637.827811552093,483.940122155354,.\Image\Alignment\2017\03\31\20.17.44 782\Head3.jpg,True,638.544818855351,480.770663176272,.\Image\Alignment\2017\03\31\20.17.44 782\Head4.jpg
2017.03.31 20:17:46 636,TFT_SIDE5.46,0,OK,-0.0004,0.0052,0.0039,-0.0029,0,0,True,640.108839240314,480.146820290672,.\Image\Alignment\2017\03\31\20.17.46 636\Head1.jpg,True,638.615714567012,482.88358830287,.\Image\Alignment\2017\03\31\20.17.46 636\Head2.jpg,True,638.967272693972,483.603120266961,.\Image\Alignment\2017\03\31\20.17.46 636\Head3.jpg,True,640.767222622889,479.939005297797,.\Image\Alignment\2017\03\31\20.17.46 636\Head4.jpg
2017.03.31 20:18:05 239,TFT_SIDE5.46,90,RETRY,-0.7432,-0.5702,-0.716,-0.5957,0.026,0.00948,True,852.268122386676,502.675805897732,.\Image\Alignment\2017\03\31\20.18.05 239\Head1.jpg,True,796.292013653922,495.370900303413,.\Image\Alignment\2017\03\31\20.18.05 239\Head2.jpg,True,834.857170406768,491.659697811846,.\Image\Alignment\2017\03\31\20.18.05 239\Head3.jpg,True,812.294936113836,476.845322710568,.\Image\Alignment\2017\03\31\20.18.05 239\Head4.jpg
2017.03.31 20:18:07 064,TFT_SIDE5.46,90,RETRY,-0.0062,0.0349,0.034,-0.006,0.0251,-0.00108,True,640.093426710882,484.894462847454,.\Image\Alignment\2017\03\31\20.18.07 064\Head1.jpg,True,630.109606993073,489.622780820391,.\Image\Alignment\2017\03\31\20.18.07 064\Head2.jpg,True,630.298014466277,490.162193399027,.\Image\Alignment\2017\03\31\20.18.07 064\Head3.jpg,True,640.014889374633,487.90002545224,.\Image\Alignment\2017\03\31\20.18.07 064\Head4.jpg
2017.03.31 20:18:08 905,TFT_SIDE5.46,90,RETRY,0.0014,-0.0038,-0.0046,0.0014,-0.0028,0.00022,True,639.928433343778,479.611844146114,.\Image\Alignment\2017\03\31\20.18.08 905\Head1.jpg,True,641.013338798233,482.908099598881,.\Image\Alignment\2017\03\31\20.18.08 905\Head2.jpg,True,641.196639921508,482.913590318163,.\Image\Alignment\2017\03\31\20.18.08 905\Head3.jpg,True,639.936021692474,479.008385386587,.\Image\Alignment\2017\03\31\20.18.08 905\Head4.jpg
2017.03.31 20:18:10 704,TFT_SIDE5.46,90,OK,-0.0002,0.0003,0.0016,0.0006,0,0,True,640.065077970128,480.138209442694,.\Image\Alignment\2017\03\31\20.18.10 704\Head1.jpg,True,639.911447427916,483.494201748198,.\Image\Alignment\2017\03\31\20.18.10 704\Head2.jpg,True,639.56246685238,483.774029431053,.\Image\Alignment\2017\03\31\20.18.10 704\Head3.jpg,True,639.828714712018,480.372483902455,.\Image\Alignment\2017\03\31\20.18.10 704\Head4.jpg
2017.03.31 20:22:44 895,TFT_SIDE5.46,0,RETRY,-0.6832,-0.4461,-0.5933,-0.5401,0.61,0.0456,True,903.064199813258,708.942306448726,.\Image\Alignment\2017\03\31\20.22.44 895\Head1.jpg,True,846.465217585231,668.747706478317,.\Image\Alignment\2017\03\31\20.22.44 895\Head2.jpg,True,884.896709551585,621.527299951828,.\Image\Alignment\2017\03\31\20.22.44 895\Head3.jpg,True,863.475599031206,577.102757694387,.\Image\Alignment\2017\03\31\20.22.44 895\Head4.jpg
2017.03.31 20:22:46 763,TFT_SIDE5.46,0,RETRY,-0.0215,-0.0557,-0.0579,-0.0186,-0.0074,-0.00327,True,639.96703879587,473.291331786354,.\Image\Alignment\2017\03\31\20.22.46 763\Head1.jpg,True,647.709399289818,479.177093278969,.\Image\Alignment\2017\03\31\20.22.46 763\Head2.jpg,True,648.267392735714,483.094572939545,.\Image\Alignment\2017\03\31\20.22.46 763\Head3.jpg,True,639.185223601419,482.76635926813,.\Image\Alignment\2017\03\31\20.22.46 763\Head4.jpg
2017.03.31 20:22:48 548,TFT_SIDE5.46,0,RETRY,0.0011,-0.0036,0.0008,0.0014,0.0007,0.00029,True,640.233367009668,480.619172895741,.\Image\Alignment\2017\03\31\20.22.48 548\Head1.jpg,True,639.154274433964,483.29940782176,.\Image\Alignment\2017\03\31\20.22.48 548\Head2.jpg,True,637.97414876732,484.283834209157,.\Image\Alignment\2017\03\31\20.22.48 548\Head3.jpg,True,640.153751172346,479.769419828283,.\Image\Alignment\2017\03\31\20.22.48 548\Head4.jpg
2017.03.31 20:22:50 293,TFT_SIDE5.46,0,RETRY,-0.0008,0.0061,0.0017,-0.003,0.0012,-0.00017,True,639.926149847277,480.082242606584,.\Image\Alignment\2017\03\31\20.22.50 293\Head1.jpg,True,636.820656514165,483.008755671227,.\Image\Alignment\2017\03\31\20.22.50 293\Head2.jpg,True,637.979174135165,483.852257000224,.\Image\Alignment\2017\03\31\20.22.50 293\Head3.jpg,True,640.503481999584,480.577529877138,.\Image\Alignment\2017\03\31\20.22.50 293\Head4.jpg
2017.03.31 20:22:51 997,TFT_SIDE5.46,0,OK,-0.0013,0.0031,0.0025,-0.0011,0,0,True,640.341136491489,479.930253020942,.\Image\Alignment\2017\03\31\20.22.51 997\Head1.jpg,True,639.176124089154,482.379951435621,.\Image\Alignment\2017\03\31\20.22.51 997\Head2.jpg,True,639.331529040833,483.280981703707,.\Image\Alignment\2017\03\31\20.22.51 997\Head3.jpg,True,640.281136677299,479.705656571417,.\Image\Alignment\2017\03\31\20.22.51 997\Head4.jpg
2017.03.31 20:23:10 482,TFT_SIDE5.46,90,RETRY,-0.8145,-0.6733,-0.8163,-0.6655,0.0991,0.03269,True,905.022511736129,561.122353532571,.\Image\Alignment\2017\03\31\20.23.10 482\Head1.jpg,True,848.857297554126,527.803635593908,.\Image\Alignment\2017\03\31\20.23.10 482\Head2.jpg,True,886.59558836689,501.213217986096,.\Image\Alignment\2017\03\31\20.23.10 482\Head3.jpg,True,864.453584944072,470.115455364417,.\Image\Alignment\2017\03\31\20.23.10 482\Head4.jpg
2017.03.31 20:23:12 350,TFT_SIDE5.46,90,RETRY,-0.0126,0.0625,0.06,-0.0126,0.0751,-0.002,True,640.4814813362,496.699657080693,.\Image\Alignment\2017\03\31\20.23.12 350\Head1.jpg,True,622.095687569759,502.532672733094,.\Image\Alignment\2017\03\31\20.23.12 350\Head2.jpg,True,622.682701565317,503.669388636991,.\Image\Alignment\2017\03\31\20.23.12 350\Head3.jpg,True,640.375616340628,502.252746824562,.\Image\Alignment\2017\03\31\20.23.12 350\Head4.jpg
2017.03.31 20:23:14 232,TFT_SIDE5.46,90,RETRY,0.0021,-0.0065,-0.007,0.0009,-0.0041,0.00025,True,639.791029859592,479.324766286609,.\Image\Alignment\2017\03\31\20.23.14 232\Head1.jpg,True,641.672397112166,482.671434242473,.\Image\Alignment\2017\03\31\20.23.14 232\Head2.jpg,True,641.798796195826,482.724282342711,.\Image\Alignment\2017\03\31\20.23.14 232\Head3.jpg,True,640.117614346878,478.624884811298,.\Image\Alignment\2017\03\31\20.23.14 232\Head4.jpg
2017.03.31 20:23:15 867,TFT_SIDE5.46,90,OK,-0.0001,0.0017,0.0018,-0.0003,0,0,True,640.023185019528,480.271253602518,.\Image\Alignment\2017\03\31\20.23.15 867\Head1.jpg,True,639.551600745253,483.884559681635,.\Image\Alignment\2017\03\31\20.23.15 867\Head2.jpg,True,639.524082948848,484.004279146808,.\Image\Alignment\2017\03\31\20.23.15 867\Head3.jpg,True,640.085930544504,480.384866963477,.\Image\Alignment\2017\03\31\20.23.15 867\Head4.jpg
2017.03.31 20:27:23 668,TFT_SIDE5.46,0,RETRY,-0.8165,-0.372,-0.5193,-0.6704,0.5333,0.02659,True,905.112835647802,660.837117103962,.\Image\Alignment\2017\03\31\20.27.23 668\Head1.jpg,True,848.072986366101,656.34151831976,.\Image\Alignment\2017\03\31\20.27.23 668\Head2.jpg,True,886.610283394984,597.487133386223,.\Image\Alignment\2017\03\31\20.27.23 668\Head3.jpg,True,864.724363377306,584.248920226751,.\Image\Alignment\2017\03\31\20.27.23 668\Head4.jpg
2017.03.31 20:27:25 577,TFT_SIDE5.46,0,RETRY,0.0609,-0.178,-0.1806,0.0621,0.0402,0.00897,True,639.560033153782,503.686454039181,.\Image\Alignment\2017\03\31\20.27.25 577\Head1.jpg,True,701.470920798408,497.972795299147,.\Image\Alignment\2017\03\31\20.27.25 577\Head2.jpg,True,702.067619296211,490.432489782259,.\Image\Alignment\2017\03\31\20.27.25 577\Head3.jpg,True,639.238346540082,477.633762660129,.\Image\Alignment\2017\03\31\20.27.25 577\Head4.jpg
2017.03.31 20:27:27 430,TFT_SIDE5.46,0,RETRY,-0.0013,-0.0013,-0.0001,-0.0002,0.0013,0.00039,True,641.016946768909,480.902543644469,.\Image\Alignment\2017\03\31\20.27.27 430\Head1.jpg,True,639.519982452839,483.033309993944,.\Image\Alignment\2017\03\31\20.27.27 430\Head2.jpg,True,639.178821762908,483.488894195797,.\Image\Alignment\2017\03\31\20.27.27 430\Head3.jpg,True,640.726586207043,479.78692960609,.\Image\Alignment\2017\03\31\20.27.27 430\Head4.jpg
2017.03.31 20:27:29 175,TFT_SIDE5.46,0,OK,0.0005,0.0059,0.0068,0.001,0,0,True,639.865380906522,480.142012293701,.\Image\Alignment\2017\03\31\20.27.29 175\Head1.jpg,True,638.415525238492,482.914330466177,.\Image\Alignment\2017\03\31\20.27.29 175\Head2.jpg,True,638.184669826542,483.640300248364,.\Image\Alignment\2017\03\31\20.27.29 175\Head3.jpg,True,639.746300803104,479.984982495253,.\Image\Alignment\2017\03\31\20.27.29 175\Head4.jpg
2017.03.31 20:27:47 631,TFT_SIDE5.46,90,RETRY,-0.7863,-0.6806,-0.8278,-0.6374,0.0656,0.0264,True,888.351864335602,541.623821019668,.\Image\Alignment\2017\03\31\20.27.47 631\Head1.jpg,True,831.928712905933,511.067683421041,.\Image\Alignment\2017\03\31\20.27.47 631\Head2.jpg,True,870.784267365491,501.721049265434,.\Image\Alignment\2017\03\31\20.27.47 631\Head3.jpg,True,847.87829603962,468.284920873833,.\Image\Alignment\2017\03\31\20.27.47 631\Head4.jpg
2017.03.31 20:27:49 431,TFT_SIDE5.46,90,RETRY,-0.0124,0.0968,0.0976,-0.0126,0.0597,-0.002,True,640.410693463927,492.58624530803,.\Image\Alignment\2017\03\31\20.27.49 431\Head1.jpg,True,612.563769276563,497.988327767119,.\Image\Alignment\2017\03\31\20.27.49 431\Head2.jpg,True,612.30272199122,499.459179107369,.\Image\Alignment\2017\03\31\20.27.49 431\Head3.jpg,True,640.379056492289,498.151816382973,.\Image\Alignment\2017\03\31\20.27.49 431\Head4.jpg
2017.03.31 20:27:51 270,TFT_SIDE5.46,90,RETRY,0.0013,-0.0069,-0.0067,0.0025,-0.0043,0.00019,True,639.93933497891,479.176484858855,.\Image\Alignment\2017\03\31\20.27.51 270\Head1.jpg,True,641.563365778826,482.356259152941,.\Image\Alignment\2017\03\31\20.27.51 270\Head2.jpg,True,641.488828955287,482.609327035434,.\Image\Alignment\2017\03\31\20.27.51 270\Head3.jpg,True,639.634331756406,478.631851221184,.\Image\Alignment\2017\03\31\20.27.51 270\Head4.jpg
2017.03.31 20:27:52 961,TFT_SIDE5.46,90,OK,0.0001,0.0035,0.0036,-0.0004,0,0,True,639.979435759374,480.189446511674,.\Image\Alignment\2017\03\31\20.27.52 961\Head1.jpg,True,639.078468094472,483.70072838269,.\Image\Alignment\2017\03\31\20.27.52 961\Head2.jpg,True,639.039538972655,483.619185902771,.\Image\Alignment\2017\03\31\20.27.52 961\Head3.jpg,True,640.098054379235,480.393930564019,.\Image\Alignment\2017\03\31\20.27.52 961\Head4.jpg
2017.03.31 20:31:01 067,TFT_SIDE5.46,0,RETRY,-0.8067,-0.6491,-0.7968,-0.662,0.536,0.02579,True,901.083245702048,660.384801900527,.\Image\Alignment\2017\03\31\20.31.01 067\Head1.jpg,True,843.642978481523,633.805900940499,.\Image\Alignment\2017\03\31\20.31.01 067\Head2.jpg,True,882.189396116428,617.624883633971,.\Image\Alignment\2017\03\31\20.31.01 067\Head3.jpg,True,861.070788821728,586.10483442174,.\Image\Alignment\2017\03\31\20.31.01 067\Head4.jpg
2017.03.31 20:31:03 017,TFT_SIDE5.46,0,RETRY,0.0007,0.0499,0.0486,0.0038,-0.008,-0.0005,True,638.939420496936,477.13678879501,.\Image\Alignment\2017\03\31\20.31.03 017\Head1.jpg,True,624.872921882042,480.519311597553,.\Image\Alignment\2017\03\31\20.31.03 017\Head2.jpg,True,625.245902552132,481.484469199934,.\Image\Alignment\2017\03\31\20.31.03 017\Head3.jpg,True,638.129048695723,478.580023870902,.\Image\Alignment\2017\03\31\20.31.03 017\Head4.jpg
2017.03.31 20:31:04 763,TFT_SIDE5.46,0,OK,-0.0008,0.0037,0.0042,-0.0015,0,0,True,640.211802773866,480.066165400935,.\Image\Alignment\2017\03\31\20.31.04 763\Head1.jpg,True,639.010892961433,482.905618765953,.\Image\Alignment\2017\03\31\20.31.04 763\Head2.jpg,True,638.88110768329,483.601672685331,.\Image\Alignment\2017\03\31\20.31.04 763\Head3.jpg,True,640.392040171064,480.027590688088,.\Image\Alignment\2017\03\31\20.31.04 763\Head4.jpg
2017.03.31 20:31:23 298,TFT_SIDE5.46,90,RETRY,-0.7425,-0.588,-0.7321,-0.5937,0.0333,0.01557,True,860.90184036037,514.835954669651,.\Image\Alignment\2017\03\31\20.31.23 298\Head1.jpg,True,804.678192316862,502.063166100634,.\Image\Alignment\2017\03\31\20.31.23 298\Head2.jpg,True,842.785821590041,495.023148770769,.\Image\Alignment\2017\03\31\20.31.23 298\Head3.jpg,True,820.580759679666,471.898743917709,.\Image\Alignment\2017\03\31\20.31.23 298\Head4.jpg
2017.03.31 20:31:25 112,TFT_SIDE5.46,90,RETRY,-0.0075,0.0526,0.0504,-0.0078,0.0412,-0.00148,True,639.860374451499,488.519442137918,.\Image\Alignment\2017\03\31\20.31.25 112\Head1.jpg,True,625.002145662896,493.549870657462,.\Image\Alignment\2017\03\31\20.31.25 112\Head2.jpg,True,625.544861490216,494.443554036861,.\Image\Alignment\2017\03\31\20.31.25 112\Head3.jpg,True,639.881475186861,492.630583820628,.\Image\Alignment\2017\03\31\20.31.25 112\Head4.jpg
2017.03.31 20:31:26 953,TFT_SIDE5.46,90,OK,0.0014,-0.0043,-0.0035,0.0014,0,0,True,639.636642108741,479.079356600963,.\Image\Alignment\2017\03\31\20.31.26 953\Head1.jpg,True,641.156496754698,482.505174126607,.\Image\Alignment\2017\03\31\20.31.26 953\Head2.jpg,True,640.941929816468,482.455828845348,.\Image\Alignment\2017\03\31\20.31.26 953\Head3.jpg,True,639.615200058584,478.820449248851,.\Image\Alignment\2017\03\31\20.31.26 953\Head4.jpg
2017.03.31 20:34:18 220,TFT_SIDE5.46,0,RETRY,-0.8308,-0.6366,-0.7853,-0.6883,0.556,0.02321,True,902.954594213599,661.953646077968,.\Image\Alignment\2017\03\31\20.34.18 220\Head1.jpg,True,846.031677770654,642.314953242638,.\Image\Alignment\2017\03\31\20.34.18 220\Head2.jpg,True,884.847952001052,623.018954715426,.\Image\Alignment\2017\03\31\20.34.18 220\Head3.jpg,True,863.491522556159,595.151382550222,.\Image\Alignment\2017\03\31\20.34.18 220\Head4.jpg
2017.03.31 20:34:20 101,TFT_SIDE5.46,0,RETRY,-0.003,0.0059,0.0051,0.0014,0.0064,-0.00075,True,639.46286228757,480.627999627861,.\Image\Alignment\2017\03\31\20.34.20 101\Head1.jpg,True,635.614438772298,484.002313335587,.\Image\Alignment\2017\03\31\20.34.20 101\Head2.jpg,True,635.814822554291,485.534247534322,.\Image\Alignment\2017\03\31\20.34.20 101\Head3.jpg,True,638.290157499171,482.795156324647,.\Image\Alignment\2017\03\31\20.34.20 101\Head4.jpg
2017.03.31 20:34:21 942,TFT_SIDE5.46,0,RETRY,0.0031,0.006,0.0014,0.0023,0.0013,0.00026,True,639.633642665374,480.734708966915,.\Image\Alignment\2017\03\31\20.34.21 942\Head1.jpg,True,637.79204284648,483.447826777962,.\Image\Alignment\2017\03\31\20.34.21 942\Head2.jpg,True,639.015110476311,483.776477545028,.\Image\Alignment\2017\03\31\20.34.21 942\Head3.jpg,True,639.856687894183,479.971913559976,.\Image\Alignment\2017\03\31\20.34.21 942\Head4.jpg
2017.03.31 20:34:23 794,TFT_SIDE5.46,0,RETRY,-0.0026,-0.0051,-0.0021,-0.0028,-0.0001,-0.00017,True,640.39909850917,479.729803255339,.\Image\Alignment\2017\03\31\20.34.23 794\Head1.jpg,True,639.431989908102,482.563332646627,.\Image\Alignment\2017\03\31\20.34.23 794\Head2.jpg,True,638.624772894613,483.60519048017,.\Image\Alignment\2017\03\31\20.34.23 794\Head3.jpg,True,640.443063924579,480.231599739547,.\Image\Alignment\2017\03\31\20.34.23 794\Head4.jpg
2017.03.31 20:34:25 649,TFT_SIDE5.46,0,RETRY,-0.0018,-0.0025,0,-0.0021,-0.0003,-0.00015,True,640.214137162353,479.686263652418,.\Image\Alignment\2017\03\31\20.34.25 649\Head1.jpg,True,638.565604484689,482.475263433087,.\Image\Alignment\2017\03\31\20.34.25 649\Head2.jpg,True,637.88157789922,483.618012591571,.\Image\Alignment\2017\03\31\20.34.25 649\Head3.jpg,True,640.282534272319,480.133843335412,.\Image\Alignment\2017\03\31\20.34.25 649\Head4.jpg
2017.03.31 20:34:27 367,TFT_SIDE5.46,0,RETRY,0.0015,0.0031,0.0026,0.0021,0.0004,0.00016,True,639.875746448598,480.353356937989,.\Image\Alignment\2017\03\31\20.34.27 367\Head1.jpg,True,638.064167058585,482.962747759985,.\Image\Alignment\2017\03\31\20.34.27 367\Head2.jpg,True,638.197298824522,483.56362719099,.\Image\Alignment\2017\03\31\20.34.27 367\Head3.jpg,True,639.732673191044,479.880026971519,.\Image\Alignment\2017\03\31\20.34.27 367\Head4.jpg
2017.03.31 20:34:29 127,TFT_SIDE5.46,0,RETRY,0.0011,0.0019,0.0024,0.0006,-0.0012,0.00013,True,639.926668450927,479.86302083255,.\Image\Alignment\2017\03\31\20.34.29 127\Head1.jpg,True,639.009348069437,482.669640456436,.\Image\Alignment\2017\03\31\20.34.29 127\Head2.jpg,True,638.859672584078,482.93170693075,.\Image\Alignment\2017\03\31\20.34.29 127\Head3.jpg,True,640.066775093789,479.489559589439,.\Image\Alignment\2017\03\31\20.34.29 127\Head4.jpg
2017.03.31 20:34:30 844,TFT_SIDE5.46,0,RETRY,0.0004,-0.0049,-0.0055,-0.0012,-0.0006,-0.00014,True,639.660522402383,479.652826293345,.\Image\Alignment\2017\03\31\20.34.30 844\Head1.jpg,True,639.068776173802,482.439858078669,.\Image\Alignment\2017\03\31\20.34.30 844\Head2.jpg,True,639.221635634901,483.662780694267,.\Image\Alignment\2017\03\31\20.34.30 844\Head3.jpg,True,640.086726012937,480.047756765018,.\Image\Alignment\2017\03\31\20.34.30 844\Head4.jpg
2017.03.31 20:34:32 644,TFT_SIDE5.46,0,RETRY,0.0006,0.0036,0.0052,0.0024,-0.0014,-0.00013,True,639.606869769606,479.437326980161,.\Image\Alignment\2017\03\31\20.34.32 644\Head1.jpg,True,637.452374696732,482.647158399908,.\Image\Alignment\2017\03\31\20.34.32 644\Head2.jpg,True,637.00892255859,483.508855260517,.\Image\Alignment\2017\03\31\20.34.32 644\Head3.jpg,True,639.126685831344,479.81684558665,.\Image\Alignment\2017\03\31\20.34.32 644\Head4.jpg
2017.03.31 20:34:34 458,TFT_SIDE5.46,0,RETRY,0.001,0,-0.0004,0.0027,0.0005,0.00022,True,640.133837907177,480.452670963974,.\Image\Alignment\2017\03\31\20.34.34 458\Head1.jpg,True,638.601404037057,482.771523037106,.\Image\Alignment\2017\03\31\20.34.34 458\Head2.jpg,True,638.696220870376,483.525515153814,.\Image\Alignment\2017\03\31\20.34.34 458\Head3.jpg,True,639.673154943231,479.811630277071,.\Image\Alignment\2017\03\31\20.34.34 458\Head4.jpg
2017.03.31 20:34:36 136,TFT_SIDE5.46,0,OK,0.0001,0.0075,0.0054,-0.0009,0,0,True,639.984567234147,480.140296570733,.\Image\Alignment\2017\03\31\20.34.36 136\Head1.jpg,True,638.007057433726,482.664120925263,.\Image\Alignment\2017\03\31\20.34.36 136\Head2.jpg,True,638.561620110571,483.54175956115,.\Image\Alignment\2017\03\31\20.34.36 136\Head3.jpg,True,640.252765024361,480.119941380035,.\Image\Alignment\2017\03\31\20.34.36 136\Head4.jpg
2017.03.31 20:34:54 731,TFT_SIDE5.46,90,RETRY,-0.7803,-0.6106,-0.7558,-0.6308,0.0134,0.01169,True,865.379250352257,503.005879886941,.\Image\Alignment\2017\03\31\20.34.54 731\Head1.jpg,True,809.140211982095,494.399248130304,.\Image\Alignment\2017\03\31\20.34.54 731\Head2.jpg,True,847.534723904805,488.809757999324,.\Image\Alignment\2017\03\31\20.34.54 731\Head3.jpg,True,824.848687359844,471.044866399276,.\Image\Alignment\2017\03\31\20.34.54 731\Head4.jpg
2017.03.31 20:34:56 571,TFT_SIDE5.46,90,RETRY,-0.0029,0.0369,0.0382,-0.0052,0.0306,-0.00104,True,639.26670541846,486.424694172438,.\Image\Alignment\2017\03\31\20.34.56 571\Head1.jpg,True,629.289478984658,490.914684998345,.\Image\Alignment\2017\03\31\20.34.56 571\Head2.jpg,True,628.895100768132,491.70915413016,.\Image\Alignment\2017\03\31\20.34.56 571\Head3.jpg,True,639.84090480899,489.326699954305,.\Image\Alignment\2017\03\31\20.34.56 571\Head4.jpg
2017.03.31 20:34:58 439,TFT_SIDE5.46,90,RETRY,0.0004,-0.0024,-0.0034,0.0003,-0.0019,0.00012,True,640.068861666831,479.681574266196,.\Image\Alignment\2017\03\31\20.34.58 439\Head1.jpg,True,640.715482092479,482.891283904177,.\Image\Alignment\2017\03\31\20.34.58 439\Head2.jpg,True,640.964853268128,482.833025141542,.\Image\Alignment\2017\03\31\20.34.58 439\Head3.jpg,True,640.089301939325,479.355210845702,.\Image\Alignment\2017\03\31\20.34.58 439\Head4.jpg
2017.03.31 20:35:00 142,TFT_SIDE5.46,90,OK,-0.0009,0.0001,0.0004,-0.0011,0,0,True,640.24057001751,479.944919488223,.\Image\Alignment\2017\03\31\20.35.00 142\Head1.jpg,True,639.965585309562,483.276710641699,.\Image\Alignment\2017\03\31\20.35.00 142\Head2.jpg,True,639.886807546335,483.347299283854,.\Image\Alignment\2017\03\31\20.35.00 142\Head3.jpg,True,640.282739910127,479.862158930115,.\Image\Alignment\2017\03\31\20.35.00 142\Head4.jpg
2017.03.31 20:37:50 469,TFT_SIDE5.46,0,RETRY,-0.8729,-0.5439,-0.6925,-0.7256,0.5074,0.01638,True,902.157334559773,639.066212147851,.\Image\Alignment\2017\03\31\20.37.50 469\Head1.jpg,True,844.35190940298,644.708216203439,.\Image\Alignment\2017\03\31\20.37.50 469\Head2.jpg,True,883.172862592636,612.855321701364,.\Image\Alignment\2017\03\31\20.37.50 469\Head3.jpg,True,861.423515195192,592.117729625333,.\Image\Alignment\2017\03\31\20.37.50 469\Head4.jpg
2017.03.31 20:37:52 378,TFT_SIDE5.46,0,RETRY,0.0621,-0.0606,-0.0625,0.0633,0.0313,0.00924,True,639.721827487017,501.711447948496,.\Image\Alignment\2017\03\31\20.37.52 378\Head1.jpg,True,671.430626070262,495.495756786843,.\Image\Alignment\2017\03\31\20.37.52 378\Head2.jpg,True,671.882542055105,487.215729984365,.\Image\Alignment\2017\03\31\20.37.52 378\Head3.jpg,True,639.431110361901,474.882994975988,.\Image\Alignment\2017\03\31\20.37.52 378\Head4.jpg
2017.03.31 20:37:54 109,TFT_SIDE5.46,0,RETRY,0.0012,-0.0009,0.0001,0.0012,-0.001,-0.00033,True,639.098571526166,479.254566508765,.\Image\Alignment\2017\03\31\20.37.54 109\Head1.jpg,True,637.741333441989,482.080680833132,.\Image\Alignment\2017\03\31\20.37.54 109\Head2.jpg,True,637.467941794898,483.438075801898,.\Image\Alignment\2017\03\31\20.37.54 109\Head3.jpg,True,639.101854118896,480.197709078094,.\Image\Alignment\2017\03\31\20.37.54 109\Head4.jpg
2017.03.31 20:37:55 854,TFT_SIDE5.46,0,OK,0.0004,0.0067,0.0071,0.0006,0,0,True,639.884892645793,479.909388797593,.\Image\Alignment\2017\03\31\20.37.55 854\Head1.jpg,True,638.224769024893,482.67637784902,.\Image\Alignment\2017\03\31\20.37.55 854\Head2.jpg,True,638.106056528971,483.532906061838,.\Image\Alignment\2017\03\31\20.37.55 854\Head3.jpg,True,639.84118090399,480.16287417323,.\Image\Alignment\2017\03\31\20.37.55 854\Head4.jpg
2017.03.31 20:38:14 234,TFT_SIDE5.46,90,RETRY,-0.7464,-0.5951,-0.7404,-0.5993,0.0259,0.01627,True,862.976264315487,514.021645159224,.\Image\Alignment\2017\03\31\20.38.14 234\Head1.jpg,True,807.005038758471,499.836418526198,.\Image\Alignment\2017\03\31\20.38.14 234\Head2.jpg,True,845.413960329291,492.406930804897,.\Image\Alignment\2017\03\31\20.38.14 234\Head3.jpg,True,823.081775758672,469.138116940036,.\Image\Alignment\2017\03\31\20.38.14 234\Head4.jpg
2017.03.31 20:38:16 087,TFT_SIDE5.46,90,RETRY,-0.0143,0.0514,0.0499,-0.0142,0.0437,-0.00268,True,639.930091278006,487.197116594843,.\Image\Alignment\2017\03\31\20.38.16 087\Head1.jpg,True,624.500414907431,493.665731341258,.\Image\Alignment\2017\03\31\20.38.16 087\Head2.jpg,True,624.872103448312,495.294669344401,.\Image\Alignment\2017\03\31\20.38.16 087\Head3.jpg,True,639.845487244891,494.695084042961,.\Image\Alignment\2017\03\31\20.38.16 087\Head4.jpg
2017.03.31 20:38:17 942,TFT_SIDE5.46,90,OK,-0.001,-0.0082,-0.0059,0.0022,0,0,True,640.265146801459,478.566415976554,.\Image\Alignment\2017\03\31\20.38.17 942\Head1.jpg,True,642.190364609473,482.115972242714,.\Image\Alignment\2017\03\31\20.38.17 942\Head2.jpg,True,641.568282257203,482.38819874408,.\Image\Alignment\2017\03\31\20.38.17 942\Head3.jpg,True,639.409840675909,478.670856273204,.\Image\Alignment\2017\03\31\20.38.17 942\Head4.jpg
2017.03.31 20:41:29 675,TFT_SIDE5.46,0,RETRY,-0.8397,-0.6023,-0.7527,-0.6948,0.4489,0.0187,True,897.366985895718,626.835364065126,.\Image\Alignment\2017\03\31\20.41.29 675\Head1.jpg,True,839.976180507006,617.443241020087,.\Image\Alignment\2017\03\31\20.41.29 675\Head2.jpg,True,879.321947223305,596.456859138086,.\Image\Alignment\2017\03\31\20.41.29 675\Head3.jpg,True,857.408419952188,573.195577653313,.\Image\Alignment\2017\03\31\20.41.29 675\Head4.jpg
2017.03.31 20:41:31 541,TFT_SIDE5.46,0,RETRY,-0.0027,-0.0337,-0.033,0.0005,0.0082,-0.00035,True,640.111441009066,481.685298288664,.\Image\Alignment\2017\03\31\20.41.31 541\Head1.jpg,True,647.452553195526,484.713318125627,.\Image\Alignment\2017\03\31\20.41.31 541\Head2.jpg,True,647.22142329266,485.563223348871,.\Image\Alignment\2017\03\31\20.41.31 541\Head3.jpg,True,639.243450580764,482.689359462704,.\Image\Alignment\2017\03\31\20.41.31 541\Head4.jpg
2017.03.31 20:41:33 312,TFT_SIDE5.46,0,RETRY,-0.0014,-0.0043,-0.0025,-0.0012,0.0004,-0.00021,True,639.982396177503,479.79933589994,.\Image\Alignment\2017\03\31\20.41.33 312\Head1.jpg,True,639.091372264464,482.648158714681,.\Image\Alignment\2017\03\31\20.41.33 312\Head2.jpg,True,638.607087072533,483.764959427657,.\Image\Alignment\2017\03\31\20.41.33 312\Head3.jpg,True,639.939228389891,480.421750103486,.\Image\Alignment\2017\03\31\20.41.33 312\Head4.jpg
2017.03.31 20:41:35 031,TFT_SIDE5.46,0,OK,0.0002,0.0074,0.0055,-0.0003,0,0,True,639.943293581021,479.863274049071,.\Image\Alignment\2017\03\31\20.41.35 031\Head1.jpg,True,638.024708124583,482.615614074262,.\Image\Alignment\2017\03\31\20.41.35 031\Head2.jpg,True,638.543312145366,483.268423716823,.\Image\Alignment\2017\03\31\20.41.35 031\Head3.jpg,True,640.070138790797,479.764344753894,.\Image\Alignment\2017\03\31\20.41.35 031\Head4.jpg
2017.03.31 20:41:53 582,TFT_SIDE5.46,90,RETRY,-0.6696,-0.492,-0.6372,-0.5219,0.0129,0.00773,True,830.048411325558,496.264913172335,.\Image\Alignment\2017\03\31\20.41.53 582\Head1.jpg,True,775.005303307889,490.691165462444,.\Image\Alignment\2017\03\31\20.41.53 582\Head2.jpg,True,813.430901200338,487.383067355018,.\Image\Alignment\2017\03\31\20.41.53 582\Head3.jpg,True,790.127400339544,475.259194290639,.\Image\Alignment\2017\03\31\20.41.53 582\Head4.jpg
2017.03.31 20:41:55 437,TFT_SIDE5.46,90,RETRY,-0.0081,0.0285,0.0291,-0.0058,0.0229,-0.00142,True,640.109069755515,483.739406746105,.\Image\Alignment\2017\03\31\20.41.55 437\Head1.jpg,True,631.595037873495,488.900437391256,.\Image\Alignment\2017\03\31\20.41.55 437\Head2.jpg,True,631.403730749234,489.631969694055,.\Image\Alignment\2017\03\31\20.41.55 437\Head3.jpg,True,639.440969172928,487.71677209095,.\Image\Alignment\2017\03\31\20.41.55 437\Head4.jpg
2017.03.31 20:41:57 277,TFT_SIDE5.46,90,RETRY,0.0017,-0.0058,-0.0063,-0.0007,-0.0039,0.00012,True,639.718826044408,479.156456501105,.\Image\Alignment\2017\03\31\20.41.57 277\Head1.jpg,True,641.581235938825,482.744787534138,.\Image\Alignment\2017\03\31\20.41.57 277\Head2.jpg,True,641.698566040006,482.719565194041,.\Image\Alignment\2017\03\31\20.41.57 277\Head3.jpg,True,640.356517804794,478.831595671733,.\Image\Alignment\2017\03\31\20.41.57 277\Head4.jpg
2017.03.31 20:41:59 050,TFT_SIDE5.46,90,OK,-0.0002,0.0008,0.0001,-0.0004,0,0,True,640.056926461542,480.438850787166,.\Image\Alignment\2017\03\31\20.41.59 050\Head1.jpg,True,639.780735513883,483.586699486651,.\Image\Alignment\2017\03\31\20.41.59 050\Head2.jpg,True,639.965946429559,483.741593173847,.\Image\Alignment\2017\03\31\20.41.59 050\Head3.jpg,True,640.112403160206,480.174838404272,.\Image\Alignment\2017\03\31\20.41.59 050\Head4.jpg
2017.03.31 20:50:05 442,TFT_SIDE5.46,0,RETRY,-0.7343,-0.532,-0.6819,-0.5914,0.4764,0.03507,True,898.110098096632,657.946096583763,.\Image\Alignment\2017\03\31\20.50.05 442\Head1.jpg,True,841.194799078473,627.465218890512,.\Image\Alignment\2017\03\31\20.50.05 442\Head2.jpg,True,880.436073427334,595.599609415547,.\Image\Alignment\2017\03\31\20.50.05 442\Head3.jpg,True,858.744018787722,556.79914983821,.\Image\Alignment\2017\03\31\20.50.05 442\Head4.jpg
2017.03.31 20:50:07 255,TFT_SIDE5.46,0,RETRY,-0.0041,-0.0011,-0.0024,-0.0015,0.0045,-0.00048,True,640.252407110536,480.494107242614,.\Image\Alignment\2017\03\31\20.50.07 255\Head1.jpg,True,638.047372412851,483.864132829079,.\Image\Alignment\2017\03\31\20.50.07 255\Head2.jpg,True,638.377435233368,485.083686792413,.\Image\Alignment\2017\03\31\20.50.07 255\Head3.jpg,True,639.536089876269,481.889963476742,.\Image\Alignment\2017\03\31\20.50.07 255\Head4.jpg
2017.03.31 20:50:09 026,TFT_SIDE5.46,0,RETRY,-0.0007,-0.0008,-0.0013,-0.0028,0.002,-0.00018,True,639.863134891545,480.274231327693,.\Image\Alignment\2017\03\31\20.50.09 026\Head1.jpg,True,638.251326908905,483.055777769646,.\Image\Alignment\2017\03\31\20.50.09 026\Head2.jpg,True,638.386461247364,484.117654424248,.\Image\Alignment\2017\03\31\20.50.09 026\Head3.jpg,True,640.413914559455,480.801395552652,.\Image\Alignment\2017\03\31\20.50.09 026\Head4.jpg
2017.03.31 20:50:10 838,TFT_SIDE5.46,0,OK,-0.0014,0.0049,0.0047,0.0026,0,0,True,640.381892552474,479.996517513493,.\Image\Alignment\2017\03\31\20.50.10 838\Head1.jpg,True,638.681258629342,482.669621880623,.\Image\Alignment\2017\03\31\20.50.10 838\Head2.jpg,True,638.749854205115,483.597731858215,.\Image\Alignment\2017\03\31\20.50.10 838\Head3.jpg,True,639.311201435047,479.810849733298,.\Image\Alignment\2017\03\31\20.50.10 838\Head4.jpg
2017.03.31 20:50:15 615,TFT_SIDE5.46,0,RETRY,-0.7384,-0.5358,-0.685,-0.5961,0.4809,0.03474,True,898.627681040235,658.695399815522,.\Image\Alignment\2017\03\31\20.50.15 615\Head1.jpg,True,841.598587113542,627.278883505801,.\Image\Alignment\2017\03\31\20.50.15 615\Head2.jpg,True,880.667637127662,595.740464568587,.\Image\Alignment\2017\03\31\20.50.15 615\Head3.jpg,True,859.391145236345,558.48893492551,.\Image\Alignment\2017\03\31\20.50.15 615\Head4.jpg
2017.03.31 20:50:17 483,TFT_SIDE5.46,0,RETRY,-0.0029,0.0027,-0.0035,0.0029,0.0007,-0.00021,True,640.407832570551,479.883253192089,.\Image\Alignment\2017\03\31\20.50.17 483\Head1.jpg,True,636.945515379991,482.827765946236,.\Image\Alignment\2017\03\31\20.50.17 483\Head2.jpg,True,638.576697213376,484.103958364062,.\Image\Alignment\2017\03\31\20.50.17 483\Head3.jpg,True,638.841273065684,480.495559898302,.\Image\Alignment\2017\03\31\20.50.17 483\Head4.jpg
2017.03.31 20:50:19 188,TFT_SIDE5.46,0,OK,0.0034,0.0038,0.0091,-0.0005,0,0,True,639.103157656612,479.740170313619,.\Image\Alignment\2017\03\31\20.50.19 188\Head1.jpg,True,638.981224845076,482.443364385031,.\Image\Alignment\2017\03\31\20.50.19 188\Head2.jpg,True,637.575984771164,483.345331110167,.\Image\Alignment\2017\03\31\20.50.19 188\Head3.jpg,True,640.121047928485,479.493849811429,.\Image\Alignment\2017\03\31\20.50.19 188\Head4.jpg
2017.03.31 20:50:37 694,TFT_SIDE5.46,90,RETRY,-0.6959,-0.5612,-0.7065,-0.5469,0.0833,0.02415,True,860.930619753574,542.581910368605,.\Image\Alignment\2017\03\31\20.50.37 694\Head1.jpg,True,804.773533617637,520.301662873915,.\Image\Alignment\2017\03\31\20.50.37 694\Head2.jpg,True,843.127221915077,506.668309474333,.\Image\Alignment\2017\03\31\20.50.37 694\Head3.jpg,True,820.514428187071,475.429638182668,.\Image\Alignment\2017\03\31\20.50.37 694\Head4.jpg
2017.03.31 20:50:39 561,TFT_SIDE5.46,90,RETRY,-0.0091,0.0731,0.0715,-0.0098,0.0565,-0.00162,True,640.104881018696,492.39003554218,.\Image\Alignment\2017\03\31\20.50.39 561\Head1.jpg,True,619.85579348631,497.806223255209,.\Image\Alignment\2017\03\31\20.50.39 561\Head2.jpg,True,620.241059052313,498.389038258364,.\Image\Alignment\2017\03\31\20.50.39 561\Head3.jpg,True,640.209256977982,496.883168759775,.\Image\Alignment\2017\03\31\20.50.39 561\Head4.jpg
2017.03.31 20:50:41 387,TFT_SIDE5.46,90,RETRY,0.0025,-0.0059,-0.0061,0.0018,-0.001,0.00039,True,639.896075980541,480.375800082881,.\Image\Alignment\2017\03\31\20.50.41 387\Head1.jpg,True,641.640834795637,483.482170737908,.\Image\Alignment\2017\03\31\20.50.41 387\Head2.jpg,True,641.681477764912,483.418529109957,.\Image\Alignment\2017\03\31\20.50.41 387\Head3.jpg,True,640.072531816324,479.292341314646,.\Image\Alignment\2017\03\31\20.50.41 387\Head4.jpg
2017.03.31 20:50:43 158,TFT_SIDE5.46,90,RETRY,-0.0025,-0.0006,-0.0001,-0.0017,-0.0026,-0.00025,True,640.295050643555,478.891725671841,.\Image\Alignment\2017\03\31\20.50.43 158\Head1.jpg,True,639.937793985288,482.800034931251,.\Image\Alignment\2017\03\31\20.50.43 158\Head2.jpg,True,639.791971515614,483.005606480106,.\Image\Alignment\2017\03\31\20.50.43 158\Head3.jpg,True,640.100055707719,479.604155507408,.\Image\Alignment\2017\03\31\20.50.43 158\Head4.jpg
2017.03.31 20:50:44 847,TFT_SIDE5.46,90,RETRY,0.0022,-0.0003,-0.0008,-0.0003,-0.0004,0.00011,True,639.575488661027,480.082182730193,.\Image\Alignment\2017\03\31\20.50.44 847\Head1.jpg,True,640.006674966147,483.485814911016,.\Image\Alignment\2017\03\31\20.50.44 847\Head2.jpg,True,640.130964419345,483.554655262242,.\Image\Alignment\2017\03\31\20.50.44 847\Head3.jpg,True,640.240251693176,479.760499170751,.\Image\Alignment\2017\03\31\20.50.44 847\Head4.jpg
2017.03.31 20:50:46 657,TFT_SIDE5.46,90,OK,-0.0046,-0.0021,-0.002,0.0024,0,0,True,641.21976067097,479.912461117993,.\Image\Alignment\2017\03\31\20.50.46 657\Head1.jpg,True,640.565284249007,483.187856306012,.\Image\Alignment\2017\03\31\20.50.46 657\Head2.jpg,True,640.52334900993,483.412291479776,.\Image\Alignment\2017\03\31\20.50.46 657\Head3.jpg,True,639.364589766479,480.122535624652,.\Image\Alignment\2017\03\31\20.50.46 657\Head4.jpg
2017.03.31 20:52:20 239,TFT_SIDE5.46,90,RETRY,-0.6901,-0.5942,-0.7439,-0.542,0.0829,0.02518,True,860.877586226759,544.190398665024,.\Image\Alignment\2017\03\31\20.52.20 239\Head1.jpg,True,804.52868339272,512.765509241758,.\Image\Alignment\2017\03\31\20.52.20 239\Head2.jpg,True,844.063025165622,507.381647402136,.\Image\Alignment\2017\03\31\20.52.20 239\Head3.jpg,True,820.69942675885,474.145374937365,.\Image\Alignment\2017\03\31\20.52.20 239\Head4.jpg
2017.03.31 20:52:22 106,TFT_SIDE5.46,90,RETRY,-0.0142,0.1059,0.1087,-0.0148,0.0574,-0.00235,True,640.396809663416,491.383116984108,.\Image\Alignment\2017\03\31\20.52.22 106\Head1.jpg,True,610.130968570701,497.361503035235,.\Image\Alignment\2017\03\31\20.52.22 106\Head2.jpg,True,609.350516772203,498.840561678924,.\Image\Alignment\2017\03\31\20.52.22 106\Head3.jpg,True,640.463890291488,497.940657566918,.\Image\Alignment\2017\03\31\20.52.22 106\Head4.jpg
2017.03.31 20:52:23 960,TFT_SIDE5.46,90,RETRY,0.001,-0.008,-0.0088,0.0015,-0.0042,0.00025,True,640.083050601195,479.299011864424,.\Image\Alignment\2017\03\31\20.52.23 960\Head1.jpg,True,641.738733700073,482.334150414186,.\Image\Alignment\2017\03\31\20.52.23 960\Head2.jpg,True,641.952107077289,482.6952699806,.\Image\Alignment\2017\03\31\20.52.23 960\Head3.jpg,True,639.969718777332,478.602753246803,.\Image\Alignment\2017\03\31\20.52.23 960\Head4.jpg
2017.03.31 20:52:25 759,TFT_SIDE5.46,90,OK,0.0008,0.0021,0.0046,-0.0006,0,0,True,639.774425965518,479.997564799034,.\Image\Alignment\2017\03\31\20.52.25 759\Head1.jpg,True,639.447562911531,483.364311914122,.\Image\Alignment\2017\03\31\20.52.25 759\Head2.jpg,True,638.772721543658,483.681295223756,.\Image\Alignment\2017\03\31\20.52.25 759\Head3.jpg,True,640.170056893537,480.203815810572,.\Image\Alignment\2017\03\31\20.52.25 759\Head4.jpg
2017.03.31 20:53:57 386,TFT_SIDE5.46,0,RETRY,-0.7248,-0.6381,-0.7878,-0.5803,0.5834,0.03702,True,899.021265812966,689.369122877129,.\Image\Alignment\2017\03\31\20.53.57 386\Head1.jpg,True,841.580116726571,644.857029214711,.\Image\Alignment\2017\03\31\20.53.57 386\Head2.jpg,True,880.629009335908,628.196683412487,.\Image\Alignment\2017\03\31\20.53.57 386\Head3.jpg,True,859.090961973051,582.427847894439,.\Image\Alignment\2017\03\31\20.53.57 386\Head4.jpg
2017.03.31 20:53:59 213,TFT_SIDE5.46,0,RETRY,-0.0236,0.0962,0.096,-0.0232,-0.0087,-0.00378,True,639.616465345434,472.202469882163,.\Image\Alignment\2017\03\31\20.53.59 213\Head1.jpg,True,606.599802506634,478.781016524926,.\Image\Alignment\2017\03\31\20.53.59 213\Head2.jpg,True,606.678663316352,482.950671142543,.\Image\Alignment\2017\03\31\20.53.59 213\Head3.jpg,True,639.515700002982,483.181307874003,.\Image\Alignment\2017\03\31\20.53.59 213\Head4.jpg
2017.03.31 20:54:00 984,TFT_SIDE5.46,0,RETRY,-0.0008,0.0006,0.0006,0.0015,-0.0007,-0.00017,True,639.908254271331,479.553985090973,.\Image\Alignment\2017\03\31\20.54.00 984\Head1.jpg,True,638.530105692747,482.84093476646,.\Image\Alignment\2017\03\31\20.54.00 984\Head2.jpg,True,638.518170621998,483.558465508134,.\Image\Alignment\2017\03\31\20.54.00 984\Head3.jpg,True,639.285701509385,480.056670027756,.\Image\Alignment\2017\03\31\20.54.00 984\Head4.jpg
2017.03.31 20:54:02 756,TFT_SIDE5.46,0,RETRY,0.0007,0.0025,0.002,0.0009,-0.0006,0.00012,True,640.027686469203,480.01226030167,.\Image\Alignment\2017\03\31\20.54.02 756\Head1.jpg,True,638.485341208987,482.565965298313,.\Image\Alignment\2017\03\31\20.54.02 756\Head2.jpg,True,638.61331617273,483.025624271652,.\Image\Alignment\2017\03\31\20.54.02 756\Head3.jpg,True,639.960468182688,479.676097053341,.\Image\Alignment\2017\03\31\20.54.02 756\Head4.jpg
2017.03.31 20:54:04 447,TFT_SIDE5.46,0,OK,0.0015,0.0033,0.0045,0.0007,0,0,True,639.591618415663,479.852408491212,.\Image\Alignment\2017\03\31\20.54.04 447\Head1.jpg,True,639.119699656025,482.637981057192,.\Image\Alignment\2017\03\31\20.54.04 447\Head2.jpg,True,638.792579941702,483.345611741709,.\Image\Alignment\2017\03\31\20.54.04 447\Head3.jpg,True,639.802941664213,479.724580149786,.\Image\Alignment\2017\03\31\20.54.04 447\Head4.jpg
2017.03.31 20:54:22 933,TFT_SIDE5.46,90,RETRY,-0.7828,-0.6516,-0.796,-0.6379,0.0787,0.02335,True,882.983937911319,540.010069049242,.\Image\Alignment\2017\03\31\20.54.22 933\Head1.jpg,True,827.666677687964,517.988253027661,.\Image\Alignment\2017\03\31\20.54.22 933\Head2.jpg,True,865.785854607691,505.462639398197,.\Image\Alignment\2017\03\31\20.54.22 933\Head3.jpg,True,843.572034374337,475.218963418384,.\Image\Alignment\2017\03\31\20.54.22 933\Head4.jpg
2017.03.31 20:54:24 732,TFT_SIDE5.46,90,RETRY,-0.0111,0.0699,0.0696,-0.0097,0.0544,-0.00156,True,640.719638416296,491.916203423605,.\Image\Alignment\2017\03\31\20.54.24 732\Head1.jpg,True,620.364120792888,496.887562918455,.\Image\Alignment\2017\03\31\20.54.24 732\Head2.jpg,True,620.374955152651,497.80685922735,.\Image\Alignment\2017\03\31\20.54.24 732\Head3.jpg,True,640.265700643237,496.247365938389,.\Image\Alignment\2017\03\31\20.54.24 732\Head4.jpg
2017.03.31 20:54:26 586,TFT_SIDE5.46,90,RETRY,0.0013,-0.0068,-0.0069,-0.0005,-0.0026,0.0002,True,639.934604938662,479.647772064783,.\Image\Alignment\2017\03\31\20.54.26 586\Head1.jpg,True,641.687236251479,482.676984641014,.\Image\Alignment\2017\03\31\20.54.26 586\Head2.jpg,True,641.686648352981,482.796335036449,.\Image\Alignment\2017\03\31\20.54.26 586\Head3.jpg,True,640.418817809065,479.088577350357,.\Image\Alignment\2017\03\31\20.54.26 586\Head4.jpg
2017.03.31 20:54:28 413,TFT_SIDE5.46,90,OK,0.0001,0.0039,0.0034,0.0009,0,0,True,639.972619431915,480.022498897617,.\Image\Alignment\2017\03\31\20.54.28 413\Head1.jpg,True,638.963327342375,483.124701268578,.\Image\Alignment\2017\03\31\20.54.28 413\Head2.jpg,True,639.095906859564,483.373217035157,.\Image\Alignment\2017\03\31\20.54.28 413\Head3.jpg,True,639.755241605309,480.035945744074,.\Image\Alignment\2017\03\31\20.54.28 413\Head4.jpg
2017.03.31 20:55:59 343,TFT_SIDE5.46,0,RETRY,-0.7933,-0.6747,-0.8245,-0.6482,0.4468,0.02669,True,899.086919196634,637.891094606379,.\Image\Alignment\2017\03\31\20.55.59 343\Head1.jpg,True,841.545721129887,608.139986044269,.\Image\Alignment\2017\03\31\20.55.59 343\Head2.jpg,True,880.74903565706,596.808665926331,.\Image\Alignment\2017\03\31\20.55.59 343\Head3.jpg,True,859.104179322267,561.083204214548,.\Image\Alignment\2017\03\31\20.55.59 343\Head4.jpg
2017.03.31 20:56:01 211,TFT_SIDE5.46,0,RETRY,-0.0238,0.0652,0.0676,-0.0232,-0.0087,-0.00408,True,639.154983838161,471.789179229274,.\Image\Alignment\2017\03\31\20.56.01 211\Head1.jpg,True,614.581083566848,478.825404225315,.\Image\Alignment\2017\03\31\20.56.01 211\Head2.jpg,True,613.966759118826,483.159355518786,.\Image\Alignment\2017\03\31\20.56.01 211\Head3.jpg,True,638.967822597268,483.630661464315,.\Image\Alignment\2017\03\31\20.56.01 211\Head4.jpg
2017.03.31 20:56:03 066,TFT_SIDE5.46,0,RETRY,0.0005,-0.0006,-0.0023,0.002,0.0001,0.0002,True,640.230602507674,480.313541225256,.\Image\Alignment\2017\03\31\20.56.03 066\Head1.jpg,True,639.345007510776,482.996455889458,.\Image\Alignment\2017\03\31\20.56.03 066\Head2.jpg,True,639.783539344443,483.438008163749,.\Image\Alignment\2017\03\31\20.56.03 066\Head3.jpg,True,639.837742137874,479.722506335342,.\Image\Alignment\2017\03\31\20.56.03 066\Head4.jpg
2017.03.31 20:56:04 826,TFT_SIDE5.46,0,OK,0.0008,0.0043,0.005,0.0001,0,0,True,639.781828232345,480.099947036942,.\Image\Alignment\2017\03\31\20.56.04 826\Head1.jpg,True,638.845562104067,482.86328781589,.\Image\Alignment\2017\03\31\20.56.04 826\Head2.jpg,True,638.655209808143,483.585915493801,.\Image\Alignment\2017\03\31\20.56.04 826\Head3.jpg,True,639.967690988084,479.935347071309,.\Image\Alignment\2017\03\31\20.56.04 826\Head4.jpg
2017.03.31 20:56:23 283,TFT_SIDE5.46,90,RETRY,-0.6478,-0.4913,-0.6353,-0.5015,0.0316,0.01301,True,831.912529147454,510.098980592881,.\Image\Alignment\2017\03\31\20.56.23 283\Head1.jpg,True,776.758480472137,498.569023589514,.\Image\Alignment\2017\03\31\20.56.23 283\Head2.jpg,True,814.822048845486,493.487966061403,.\Image\Alignment\2017\03\31\20.56.23 283\Head3.jpg,True,792.317359524544,474.232253608938,.\Image\Alignment\2017\03\31\20.56.23 283\Head4.jpg
2017.03.31 20:56:25 125,TFT_SIDE5.46,90,RETRY,-0.0081,0.0456,0.0462,-0.0092,0.0311,-0.00155,True,639.905105501099,485.69775451719,.\Image\Alignment\2017\03\31\20.56.25 125\Head1.jpg,True,626.884176739751,490.877240344349,.\Image\Alignment\2017\03\31\20.56.25 125\Head2.jpg,True,626.690437837132,491.757924802887,.\Image\Alignment\2017\03\31\20.56.25 125\Head3.jpg,True,640.154694120967,490.039888717857,.\Image\Alignment\2017\03\31\20.56.25 125\Head4.jpg
2017.03.31 20:56:26 978,TFT_SIDE5.46,90,OK,-0.0005,-0.0037,-0.0056,0.0001,0,0,True,640.144482522331,479.261055089215,.\Image\Alignment\2017\03\31\20.56.26 978\Head1.jpg,True,640.988210645151,482.589101139038,.\Image\Alignment\2017\03\31\20.56.26 978\Head2.jpg,True,641.490636029856,482.783717182605,.\Image\Alignment\2017\03\31\20.56.26 978\Head3.jpg,True,639.986077197318,479.002500375854,.\Image\Alignment\2017\03\31\20.56.26 978\Head4.jpg
2017.03.31 20:59:16 904,TFT_SIDE5.46,0,RETRY,-0.8473,-0.6267,-0.7719,-0.7047,0.4851,0.01897,True,899.893968358013,636.887389605073,.\Image\Alignment\2017\03\31\20.59.16 904\Head1.jpg,True,843.445342078834,613.975607704945,.\Image\Alignment\2017\03\31\20.59.16 904\Head2.jpg,True,881.430837970343,594.634838470502,.\Image\Alignment\2017\03\31\20.59.16 904\Head3.jpg,True,860.476985154216,582.441213281111,.\Image\Alignment\2017\03\31\20.59.16 904\Head4.jpg
2017.03.31 20:59:18 759,TFT_SIDE5.46,0,RETRY,0.0429,0.0255,0.0224,0.0464,-0.0409,0.00659,True,640.166456859976,478.611316794791,.\Image\Alignment\2017\03\31\20.59.18 759\Head1.jpg,True,643.183522806127,474.450989284489,.\Image\Alignment\2017\03\31\20.59.18 759\Head2.jpg,True,644.043664414664,469.013333242014,.\Image\Alignment\2017\03\31\20.59.18 759\Head3.jpg,True,639.324189191246,459.524428879526,.\Image\Alignment\2017\03\31\20.59.18 759\Head4.jpg
2017.03.31 20:59:20 571,TFT_SIDE5.46,0,RETRY,-0.0015,-0.0001,-0.0003,-0.002,-0.001,-0.00035,True,639.789104037462,479.241755289515,.\Image\Alignment\2017\03\31\20.59.20 571\Head1.jpg,True,638.6869100827,483.031860893705,.\Image\Alignment\2017\03\31\20.59.20 571\Head2.jpg,True,638.732204523209,483.763637060516,.\Image\Alignment\2017\03\31\20.59.20 571\Head3.jpg,True,639.929458292859,480.247820438865,.\Image\Alignment\2017\03\31\20.59.20 571\Head4.jpg
2017.03.31 20:59:22 357,TFT_SIDE5.46,0,RETRY,0.0003,-0.0011,-0.0017,-0.0011,0.0019,-0.00018,True,639.592002531814,480.245717779705,.\Image\Alignment\2017\03\31\20.59.22 357\Head1.jpg,True,638.797339979625,483.064497334245,.\Image\Alignment\2017\03\31\20.59.22 357\Head2.jpg,True,638.942168309131,483.883230465915,.\Image\Alignment\2017\03\31\20.59.22 357\Head3.jpg,True,639.980838734291,480.762119174227,.\Image\Alignment\2017\03\31\20.59.22 357\Head4.jpg
2017.03.31 20:59:24 060,TFT_SIDE5.46,0,RETRY,0.0007,-0.0016,-0.0001,0.0007,-0.0002,0.00012,True,640.018307091658,480.112093551615,.\Image\Alignment\2017\03\31\20.59.24 060\Head1.jpg,True,639.009946724877,482.570589982776,.\Image\Alignment\2017\03\31\20.59.24 060\Head2.jpg,True,638.599888809351,483.344504804768,.\Image\Alignment\2017\03\31\20.59.24 060\Head3.jpg,True,640.009111751162,479.771845664632,.\Image\Alignment\2017\03\31\20.59.24 060\Head4.jpg
2017.03.31 20:59:25 696,TFT_SIDE5.46,0,OK,-0.0003,0.0072,0.0061,0.0012,0,0,True,640.077316166487,479.956299993379,.\Image\Alignment\2017\03\31\20.59.25 696\Head1.jpg,True,638.085322999372,482.572667346805,.\Image\Alignment\2017\03\31\20.59.25 696\Head2.jpg,True,638.37709260886,483.314925345849,.\Image\Alignment\2017\03\31\20.59.25 696\Head3.jpg,True,639.687244085545,479.817702524148,.\Image\Alignment\2017\03\31\20.59.25 696\Head4.jpg
2017.03.31 20:59:44 017,TFT_SIDE5.46,90,RETRY,-0.655,-0.4961,-0.6397,-0.5095,-0.0224,0.01484,True,836.482413388093,498.752212131738,.\Image\Alignment\2017\03\31\20.59.44 017\Head1.jpg,True,781.504614817788,485.529639733958,.\Image\Alignment\2017\03\31\20.59.44 017\Head2.jpg,True,819.538121592406,477.272687507277,.\Image\Alignment\2017\03\31\20.59.44 017\Head3.jpg,True,797.17532237915,457.81092405886,.\Image\Alignment\2017\03\31\20.59.44 017\Head4.jpg
2017.03.31 20:59:45 876,TFT_SIDE5.46,90,RETRY,-0.0089,0.0432,0.0409,-0.0094,0.0944,-0.00117,True,640.706889885149,503.227948072165,.\Image\Alignment\2017\03\31\20.59.45 876\Head1.jpg,True,627.728576654055,507.683886450781,.\Image\Alignment\2017\03\31\20.59.45 876\Head2.jpg,True,628.22259721487,508.379582782243,.\Image\Alignment\2017\03\31\20.59.45 876\Head3.jpg,True,640.688129357181,506.430932080506,.\Image\Alignment\2017\03\31\20.59.45 876\Head4.jpg
2017.03.31 20:59:47 601,TFT_SIDE5.46,90,OK,0.0008,-0.0046,-0.0038,0.0027,0,0,True,639.782467741248,479.457079386605,.\Image\Alignment\2017\03\31\20.59.47 601\Head1.jpg,True,641.213362138272,482.338211806457,.\Image\Alignment\2017\03\31\20.59.47 601\Head2.jpg,True,641.01784288483,482.615443628618,.\Image\Alignment\2017\03\31\20.59.47 601\Head3.jpg,True,639.290319771383,479.271507099802,.\Image\Alignment\2017\03\31\20.59.47 601\Head4.jpg
2017.03.31 21:03:15 114,TFT_SIDE5.46,0,RETRY,-0.7744,-0.5456,-0.6943,-0.6313,0.4414,0.02971,True,899.38263031892,640.836371862493,.\Image\Alignment\2017\03\31\21.03.15 114\Head1.jpg,True,843.02745374503,619.738478172835,.\Image\Alignment\2017\03\31\21.03.15 114\Head2.jpg,True,881.980036229199,588.85015744129,.\Image\Alignment\2017\03\31\21.03.15 114\Head3.jpg,True,859.958036648517,555.271898106703,.\Image\Alignment\2017\03\31\21.03.15 114\Head4.jpg
2017.03.31 21:03:16 927,TFT_SIDE5.46,0,RETRY,-0.0053,-0.0319,-0.0332,-0.0037,0.0968,-0.00092,True,639.815086278159,504.505454622919,.\Image\Alignment\2017\03\31\21.03.16 927\Head1.jpg,True,644.889776032676,507.417624141101,.\Image\Alignment\2017\03\31\21.03.16 927\Head2.jpg,True,645.119979326248,509.402944916315,.\Image\Alignment\2017\03\31\21.03.16 927\Head3.jpg,True,639.249883725006,507.069780616603,.\Image\Alignment\2017\03\31\21.03.16 927\Head4.jpg
2017.03.31 21:03:18 808,TFT_SIDE5.46,0,RETRY,0.001,0.0002,0.0021,0.006,0,0.00015,True,640.000001539825,480.233778737729,.\Image\Alignment\2017\03\31\21.03.18 808\Head1.jpg,True,638.676798147902,482.160420578775,.\Image\Alignment\2017\03\31\21.03.18 808\Head2.jpg,True,638.182406648507,482.843463508965,.\Image\Alignment\2017\03\31\21.03.18 808\Head3.jpg,True,638.684094022423,479.781347067918,.\Image\Alignment\2017\03\31\21.03.18 808\Head4.jpg
2017.03.31 21:03:20 471,TFT_SIDE5.46,0,OK,-0.0009,0.0075,0.0032,-0.006,0,0,True,640.237170602994,480.21397955563,.\Image\Alignment\2017\03\31\21.03.20 471\Head1.jpg,True,637.992524753415,482.690213103261,.\Image\Alignment\2017\03\31\21.03.20 471\Head2.jpg,True,639.147231375618,483.780262488886,.\Image\Alignment\2017\03\31\21.03.20 471\Head3.jpg,True,641.599958271961,480.339612440218,.\Image\Alignment\2017\03\31\21.03.20 471\Head4.jpg
2017.03.31 21:03:39 006,TFT_SIDE5.46,90,RETRY,-0.7475,-0.605,-0.7522,-0.6004,0.0527,0.01938,True,867.776796127872,526.417254804701,.\Image\Alignment\2017\03\31\21.03.39 006\Head1.jpg,True,811.335924094915,508.071286943835,.\Image\Alignment\2017\03\31\21.03.39 006\Head2.jpg,True,850.225477741468,499.106619014487,.\Image\Alignment\2017\03\31\21.03.39 006\Head3.jpg,True,827.854865710253,472.765620416785,.\Image\Alignment\2017\03\31\21.03.39 006\Head4.jpg
2017.03.31 21:03:40 833,TFT_SIDE5.46,90,RETRY,-0.0123,0.0641,0.0632,-0.0133,0.0463,-0.00192,True,640.498698089001,489.134106566146,.\Image\Alignment\2017\03\31\21.03.40 833\Head1.jpg,True,621.987485822788,494.702243770755,.\Image\Alignment\2017\03\31\21.03.40 833\Head2.jpg,True,622.189339022046,495.542151286557,.\Image\Alignment\2017\03\31\21.03.40 833\Head3.jpg,True,640.709016624414,494.504135735596,.\Image\Alignment\2017\03\31\21.03.40 833\Head4.jpg
2017.03.31 21:03:42 578,TFT_SIDE5.46,90,OK,0.0024,-0.0095,-0.0059,0.0026,0,0,True,639.353837041195,479.03223929504,.\Image\Alignment\2017\03\31\21.03.42 578\Head1.jpg,True,642.545417548202,482.458078923365,.\Image\Alignment\2017\03\31\21.03.42 578\Head2.jpg,True,641.560296576985,482.368680336253,.\Image\Alignment\2017\03\31\21.03.42 578\Head3.jpg,True,639.31661012452,478.80902527258,.\Image\Alignment\2017\03\31\21.03.42 578\Head4.jpg
2017.03.31 21:06:45 683,TFT_SIDE5.46,0,RETRY,-0.7965,-0.746,-0.8962,-0.6535,0.503,0.02746,True,901.298316872703,654.004875201764,.\Image\Alignment\2017\03\31\21.06.45 683\Head1.jpg,True,844.434542863913,607.08102863054,.\Image\Alignment\2017\03\31\21.06.45 683\Head2.jpg,True,883.701670712639,604.542798893561,.\Image\Alignment\2017\03\31\21.06.45 683\Head3.jpg,True,861.785783778459,574.923296327449,.\Image\Alignment\2017\03\31\21.06.45 683\Head4.jpg
2017.03.31 21:06:47 537,TFT_SIDE5.46,0,RETRY,0.0189,0.1688,0.1707,0.0185,-0.002,0.00217,True,638.78668818528,482.614371657164,.\Image\Alignment\2017\03\31\21.06.47 537\Head1.jpg,True,597.15247157569,483.008874201048,.\Image\Alignment\2017\03\31\21.06.47 537\Head2.jpg,True,596.678624882645,481.766289387295,.\Image\Alignment\2017\03\31\21.06.47 537\Head3.jpg,True,638.905681987011,476.316410959792,.\Image\Alignment\2017\03\31\21.06.47 537\Head4.jpg
2017.03.31 21:06:49 295,TFT_SIDE5.46,0,RETRY,-0.0037,-0.0019,-0.0022,-0.0008,0.0016,-0.00016,True,640.70365664507,480.184792328874,.\Image\Alignment\2017\03\31\21.06.49 295\Head1.jpg,True,638.687425991008,482.919769699857,.\Image\Alignment\2017\03\31\21.06.49 295\Head2.jpg,True,638.758002887759,483.910184809309,.\Image\Alignment\2017\03\31\21.06.49 295\Head3.jpg,True,639.918755888307,480.656479555528,.\Image\Alignment\2017\03\31\21.06.49 295\Head4.jpg
2017.03.31 21:06:51 122,TFT_SIDE5.46,0,OK,-0.0009,0.0059,0.0068,0.0006,0,0,True,640.240214895422,479.72391421046,.\Image\Alignment\2017\03\31\21.06.51 122\Head1.jpg,True,638.42401681247,482.56666706134,.\Image\Alignment\2017\03\31\21.06.51 122\Head2.jpg,True,638.197586798343,483.272329553403,.\Image\Alignment\2017\03\31\21.06.51 122\Head3.jpg,True,639.826899432341,479.682944747006,.\Image\Alignment\2017\03\31\21.06.51 122\Head4.jpg
2017.03.31 21:07:09 673,TFT_SIDE5.46,90,RETRY,-0.7053,-0.572,-0.7217,-0.5553,0.0431,0.02149,True,859.588793937083,527.390755830859,.\Image\Alignment\2017\03\31\21.07.09 673\Head1.jpg,True,802.914586045743,507.618008320525,.\Image\Alignment\2017\03\31\21.07.09 673\Head2.jpg,True,842.487806740296,498.308583768647,.\Image\Alignment\2017\03\31\21.07.09 673\Head3.jpg,True,818.948753555688,467.763300500433,.\Image\Alignment\2017\03\31\21.07.09 673\Head4.jpg
2017.03.31 21:07:11 527,TFT_SIDE5.46,90,RETRY,-0.0182,0.0656,0.0711,-0.0222,0.0583,-0.00352,True,639.774016442682,489.693867284653,.\Image\Alignment\2017\03\31\21.07.11 527\Head1.jpg,True,619.913597844837,496.604408008903,.\Image\Alignment\2017\03\31\21.07.11 527\Head2.jpg,True,618.397151286409,498.960197534577,.\Image\Alignment\2017\03\31\21.07.11 527\Head3.jpg,True,640.749824917651,499.533564939561,.\Image\Alignment\2017\03\31\21.07.11 527\Head4.jpg
2017.03.31 21:07:13 314,TFT_SIDE5.46,90,RETRY,0.0011,-0.0082,-0.0101,0.002,-0.0066,0.00011,True,639.862655053064,478.413476788845,.\Image\Alignment\2017\03\31\21.07.13 314\Head1.jpg,True,642.299676003217,481.458942178477,.\Image\Alignment\2017\03\31\21.07.13 314\Head2.jpg,True,642.787930920906,481.368760936061,.\Image\Alignment\2017\03\31\21.07.13 314\Head3.jpg,True,639.619897130946,478.113172381001,.\Image\Alignment\2017\03\31\21.07.13 314\Head4.jpg
2017.03.31 21:07:15 142,TFT_SIDE5.46,90,OK,0.0005,0.0004,0.0007,-0.0007,0,0,True,639.861677805143,479.77563173411,.\Image\Alignment\2017\03\31\21.07.15 142\Head1.jpg,True,639.886154678365,483.012133975475,.\Image\Alignment\2017\03\31\21.07.15 142\Head2.jpg,True,639.802387816907,483.117239501158,.\Image\Alignment\2017\03\31\21.07.15 142\Head3.jpg,True,640.174352316525,479.816757409813,.\Image\Alignment\2017\03\31\21.07.15 142\Head4.jpg
2017.03.31 21:10:21 058,TFT_SIDE5.46,0,RETRY,-0.8202,-0.5729,-0.7242,-0.6794,0.4668,0.024,True,901.516420256546,639.310653830735,.\Image\Alignment\2017\03\31\21.10.21 058\Head1.jpg,True,844.775637544904,626.288059699988,.\Image\Alignment\2017\03\31\21.10.21 058\Head2.jpg,True,884.39359960914,598.41390736343,.\Image\Alignment\2017\03\31\21.10.21 058\Head3.jpg,True,862.612946289243,570.312307578851,.\Image\Alignment\2017\03\31\21.10.21 058\Head4.jpg
2017.03.31 21:10:22 885,TFT_SIDE5.46,0,RETRY,0.0012,-0.0458,-0.0448,0.003,0.0034,-0.00031,True,639.129070370162,480.472221212029,.\Image\Alignment\2017\03\31\21.10.22 885\Head1.jpg,True,649.39445019132,483.031956142854,.\Image\Alignment\2017\03\31\21.10.22 885\Head2.jpg,True,649.092614500328,484.58843737064,.\Image\Alignment\2017\03\31\21.10.22 885\Head3.jpg,True,638.652515752018,481.347519948497,.\Image\Alignment\2017\03\31\21.10.22 885\Head4.jpg
2017.03.31 21:10:24 630,TFT_SIDE5.46,0,RETRY,0.0022,0.0049,0.0096,0.0053,-0.0008,0.00031,True,639.944883055016,480.222930693296,.\Image\Alignment\2017\03\31\21.10.24 630\Head1.jpg,True,637.786410021582,482.543912394972,.\Image\Alignment\2017\03\31\21.10.24 630\Head2.jpg,True,636.535148440686,483.029670643725,.\Image\Alignment\2017\03\31\21.10.24 630\Head3.jpg,True,639.126781878743,479.323382628452,.\Image\Alignment\2017\03\31\21.10.24 630\Head4.jpg
2017.03.31 21:10:26 415,TFT_SIDE5.46,0,RETRY,0.0022,-0.0006,-0.0048,0.0052,-0.0018,0.00018,True,639.744515902872,479.776552510849,.\Image\Alignment\2017\03\31\21.10.26 415\Head1.jpg,True,638.204315066357,482.087802223934,.\Image\Alignment\2017\03\31\21.10.26 415\Head2.jpg,True,639.310585212097,483.155545630183,.\Image\Alignment\2017\03\31\21.10.26 415\Head3.jpg,True,638.943206787208,479.242432108271,.\Image\Alignment\2017\03\31\21.10.26 415\Head4.jpg
2017.03.31 21:10:28 202,TFT_SIDE5.46,0,RETRY,-0.001,0.0049,0.0063,-0.0028,-0.0004,-0.00021,True,639.907482277289,479.599712891986,.\Image\Alignment\2017\03\31\21.10.28 202\Head1.jpg,True,637.437469497395,482.634020607981,.\Image\Alignment\2017\03\31\21.10.28 202\Head2.jpg,True,637.056473362045,483.31621595721,.\Image\Alignment\2017\03\31\21.10.28 202\Head3.jpg,True,640.364089576844,480.207945296739,.\Image\Alignment\2017\03\31\21.10.28 202\Head4.jpg
2017.03.31 21:10:29 934,TFT_SIDE5.46,0,OK,-0.0003,0.0026,0.0021,0.0005,0,0,True,640.08915547829,480.077661116556,.\Image\Alignment\2017\03\31\21.10.29 934\Head1.jpg,True,639.301507341534,482.583384769865,.\Image\Alignment\2017\03\31\21.10.29 934\Head2.jpg,True,639.442089832212,483.339954212355,.\Image\Alignment\2017\03\31\21.10.29 934\Head3.jpg,True,639.862376439476,480.243839146184,.\Image\Alignment\2017\03\31\21.10.29 934\Head4.jpg
2017.03.31 21:10:50 854,TFT_SIDE5.46,90,RETRY,-0.683,-0.5242,-0.6693,-0.5361,0.0231,0.01364,True,842.219553504654,508.889447169832,.\Image\Alignment\2017\03\31\21.10.50 854\Head1.jpg,True,786.58332600734,497.576096631713,.\Image\Alignment\2017\03\31\21.10.50 854\Head2.jpg,True,824.957882642714,491.535881840571,.\Image\Alignment\2017\03\31\21.10.50 854\Head3.jpg,True,802.441653834319,471.312638565179,.\Image\Alignment\2017\03\31\21.10.50 854\Head4.jpg
2017.03.31 21:10:52 695,TFT_SIDE5.46,90,RETRY,-0.0089,0.0465,0.0455,-0.007,0.0357,-0.00134,True,640.43031115387,487.281796324535,.\Image\Alignment\2017\03\31\21.10.52 695\Head1.jpg,True,626.835097819497,492.190263247646,.\Image\Alignment\2017\03\31\21.10.52 695\Head2.jpg,True,627.064551335694,492.892217977271,.\Image\Alignment\2017\03\31\21.10.52 695\Head3.jpg,True,639.878947226722,491.027478769838,.\Image\Alignment\2017\03\31\21.10.52 695\Head4.jpg
2017.03.31 21:10:54 453,TFT_SIDE5.46,90,RETRY,0.0013,-0.0056,-0.0037,0.0014,-0.0034,0.00012,True,639.830863749657,479.28879490679,.\Image\Alignment\2017\03\31\21.10.54 453\Head1.jpg,True,641.507224229901,482.694989383579,.\Image\Alignment\2017\03\31\21.10.54 453\Head2.jpg,True,641.001523143265,482.673418928712,.\Image\Alignment\2017\03\31\21.10.54 453\Head3.jpg,True,639.810445344245,478.962753579275,.\Image\Alignment\2017\03\31\21.10.54 453\Head4.jpg
2017.03.31 21:10:56 185,TFT_SIDE5.46,90,OK,-0.0005,0.0011,0.0006,-0.0011,0,0,True,640.124071879795,480.200030198474,.\Image\Alignment\2017\03\31\21.10.56 185\Head1.jpg,True,639.713780122172,483.551881980571,.\Image\Alignment\2017\03\31\21.10.56 185\Head2.jpg,True,639.834032854903,483.607781966119,.\Image\Alignment\2017\03\31\21.10.56 185\Head3.jpg,True,640.289317202098,480.141525646034,.\Image\Alignment\2017\03\31\21.10.56 185\Head4.jpg
2017.03.31 21:18:48 067,TFT_SIDE5.46,0,RETRY,-0.7238,-0.7788,-0.9297,-0.5772,0.4896,0.03831,True,901.029645901052,666.208514549299,.\Image\Alignment\2017\03\31\21.18.48 067\Head1.jpg,True,844.599824773383,603.883204539767,.\Image\Alignment\2017\03\31\21.18.48 067\Head2.jpg,True,884.051317930789,606.018005446793,.\Image\Alignment\2017\03\31\21.18.48 067\Head3.jpg,True,860.669434312908,555.641780064866,.\Image\Alignment\2017\03\31\21.18.48 067\Head4.jpg
2017.03.31 21:18:49 825,TFT_SIDE5.46,0,RETRY,-0.0375,0.2209,0.2212,-0.0361,0.0027,-0.00542,True,640.43792948074,472.867259115661,.\Image\Alignment\2017\03\31\21.18.49 825\Head1.jpg,True,570.079839775674,480.83848479516,.\Image\Alignment\2017\03\31\21.18.49 825\Head2.jpg,True,570.051480701618,486.737717114262,.\Image\Alignment\2017\03\31\21.18.49 825\Head3.jpg,True,640.032991036213,488.594605832318,.\Image\Alignment\2017\03\31\21.18.49 825\Head4.jpg
2017.03.31 21:18:51 583,TFT_SIDE5.46,0,RETRY,-0.0017,0.0054,0.0037,-0.0026,0.0017,-0.00045,True,639.671602212967,479.801744525665,.\Image\Alignment\2017\03\31\21.18.51 583\Head1.jpg,True,637.91656460413,483.000195747788,.\Image\Alignment\2017\03\31\21.18.51 583\Head2.jpg,True,638.361033380733,483.346391644961,.\Image\Alignment\2017\03\31\21.18.51 583\Head3.jpg,True,639.905885051575,481.10707599717,.\Image\Alignment\2017\03\31\21.18.51 583\Head4.jpg
2017.03.31 21:18:53 341,TFT_SIDE5.46,0,RETRY,-0.0004,-0.0073,-0.0063,0.0021,0.0003,0.00014,True,640.341825110019,480.290620410978,.\Image\Alignment\2017\03\31\21.18.53 341\Head1.jpg,True,640.536410192882,482.508982483476,.\Image\Alignment\2017\03\31\21.18.53 341\Head2.jpg,True,640.256741368835,483.273506873232,.\Image\Alignment\2017\03\31\21.18.53 341\Head3.jpg,True,639.690855382085,479.885180175728,.\Image\Alignment\2017\03\31\21.18.53 341\Head4.jpg
2017.03.31 21:18:55 044,TFT_SIDE5.46,0,OK,0.001,0.007,0.0088,0.0003,0,0,True,639.725933197521,480.002825322915,.\Image\Alignment\2017\03\31\21.18.55 044\Head1.jpg,True,638.124455055163,482.770625887199,.\Image\Alignment\2017\03\31\21.18.55 044\Head2.jpg,True,637.646980600405,483.468549737411,.\Image\Alignment\2017\03\31\21.18.55 044\Head3.jpg,True,639.914568421818,480.052651143239,.\Image\Alignment\2017\03\31\21.18.55 044\Head4.jpg
2017.03.31 21:19:13 576,TFT_SIDE5.46,90,RETRY,-0.7055,-0.5625,-0.7087,-0.557,0.0652,0.02262,True,861.265621732649,535.160981236068,.\Image\Alignment\2017\03\31\21.19.13 576\Head1.jpg,True,804.945143525669,513.748543817855,.\Image\Alignment\2017\03\31\21.19.13 576\Head2.jpg,True,843.584070049233,500.268629161452,.\Image\Alignment\2017\03\31\21.19.13 576\Head3.jpg,True,820.98795187334,472.343115458521,.\Image\Alignment\2017\03\31\21.19.13 576\Head4.jpg
2017.03.31 21:19:15 361,TFT_SIDE5.46,90,RETRY,-0.0106,0.0613,0.0616,-0.0104,0.0507,-0.00183,True,640.180100266368,490.480018494454,.\Image\Alignment\2017\03\31\21.19.15 361\Head1.jpg,True,622.303988501112,495.710961850173,.\Image\Alignment\2017\03\31\21.19.15 361\Head2.jpg,True,622.179279236891,496.932500473179,.\Image\Alignment\2017\03\31\21.19.15 361\Head3.jpg,True,640.04805558244,495.583557506615,.\Image\Alignment\2017\03\31\21.19.15 361\Head4.jpg
2017.03.31 21:19:17 037,TFT_SIDE5.46,90,RETRY,0.0036,-0.0053,-0.0058,0.0009,-0.0051,0.00028,True,639.447718480326,479.120568550353,.\Image\Alignment\2017\03\31\21.19.17 037\Head1.jpg,True,641.369898729477,482.065471152781,.\Image\Alignment\2017\03\31\21.19.17 037\Head2.jpg,True,641.492216130549,482.112204300255,.\Image\Alignment\2017\03\31\21.19.17 037\Head3.jpg,True,640.168136865955,478.331144725868,.\Image\Alignment\2017\03\31\21.19.17 037\Head4.jpg
2017.03.31 21:19:18 836,TFT_SIDE5.46,90,OK,-0.0031,0.0018,0.0018,-0.0012,0,0,True,640.814093858126,480.572115163719,.\Image\Alignment\2017\03\31\21.19.18 836\Head1.jpg,True,639.515601393041,483.646932018919,.\Image\Alignment\2017\03\31\21.19.18 836\Head2.jpg,True,639.53113556696,483.836402190545,.\Image\Alignment\2017\03\31\21.19.18 836\Head3.jpg,True,640.312653585474,480.336619171068,.\Image\Alignment\2017\03\31\21.19.18 836\Head4.jpg
2017.03.31 21:40:28 263,TFT_SIDE5.46,0,RETRY,-0.8488,-0.6104,-0.7571,-0.7052,0.4939,0.01637,True,895.709745329152,635.458931096629,.\Image\Alignment\2017\03\31\21.40.28 263\Head1.jpg,True,839.412318629313,620.6585424096,.\Image\Alignment\2017\03\31\21.40.28 263\Head2.jpg,True,877.778900193815,601.151545828916,.\Image\Alignment\2017\03\31\21.40.28 263\Head3.jpg,True,855.994687961313,588.515853001315,.\Image\Alignment\2017\03\31\21.40.28 263\Head4.jpg
2017.03.31 21:40:30 144,TFT_SIDE5.46,0,RETRY,0.018,-0.0177,-0.0216,0.0209,-0.0107,0.00299,True,640.46347259967,481.45705764677,.\Image\Alignment\2017\03\31\21.40.30 144\Head1.jpg,True,648.173302558397,480.944631448943,.\Image\Alignment\2017\03\31\21.40.30 144\Head2.jpg,True,649.213896821092,479.075949902279,.\Image\Alignment\2017\03\31\21.40.30 144\Head3.jpg,True,639.727227062859,472.807280415584,.\Image\Alignment\2017\03\31\21.40.30 144\Head4.jpg
2017.03.31 21:40:31 958,TFT_SIDE5.46,0,RETRY,-0.0039,0.0006,-0.0001,-0.0053,0.001,-0.00052,True,640.132760357604,479.514122093106,.\Image\Alignment\2017\03\31\21.40.31 958\Head1.jpg,True,637.970001204806,483.259575425879,.\Image\Alignment\2017\03\31\21.40.31 958\Head2.jpg,True,638.141685087072,484.276072311367,.\Image\Alignment\2017\03\31\21.40.31 958\Head3.jpg,True,640.48650655513,481.028278489975,.\Image\Alignment\2017\03\31\21.40.31 958\Head4.jpg
2017.03.31 21:40:33 770,TFT_SIDE5.46,0,RETRY,0.0014,-0.0039,-0.003,0.0033,0.0011,0.00012,True,639.81823457632,480.447019220347,.\Image\Alignment\2017\03\31\21.40.33 770\Head1.jpg,True,639.510732351382,482.928184773392,.\Image\Alignment\2017\03\31\21.40.33 770\Head2.jpg,True,639.264676045355,483.755282106234,.\Image\Alignment\2017\03\31\21.40.33 770\Head3.jpg,True,639.314912968573,480.108785768316,.\Image\Alignment\2017\03\31\21.40.33 770\Head4.jpg
2017.03.31 21:40:35 488,TFT_SIDE5.46,0,OK,-0.0014,0.0069,0.0068,-0.0012,0,0,True,640.365154041038,480.062717859183,.\Image\Alignment\2017\03\31\21.40.35 488\Head1.jpg,True,638.164511311966,482.762049897616,.\Image\Alignment\2017\03\31\21.40.35 488\Head2.jpg,True,638.198821981559,483.672431997412,.\Image\Alignment\2017\03\31\21.40.35 488\Head3.jpg,True,640.3187791036,479.969834354165,.\Image\Alignment\2017\03\31\21.40.35 488\Head4.jpg
2017.03.31 21:40:53 976,TFT_SIDE5.46,90,RETRY,-0.6825,-0.5197,-0.6675,-0.5356,0.0062,0.01102,True,838.284184815305,499.991998800707,.\Image\Alignment\2017\03\31\21.40.53 976\Head1.jpg,True,782.336472072443,494.302686938564,.\Image\Alignment\2017\03\31\21.40.53 976\Head2.jpg,True,821.426671078347,491.039941730811,.\Image\Alignment\2017\03\31\21.40.53 976\Head3.jpg,True,798.529007319232,469.787763147804,.\Image\Alignment\2017\03\31\21.40.53 976\Head4.jpg
2017.03.31 21:40:55 871,TFT_SIDE5.46,90,RETRY,-0.0255,0.0365,0.0365,-0.0236,0.0451,-0.00436,True,640.471806930912,484.73962000995,.\Image\Alignment\2017\03\31\21.40.55 871\Head1.jpg,True,627.381850734161,493.038183927265,.\Image\Alignment\2017\03\31\21.40.55 871\Head2.jpg,True,627.333325575997,495.661016480117,.\Image\Alignment\2017\03\31\21.40.55 871\Head3.jpg,True,639.903070439432,496.969966058457,.\Image\Alignment\2017\03\31\21.40.55 871\Head4.jpg
2017.03.31 21:40:57 696,TFT_SIDE5.46,90,RETRY,0.0051,-0.013,-0.0146,0.002,-0.0093,0.00043,True,639.263924406619,478.228940683859,.\Image\Alignment\2017\03\31\21.40.57 696\Head1.jpg,True,643.24265073125,481.088569328302,.\Image\Alignment\2017\03\31\21.40.57 696\Head2.jpg,True,643.648427110749,481.295843339325,.\Image\Alignment\2017\03\31\21.40.57 696\Head3.jpg,True,640.107685844915,477.025616135176,.\Image\Alignment\2017\03\31\21.40.57 696\Head4.jpg
2017.03.31 21:40:59 496,TFT_SIDE5.46,90,RETRY,-0.0025,0.0024,0.0037,-0.0019,0.0011,-0.00018,True,640.408231163753,479.983317823435,.\Image\Alignment\2017\03\31\21.40.59 496\Head1.jpg,True,639.120369358883,483.677291235942,.\Image\Alignment\2017\03\31\21.40.59 496\Head2.jpg,True,638.753192071307,483.906485950175,.\Image\Alignment\2017\03\31\21.40.59 496\Head3.jpg,True,640.227538675438,480.496090530012,.\Image\Alignment\2017\03\31\21.40.59 496\Head4.jpg
2017.03.31 21:41:01 159,TFT_SIDE5.46,90,OK,0.0008,-0.0019,-0.0008,0.001,0,0,True,639.792693383906,480.139971100902,.\Image\Alignment\2017\03\31\21.41.01 159\Head1.jpg,True,640.511810153819,483.44564494207,.\Image\Alignment\2017\03\31\21.41.01 159\Head2.jpg,True,640.221636323821,483.579872958927,.\Image\Alignment\2017\03\31\21.41.01 159\Head3.jpg,True,639.726587169852,479.874586131916,.\Image\Alignment\2017\03\31\21.41.01 159\Head4.jpg
2017.03.31 21:44:22 480,TFT_SIDE5.46,0,RETRY,-0.8093,-0.4522,-0.606,-0.6628,0.5199,0.02445,True,899.411818237396,654.145926156324,.\Image\Alignment\2017\03\31\21.44.22 480\Head1.jpg,True,840.963508114571,646.726457633303,.\Image\Alignment\2017\03\31\21.44.22 480\Head2.jpg,True,881.19114818901,603.400846611624,.\Image\Alignment\2017\03\31\21.44.22 480\Head3.jpg,True,858.940391534788,583.749622097785,.\Image\Alignment\2017\03\31\21.44.22 480\Head4.jpg
2017.03.31 21:44:24 362,TFT_SIDE5.46,0,RETRY,0.0468,-0.1043,-0.1022,0.0493,0.0152,0.0068,True,639.50187800021,493.882162836506,.\Image\Alignment\2017\03\31\21.44.24 362\Head1.jpg,True,678.142997683305,490.240590996801,.\Image\Alignment\2017\03\31\21.44.24 362\Head2.jpg,True,677.518307681348,484.66521089201,.\Image\Alignment\2017\03\31\21.44.24 362\Head3.jpg,True,638.844401863921,474.155834663492,.\Image\Alignment\2017\03\31\21.44.24 362\Head4.jpg
2017.03.31 21:44:26 147,TFT_SIDE5.46,0,RETRY,0.0019,0.0009,-0.0011,0.0021,0.0018,0.0003,True,640.02077004087,480.915201510116,.\Image\Alignment\2017\03\31\21.44.26 147\Head1.jpg,True,637.74133252197,483.373592944108,.\Image\Alignment\2017\03\31\21.44.26 147\Head2.jpg,True,638.252374486987,484.469447820703,.\Image\Alignment\2017\03\31\21.44.26 147\Head3.jpg,True,639.987649275406,480.032263192383,.\Image\Alignment\2017\03\31\21.44.26 147\Head4.jpg
2017.03.31 21:44:27 865,TFT_SIDE5.46,0,RETRY,-0.0019,0.0018,0.0029,-0.0036,0,-0.00017,True,640.204741107863,479.759255910019,.\Image\Alignment\2017\03\31\21.44.27 865\Head1.jpg,True,638.179257348826,482.953084952588,.\Image\Alignment\2017\03\31\21.44.27 865\Head2.jpg,True,637.870388799826,483.679262827446,.\Image\Alignment\2017\03\31\21.44.27 865\Head3.jpg,True,640.651839620167,480.265103446021,.\Image\Alignment\2017\03\31\21.44.27 865\Head4.jpg
2017.03.31 21:44:29 650,TFT_SIDE5.46,0,OK,0.0011,0.0025,0.0052,0,0,0,True,639.705629670556,480.106357665096,.\Image\Alignment\2017\03\31\21.44.29 650\Head1.jpg,True,639.327749277512,482.948053818843,.\Image\Alignment\2017\03\31\21.44.29 650\Head2.jpg,True,638.601184170889,483.728683252417,.\Image\Alignment\2017\03\31\21.44.29 650\Head3.jpg,True,639.995892939517,479.861042647293,.\Image\Alignment\2017\03\31\21.44.29 650\Head4.jpg
2017.03.31 21:44:48 066,TFT_SIDE5.46,90,RETRY,-0.7443,-0.677,-0.8249,-0.5978,0.065,0.02221,True,871.056945466996,534.449368382878,.\Image\Alignment\2017\03\31\21.44.48 066\Head1.jpg,True,814.749467608328,497.888895854896,.\Image\Alignment\2017\03\31\21.44.48 066\Head2.jpg,True,853.821732017391,503.321580635216,.\Image\Alignment\2017\03\31\21.44.48 066\Head3.jpg,True,831.260938654931,472.817959723813,.\Image\Alignment\2017\03\31\21.44.48 066\Head4.jpg
2017.03.31 21:44:49 960,TFT_SIDE5.46,90,RETRY,-0.0125,0.1353,0.1361,-0.0113,0.0549,-0.00196,True,640.491821161597,491.359190554529,.\Image\Alignment\2017\03\31\21.44.49 960\Head1.jpg,True,602.672168952098,497.18171564788,.\Image\Alignment\2017\03\31\21.44.49 960\Head2.jpg,True,602.417956241873,498.321864372212,.\Image\Alignment\2017\03\31\21.44.49 960\Head3.jpg,True,640.109240751253,496.829353892093,.\Image\Alignment\2017\03\31\21.44.49 960\Head4.jpg
2017.03.31 21:44:51 787,TFT_SIDE5.46,90,RETRY,0.0007,-0.0067,-0.0069,0.0016,-0.0047,0.00015,True,640.015877966269,479.003764618083,.\Image\Alignment\2017\03\31\21.44.51 787\Head1.jpg,True,641.716490493206,482.508525859636,.\Image\Alignment\2017\03\31\21.44.51 787\Head2.jpg,True,641.757755548452,482.578290741209,.\Image\Alignment\2017\03\31\21.44.51 787\Head3.jpg,True,639.799669028464,478.587155032125,.\Image\Alignment\2017\03\31\21.44.51 787\Head4.jpg
2017.03.31 21:44:53 532,TFT_SIDE5.46,90,OK,-0.0001,0.0027,0.0027,-0.0013,0,0,True,640.037633863094,480.21587698862,.\Image\Alignment\2017\03\31\21.44.53 532\Head1.jpg,True,639.288915991101,483.726315620739,.\Image\Alignment\2017\03\31\21.44.53 532\Head2.jpg,True,639.290011811853,484.007000166233,.\Image\Alignment\2017\03\31\21.44.53 532\Head3.jpg,True,640.336619034493,480.339766403445,.\Image\Alignment\2017\03\31\21.44.53 532\Head4.jpg
2017.03.31 21:47:27 479,TFT_SIDE5.46,0,RETRY,-0.8483,-0.6322,-0.7809,-0.7029,0.4582,0.02075,True,903.307022313314,632.272709704128,.\Image\Alignment\2017\03\31\21.47.27 479\Head1.jpg,True,845.902593432482,614.54562238033,.\Image\Alignment\2017\03\31\21.47.27 479\Head2.jpg,True,884.817872510005,594.680475089096,.\Image\Alignment\2017\03\31\21.47.27 479\Head3.jpg,True,863.165101283769,572.708771075834,.\Image\Alignment\2017\03\31\21.47.27 479\Head4.jpg
2017.03.31 21:47:29 238,TFT_SIDE5.46,0,RETRY,-0.0028,-0.0129,-0.0107,0.0007,0.0022,-0.00044,True,639.975332497495,479.950662579364,.\Image\Alignment\2017\03\31\21.47.29 238\Head1.jpg,True,641.131403982646,483.338462102745,.\Image\Alignment\2017\03\31\21.47.29 238\Head2.jpg,True,640.516931014667,484.599409593434,.\Image\Alignment\2017\03\31\21.47.29 238\Head3.jpg,True,639.025268282698,481.222424368376,.\Image\Alignment\2017\03\31\21.47.29 238\Head4.jpg
2017.03.31 21:47:30 942,TFT_SIDE5.46,0,OK,0.0032,0.0061,0.0024,-0.0001,0,0,True,639.149576973335,480.143300889704,.\Image\Alignment\2017\03\31\21.47.30 942\Head1.jpg,True,638.377345738565,482.888453023176,.\Image\Alignment\2017\03\31\21.47.30 942\Head2.jpg,True,639.359967861966,483.720629297699,.\Image\Alignment\2017\03\31\21.47.30 942\Head3.jpg,True,640.038668581261,480.084250970328,.\Image\Alignment\2017\03\31\21.47.30 942\Head4.jpg
2017.03.31 21:47:49 344,TFT_SIDE5.46,90,RETRY,-0.6725,-0.5012,-0.6462,-0.5253,0.0005,0.0099,True,833.984884029867,496.591837332667,.\Image\Alignment\2017\03\31\21.47.49 344\Head1.jpg,True,778.505399038678,489.420611168267,.\Image\Alignment\2017\03\31\21.47.49 344\Head2.jpg,True,816.876242724401,485.160903950908,.\Image\Alignment\2017\03\31\21.47.49 344\Head3.jpg,True,794.197414115783,469.512594070762,.\Image\Alignment\2017\03\31\21.47.49 344\Head4.jpg
2017.03.31 21:47:51 199,TFT_SIDE5.46,90,RETRY,-0.0063,0.035,0.032,-0.0056,0.0294,-0.00134,True,639.741223397295,485.624955514541,.\Image\Alignment\2017\03\31\21.47.51 199\Head1.jpg,True,629.758596145225,490.499907080371,.\Image\Alignment\2017\03\31\21.47.51 199\Head2.jpg,True,630.502550848254,491.342633105258,.\Image\Alignment\2017\03\31\21.47.51 199\Head3.jpg,True,639.530264489874,489.351426832137,.\Image\Alignment\2017\03\31\21.47.51 199\Head4.jpg
2017.03.31 21:47:52 889,TFT_SIDE5.46,90,OK,-0.0003,-0.0044,-0.0034,0.0001,0,0,True,640.077493188536,479.438425242225,.\Image\Alignment\2017\03\31\21.47.52 889\Head1.jpg,True,641.18175925969,482.835264010649,.\Image\Alignment\2017\03\31\21.47.52 889\Head2.jpg,True,640.908539566168,482.819842784479,.\Image\Alignment\2017\03\31\21.47.52 889\Head3.jpg,True,639.978999400239,479.169496171062,.\Image\Alignment\2017\03\31\21.47.52 889\Head4.jpg
2017.03.31 21:50:53 485,TFT_SIDE5.46,0,RETRY,-0.6512,-0.7337,-0.8837,-0.5062,0.5282,0.05137,True,904.679303594952,695.476527059285,.\Image\Alignment\2017\03\31\21.50.53 485\Head1.jpg,True,847.956098211457,626.569148860133,.\Image\Alignment\2017\03\31\21.50.53 485\Head2.jpg,True,887.137517245875,620.329137190221,.\Image\Alignment\2017\03\31\21.50.53 485\Head3.jpg,True,864.763221948017,546.994778474152,.\Image\Alignment\2017\03\31\21.50.53 485\Head4.jpg
2017.03.31 21:50:55 318,TFT_SIDE5.46,0,RETRY,-0.0678,0.2213,0.2195,-0.0677,0.0293,-0.01026,True,640.007234136782,472.977167618249,.\Image\Alignment\2017\03\31\21.50.55 318\Head1.jpg,True,562.141765045213,486.023942620779,.\Image\Alignment\2017\03\31\21.50.55 318\Head2.jpg,True,562.615046844041,496.189762178255,.\Image\Alignment\2017\03\31\21.50.55 318\Head3.jpg,True,639.87380698527,502.711651750889,.\Image\Alignment\2017\03\31\21.50.55 318\Head4.jpg
2017.03.31 21:50:57 037,TFT_SIDE5.46,0,OK,0.0012,0.0035,0.0037,0.0005,0,0,True,639.670679985624,479.56708103455,.\Image\Alignment\2017\03\31\21.50.57 037\Head1.jpg,True,639.065791176236,482.614174984615,.\Image\Alignment\2017\03\31\21.50.57 037\Head2.jpg,True,639.000000620568,483.148412041385,.\Image\Alignment\2017\03\31\21.50.57 037\Head3.jpg,True,639.855324466678,479.569376340672,.\Image\Alignment\2017\03\31\21.50.57 037\Head4.jpg
2017.03.31 21:51:15 560,TFT_SIDE5.46,90,RETRY,-0.763,-0.6584,-0.8051,-0.6161,0.0904,0.03164,True,889.730966897761,557.035015426431,.\Image\Alignment\2017\03\31\21.51.15 560\Head1.jpg,True,834.075515040443,525.404682993441,.\Image\Alignment\2017\03\31\21.51.15 560\Head2.jpg,True,872.762494287144,508.698469525464,.\Image\Alignment\2017\03\31\21.51.15 560\Head3.jpg,True,849.780753287261,468.932944491452,.\Image\Alignment\2017\03\31\21.51.15 560\Head4.jpg
2017.03.31 21:51:17 319,TFT_SIDE5.46,90,RETRY,-0.0128,0.0969,0.0973,-0.0119,0.071,-0.00187,True,640.70546320106,495.818712542529,.\Image\Alignment\2017\03\31\21.51.17 319\Head1.jpg,True,613.008945083346,501.001211824294,.\Image\Alignment\2017\03\31\21.51.17 319\Head2.jpg,True,612.837475065097,502.047780366304,.\Image\Alignment\2017\03\31\21.51.17 319\Head3.jpg,True,640.359955150625,501.019654066795,.\Image\Alignment\2017\03\31\21.51.17 319\Head4.jpg
2017.03.31 21:51:19 144,TFT_SIDE5.46,90,OK,-0.0003,-0.0066,-0.0067,-0.0006,0,0,True,640.070172343908,479.065043617409,.\Image\Alignment\2017\03\31\21.51.19 144\Head1.jpg,True,641.760672850427,482.474188985324,.\Image\Alignment\2017\03\31\21.51.19 144\Head2.jpg,True,641.794955634722,482.384306974754,.\Image\Alignment\2017\03\31\21.51.19 144\Head3.jpg,True,640.157138260838,478.842362414796,.\Image\Alignment\2017\03\31\21.51.19 144\Head4.jpg
2017.03.31 21:54:11 185,TFT_SIDE5.46,0,RETRY,-0.8754,-0.665,-0.8144,-0.7315,0.4325,0.01708,True,904.044996628196,620.074958393973,.\Image\Alignment\2017\03\31\21.54.11 185\Head1.jpg,True,846.66981052566,601.121474065714,.\Image\Alignment\2017\03\31\21.54.11 185\Head2.jpg,True,885.786085523748,585.602868947391,.\Image\Alignment\2017\03\31\21.54.11 185\Head3.jpg,True,864.309126178352,571.205136759939,.\Image\Alignment\2017\03\31\21.54.11 185\Head4.jpg
2017.03.31 21:54:13 079,TFT_SIDE5.46,0,RETRY,0.0093,0.0015,0.004,0.0124,-0.0096,0.00163,True,640.403176835725,479.809205670987,.\Image\Alignment\2017\03\31\21.54.13 079\Head1.jpg,True,640.987010282507,480.895451389799,.\Image\Alignment\2017\03\31\21.54.13 079\Head2.jpg,True,640.331631964169,480.130918939018,.\Image\Alignment\2017\03\31\21.54.13 079\Head3.jpg,True,639.593313774752,475.079573073835,.\Image\Alignment\2017\03\31\21.54.13 079\Head4.jpg
2017.03.31 21:54:14 946,TFT_SIDE5.46,0,RETRY,-0.0014,0.0066,0.0055,-0.0028,0.0011,-0.00024,True,639.937328538283,479.953229805357,.\Image\Alignment\2017\03\31\21.54.14 946\Head1.jpg,True,638.481260098197,483.408772298564,.\Image\Alignment\2017\03\31\21.54.14 946\Head2.jpg,True,638.753703067686,483.27606979879,.\Image\Alignment\2017\03\31\21.54.14 946\Head3.jpg,True,640.316951640331,480.650127973339,.\Image\Alignment\2017\03\31\21.54.14 946\Head4.jpg
2017.03.31 21:54:16 731,TFT_SIDE5.46,0,RETRY,0.001,-0.0053,-0.006,0.0029,0.0008,0.0002,True,640.079293470637,480.511683973777,.\Image\Alignment\2017\03\31\21.54.16 731\Head1.jpg,True,640.398836473614,483.031586837539,.\Image\Alignment\2017\03\31\21.54.16 731\Head2.jpg,True,640.56940941889,483.581760809761,.\Image\Alignment\2017\03\31\21.54.16 731\Head3.jpg,True,639.591849957673,479.93021269865,.\Image\Alignment\2017\03\31\21.54.16 731\Head4.jpg
2017.03.31 21:54:18 516,TFT_SIDE5.46,0,OK,0.0006,0.0049,0.0065,-0.0005,0,0,True,639.848801990253,479.916626082246,.\Image\Alignment\2017\03\31\21.54.18 516\Head1.jpg,True,638.69867841461,482.622074352255,.\Image\Alignment\2017\03\31\21.54.18 516\Head2.jpg,True,638.27967518815,483.497486119515,.\Image\Alignment\2017\03\31\21.54.18 516\Head3.jpg,True,640.127859490432,479.909662340468,.\Image\Alignment\2017\03\31\21.54.18 516\Head4.jpg
2017.03.31 21:54:37 012,TFT_SIDE5.46,90,RETRY,-0.6087,-0.4722,-0.6204,-0.4576,-0.0444,0.01357,True,822.275838344653,490.775794255611,.\Image\Alignment\2017\03\31\21.54.37 012\Head1.jpg,True,766.241024029137,481.323509291881,.\Image\Alignment\2017\03\31\21.54.37 012\Head2.jpg,True,805.49949787711,481.181754069735,.\Image\Alignment\2017\03\31\21.54.37 012\Head3.jpg,True,781.546820418692,453.33835548233,.\Image\Alignment\2017\03\31\21.54.37 012\Head4.jpg
2017.03.31 21:54:38 906,TFT_SIDE5.46,90,RETRY,-0.0345,0.0563,0.0575,-0.0406,0.0673,-0.00676,True,639.40892490937,486.660030706844,.\Image\Alignment\2017\03\31\21.54.38 906\Head1.jpg,True,620.719713844676,497.749744483576,.\Image\Alignment\2017\03\31\21.54.38 906\Head2.jpg,True,620.351439426263,501.640191186116,.\Image\Alignment\2017\03\31\21.54.38 906\Head3.jpg,True,640.9310856322,505.614749791269,.\Image\Alignment\2017\03\31\21.54.38 906\Head4.jpg
2017.03.31 21:54:40 746,TFT_SIDE5.46,90,RETRY,0.0017,-0.0196,-0.0203,0.0036,-0.0137,0.0003,True,639.990012414699,476.841634418494,.\Image\Alignment\2017\03\31\21.54.40 746\Head1.jpg,True,645.224720153523,480.160319149456,.\Image\Alignment\2017\03\31\21.54.40 746\Head2.jpg,True,645.41884155136,480.15788413138,.\Image\Alignment\2017\03\31\21.54.40 746\Head3.jpg,True,639.488084448799,476.00496807974,.\Image\Alignment\2017\03\31\21.54.40 746\Head4.jpg
2017.03.31 21:54:42 517,TFT_SIDE5.46,90,OK,-0.0009,0.0018,0.0024,-0.0012,0,0,True,640.245576718444,480.54793045965,.\Image\Alignment\2017\03\31\21.54.42 517\Head1.jpg,True,639.512105125696,483.883541583477,.\Image\Alignment\2017\03\31\21.54.42 517\Head2.jpg,True,639.358137275615,484.324689448107,.\Image\Alignment\2017\03\31\21.54.42 517\Head3.jpg,True,640.310295390553,480.516568558208,.\Image\Alignment\2017\03\31\21.54.42 517\Head4.jpg
2017.03.31 21:57:37 752,TFT_SIDE5.46,0,RETRY,-0.8424,-0.6302,-0.7772,-0.7018,0.4138,0.02124,True,902.591032256122,621.158119071374,.\Image\Alignment\2017\03\31\21.57.37 752\Head1.jpg,True,846.198447316545,603.430836458039,.\Image\Alignment\2017\03\31\21.57.37 752\Head2.jpg,True,884.700031202402,583.111036358801,.\Image\Alignment\2017\03\31\21.57.37 752\Head3.jpg,True,863.778404307703,560.224431161367,.\Image\Alignment\2017\03\31\21.57.37 752\Head4.jpg
2017.03.31 21:57:39 512,TFT_SIDE5.46,0,RETRY,-0.0038,-0.0086,-0.0105,0.0019,0.0061,-0.00062,True,639.923698661888,480.731038802934,.\Image\Alignment\2017\03\31\21.57.39 512\Head1.jpg,True,641.007528721974,484.121996653105,.\Image\Alignment\2017\03\31\21.57.39 512\Head2.jpg,True,641.488458398563,484.83180728677,.\Image\Alignment\2017\03\31\21.57.39 512\Head3.jpg,True,638.386740184695,482.512139819552,.\Image\Alignment\2017\03\31\21.57.39 512\Head4.jpg
2017.03.31 21:57:41 365,TFT_SIDE5.46,0,RETRY,0.001,-0.0049,-0.0059,0.0013,0.0014,0.00023,True,640.152929200313,480.722705250567,.\Image\Alignment\2017\03\31\21.57.41 365\Head1.jpg,True,639.739220101014,482.862387399197,.\Image\Alignment\2017\03\31\21.57.41 365\Head2.jpg,True,639.999870113356,483.713036706008,.\Image\Alignment\2017\03\31\21.57.41 365\Head3.jpg,True,640.070065358004,480.041716300288,.\Image\Alignment\2017\03\31\21.57.41 365\Head4.jpg
2017.03.31 21:57:43 083,TFT_SIDE5.46,0,RETRY,-0.0013,0.0018,0.0011,-0.0011,0.0003,-0.00011,True,640.132066927335,479.916403082168,.\Image\Alignment\2017\03\31\21.57.43 083\Head1.jpg,True,638.127614071864,482.819299645867,.\Image\Alignment\2017\03\31\21.57.43 083\Head2.jpg,True,638.286360264363,483.579207942215,.\Image\Alignment\2017\03\31\21.57.43 083\Head3.jpg,True,640.102243255455,480.248551220011,.\Image\Alignment\2017\03\31\21.57.43 083\Head4.jpg
2017.03.31 21:57:44 842,TFT_SIDE5.46,0,OK,0,0.0033,0.0039,-0.001,0,0,True,640.013041089918,479.778372565602,.\Image\Alignment\2017\03\31\21.57.44 842\Head1.jpg,True,639.122857273758,482.40122441425,.\Image\Alignment\2017\03\31\21.57.44 842\Head2.jpg,True,638.960349150065,483.292226898962,.\Image\Alignment\2017\03\31\21.57.44 842\Head3.jpg,True,640.27867492348,479.750150811896,.\Image\Alignment\2017\03\31\21.57.44 842\Head4.jpg
2017.03.31 21:58:03 370,TFT_SIDE5.46,90,RETRY,-0.6365,-0.4554,-0.6006,-0.4899,0.003,0.00962,True,823.961270032483,496.786877968141,.\Image\Alignment\2017\03\31\21.58.03 370\Head1.jpg,True,768.550948414554,490.538533626046,.\Image\Alignment\2017\03\31\21.58.03 370\Head2.jpg,True,806.994474613347,484.209715846974,.\Image\Alignment\2017\03\31\21.58.03 370\Head3.jpg,True,784.360207704364,470.461607429463,.\Image\Alignment\2017\03\31\21.58.03 370\Head4.jpg
2017.03.31 21:58:05 170,TFT_SIDE5.46,90,RETRY,-0.0045,0.0245,0.0241,-0.0031,0.0258,-0.00075,True,640.115483713795,485.631862478541,.\Image\Alignment\2017\03\31\21.58.05 170\Head1.jpg,True,632.684095001639,489.909431244897,.\Image\Alignment\2017\03\31\21.58.05 170\Head2.jpg,True,632.748012575934,490.634577680955,.\Image\Alignment\2017\03\31\21.58.05 170\Head3.jpg,True,639.713308994174,487.708984122237,.\Image\Alignment\2017\03\31\21.58.05 170\Head4.jpg
2017.03.31 21:58:06 915,TFT_SIDE5.46,90,OK,0.0008,-0.0016,-0.0012,-0.0001,0,0,True,639.79280388635,479.587275340118,.\Image\Alignment\2017\03\31\21.58.06 915\Head1.jpg,True,640.427321291055,483.227716892993,.\Image\Alignment\2017\03\31\21.58.06 915\Head2.jpg,True,640.315104185545,483.246023198459,.\Image\Alignment\2017\03\31\21.58.06 915\Head3.jpg,True,640.037088773351,479.732517257146,.\Image\Alignment\2017\03\31\21.58.06 915\Head4.jpg
2017.03.31 22:19:38 129,TFT_SIDE5.46,0,RETRY,-0.8118,-0.6045,-0.754,-0.6699,0.5165,0.02593,True,902.697060561692,655.383437967338,.\Image\Alignment\2017\03\31\22.19.38 129\Head1.jpg,True,845.416010030634,632.106245124861,.\Image\Alignment\2017\03\31\22.19.38 129\Head2.jpg,True,884.489423948126,608.485052249798,.\Image\Alignment\2017\03\31\22.19.38 129\Head3.jpg,True,863.44320656532,580.732698442324,.\Image\Alignment\2017\03\31\22.19.38 129\Head4.jpg
2017.03.31 22:19:39 942,TFT_SIDE5.46,0,RETRY,-0.0077,-0.0079,-0.0084,-0.0035,0.0025,-0.00161,True,639.22262772765,478.342856522052,.\Image\Alignment\2017\03\31\22.19.39 942\Head1.jpg,True,638.40260328159,482.793895004668,.\Image\Alignment\2017\03\31\22.19.39 942\Head2.jpg,True,638.511124982737,484.815806304826,.\Image\Alignment\2017\03\31\22.19.39 942\Head3.jpg,True,638.098513756498,482.987388499661,.\Image\Alignment\2017\03\31\22.19.39 942\Head4.jpg
2017.03.31 22:19:41 712,TFT_SIDE5.46,0,OK,-0.0003,0.0045,0.0013,-0.001,0,0,True,640.067297102532,480.199157339945,.\Image\Alignment\2017\03\31\22.19.41 712\Head1.jpg,True,638.804980131706,483.062438918344,.\Image\Alignment\2017\03\31\22.19.41 712\Head2.jpg,True,639.644954303101,483.549256062488,.\Image\Alignment\2017\03\31\22.19.41 712\Head3.jpg,True,640.279493193424,480.01863606557,.\Image\Alignment\2017\03\31\22.19.41 712\Head4.jpg
2017.03.31 22:20:00 276,TFT_SIDE5.46,90,RETRY,-0.7275,-0.5779,-0.7241,-0.5816,0.0221,0.01508,True,856.184881697893,511.027773724342,.\Image\Alignment\2017\03\31\22.20.00 276\Head1.jpg,True,800.656709318634,497.239392772872,.\Image\Alignment\2017\03\31\22.20.00 276\Head2.jpg,True,839.3351023071,491.411430919787,.\Image\Alignment\2017\03\31\22.20.00 276\Head3.jpg,True,816.662918170862,469.462554422542,.\Image\Alignment\2017\03\31\22.20.00 276\Head4.jpg
2017.03.31 22:20:02 143,TFT_SIDE5.46,90,RETRY,-0.0119,0.0524,0.0507,-0.0096,0.0387,-0.00195,True,640.339712174603,487.066150928008,.\Image\Alignment\2017\03\31\22.20.02 143\Head1.jpg,True,624.580240941647,492.791969261206,.\Image\Alignment\2017\03\31\22.20.02 143\Head2.jpg,True,624.977500489197,494.123758207134,.\Image\Alignment\2017\03\31\22.20.02 143\Head3.jpg,True,639.681394900582,492.521459849106,.\Image\Alignment\2017\03\31\22.20.02 143\Head4.jpg
2017.03.31 22:20:03 902,TFT_SIDE5.46,90,OK,0.0006,-0.0045,-0.0052,0.0003,0,0,True,639.82846090237,478.976864568324,.\Image\Alignment\2017\03\31\22.20.03 902\Head1.jpg,True,641.206450759269,482.650116878078,.\Image\Alignment\2017\03\31\22.20.03 902\Head2.jpg,True,641.380248603759,482.662912644903,.\Image\Alignment\2017\03\31\22.20.03 902\Head3.jpg,True,639.911496206494,478.737607070771,.\Image\Alignment\2017\03\31\22.20.03 902\Head4.jpg
2017.03.31 22:26:02 905,TFT_SIDE5.46,0,RETRY,-0.8682,-0.6018,-0.7534,-0.7273,0.3729,0.01748,True,902.830054638802,604.771709956402,.\Image\Alignment\2017\03\31\22.26.02 905\Head1.jpg,True,845.324831106513,583.610763578919,.\Image\Alignment\2017\03\31\22.26.02 905\Head2.jpg,True,885.138595554392,559.642656791812,.\Image\Alignment\2017\03\31\22.26.02 905\Head3.jpg,True,864.003568189297,554.785360350348,.\Image\Alignment\2017\03\31\22.26.02 905\Head4.jpg
2017.03.31 22:26:04 773,TFT_SIDE5.46,0,RETRY,0.0564,-0.0071,-0.0059,0.0602,0.0451,0.00888,True,640.637954770999,504.864385357378,.\Image\Alignment\2017\03\31\22.26.04 773\Head1.jpg,True,655.305680218875,498.820451423836,.\Image\Alignment\2017\03\31\22.26.04 773\Head2.jpg,True,654.929775044643,491.530319371048,.\Image\Alignment\2017\03\31\22.26.04 773\Head3.jpg,True,639.614930235765,479.053462632604,.\Image\Alignment\2017\03\31\22.26.04 773\Head4.jpg
2017.03.31 22:26:06 519,TFT_SIDE5.46,0,RETRY,-0.0008,0.0035,0.0007,0.0013,0.0018,-0.00024,True,639.783979979161,480.144576920972,.\Image\Alignment\2017\03\31\22.26.06 519\Head1.jpg,True,637.048700086728,483.051552306823,.\Image\Alignment\2017\03\31\22.26.06 519\Head2.jpg,True,637.795493171998,484.146243415709,.\Image\Alignment\2017\03\31\22.26.06 519\Head3.jpg,True,639.234744327088,480.838537984707,.\Image\Alignment\2017\03\31\22.26.06 519\Head4.jpg
2017.03.31 22:26:08 277,TFT_SIDE5.46,0,RETRY,0.0006,-0.0023,0,-0.0009,-0.0002,-0.00021,True,639.474186436505,479.638438328245,.\Image\Alignment\2017\03\31\22.26.08 277\Head1.jpg,True,638.550050967466,482.752001800508,.\Image\Alignment\2017\03\31\22.26.08 277\Head2.jpg,True,637.934446838739,483.867471120927,.\Image\Alignment\2017\03\31\22.26.08 277\Head3.jpg,True,639.874628734699,480.253681826541,.\Image\Alignment\2017\03\31\22.26.08 277\Head4.jpg
2017.03.31 22:26:10 035,TFT_SIDE5.46,0,OK,-0.0007,0.0062,0.0064,-0.0002,0,0,True,640.18705314224,479.814709680647,.\Image\Alignment\2017\03\31\22.26.10 035\Head1.jpg,True,638.35661796963,482.850066331138,.\Image\Alignment\2017\03\31\22.26.10 035\Head2.jpg,True,638.297607346014,483.70206086793,.\Image\Alignment\2017\03\31\22.26.10 035\Head3.jpg,True,640.052945435293,479.989028001873,.\Image\Alignment\2017\03\31\22.26.10 035\Head4.jpg
2017.03.31 22:26:28 428,TFT_SIDE5.46,90,RETRY,-0.6564,-0.4326,-0.5788,-0.5136,0.0064,0.01102,True,831.307508783472,500.04951376924,.\Image\Alignment\2017\03\31\22.26.28 428\Head1.jpg,True,776.2725516504,501.015286654061,.\Image\Alignment\2017\03\31\22.26.28 428\Head2.jpg,True,814.97811219074,482.078761605367,.\Image\Alignment\2017\03\31\22.26.28 428\Head3.jpg,True,792.693093385742,469.805948308297,.\Image\Alignment\2017\03\31\22.26.28 428\Head4.jpg
2017.03.31 22:26:30 186,TFT_SIDE5.46,90,RETRY,0.018,-0.0104,-0.0112,0.0218,0.051,0.0038,True,640.725421665982,499.950290245872,.\Image\Alignment\2017\03\31\22.26.30 186\Head1.jpg,True,644.829651554204,499.083584896303,.\Image\Alignment\2017\03\31\22.26.30 186\Head2.jpg,True,644.983814637401,497.206329412813,.\Image\Alignment\2017\03\31\22.26.30 186\Head3.jpg,True,639.646120489067,489.194274347432,.\Image\Alignment\2017\03\31\22.26.30 186\Head4.jpg
2017.03.31 22:26:31 958,TFT_SIDE5.46,90,RETRY,-0.0011,0.013,0.0124,-0.0004,0.0069,-0.00012,True,640.114752940161,481.627191170392,.\Image\Alignment\2017\03\31\22.26.31 958\Head1.jpg,True,636.35632487795,485.476055897982,.\Image\Alignment\2017\03\31\22.26.31 958\Head2.jpg,True,636.509878617886,485.629611789791,.\Image\Alignment\2017\03\31\22.26.31 958\Head3.jpg,True,639.91661764789,481.96537498684,.\Image\Alignment\2017\03\31\22.26.31 958\Head4.jpg
2017.03.31 22:26:33 757,TFT_SIDE5.46,90,OK,-0.0002,-0.0009,-0.0005,-0.0001,0,0,True,640.048056728496,479.954694698921,.\Image\Alignment\2017\03\31\22.26.33 757\Head1.jpg,True,640.252382625839,483.327938625229,.\Image\Alignment\2017\03\31\22.26.33 757\Head2.jpg,True,640.145316910096,483.471852043836,.\Image\Alignment\2017\03\31\22.26.33 757\Head3.jpg,True,640.039868458478,479.947929795352,.\Image\Alignment\2017\03\31\22.26.33 757\Head4.jpg
2017.03.31 22:30:34 489,TFT_SIDE5.46,90,RETRY,-0.6294,-0.4761,-0.6241,-0.484,0.0306,0.016,True,831.31793392239,514.851834054769,.\Image\Alignment\2017\03\31\22.30.34 489\Head1.jpg,True,775.780413254996,500.783305688854,.\Image\Alignment\2017\03\31\22.30.34 489\Head2.jpg,True,814.912654809999,492.90506410406,.\Image\Alignment\2017\03\31\22.30.34 489\Head3.jpg,True,792.013179280214,470.569918418281,.\Image\Alignment\2017\03\31\22.30.34 489\Head4.jpg
2017.03.31 22:30:36 342,TFT_SIDE5.46,90,RETRY,-0.0085,0.0494,0.0498,-0.008,0.0351,-0.00143,True,640.211748721198,486.98996351779,.\Image\Alignment\2017\03\31\22.30.36 342\Head1.jpg,True,625.692361467097,492.142130513572,.\Image\Alignment\2017\03\31\22.30.36 342\Head2.jpg,True,625.54534613627,493.182728031821,.\Image\Alignment\2017\03\31\22.30.36 342\Head3.jpg,True,640.006024207375,490.973743367746,.\Image\Alignment\2017\03\31\22.30.36 342\Head4.jpg
2017.03.31 22:30:38 138,TFT_SIDE5.46,90,OK,-0.0012,-0.0028,-0.0039,0.0004,0,0,True,640.310818348152,479.56461799562,.\Image\Alignment\2017\03\31\22.30.38 138\Head1.jpg,True,640.735317147592,482.993499330306,.\Image\Alignment\2017\03\31\22.30.38 138\Head2.jpg,True,641.03379752611,483.327710696155,.\Image\Alignment\2017\03\31\22.30.38 138\Head3.jpg,True,639.89485711931,479.504739198759,.\Image\Alignment\2017\03\31\22.30.38 138\Head4.jpg
2017.03.31 22:33:12 685,TFT_SIDE5.46,90,RETRY,-0.6313,-0.4781,-0.6227,-0.4855,0.0298,0.01597,True,831.785327562543,514.585325676543,.\Image\Alignment\2017\03\31\22.33.12 685\Head1.jpg,True,776.234789586232,500.878964342262,.\Image\Alignment\2017\03\31\22.33.12 685\Head2.jpg,True,814.477859065498,493.055218820773,.\Image\Alignment\2017\03\31\22.33.12 685\Head3.jpg,True,792.351217936046,470.390768474294,.\Image\Alignment\2017\03\31\22.33.12 685\Head4.jpg
2017.03.31 22:33:14 538,TFT_SIDE5.46,90,RETRY,-0.0072,0.0514,0.048,-0.0077,0.037,-0.00134,True,639.983619946951,487.627110414282,.\Image\Alignment\2017\03\31\22.33.14 538\Head1.jpg,True,625.40304931387,492.700023345052,.\Image\Alignment\2017\03\31\22.33.14 538\Head2.jpg,True,626.27658840915,493.508607782916,.\Image\Alignment\2017\03\31\22.33.14 538\Head3.jpg,True,640.05822562394,491.35422164878,.\Image\Alignment\2017\03\31\22.33.14 538\Head4.jpg
2017.03.31 22:33:16 389,TFT_SIDE5.46,90,OK,0.0007,-0.0033,-0.0027,0.001,0,0,True,639.813934726234,479.333552600141,.\Image\Alignment\2017\03\31\22.33.16 389\Head1.jpg,True,640.883940303469,482.883986766036,.\Image\Alignment\2017\03\31\22.33.16 389\Head2.jpg,True,640.72784891932,483.006794862559,.\Image\Alignment\2017\03\31\22.33.16 389\Head3.jpg,True,639.740593269588,479.14054132543,.\Image\Alignment\2017\03\31\22.33.16 389\Head4.jpg
2017.03.31 22:43:09 476,TFT_SIDE5.46,0,RETRY,-0.7298,-0.6142,-0.7639,-0.5905,0.4909,0.0359,True,898.39323287129,663.041797740111,.\Image\Alignment\2017\03\31\22.43.09 476\Head1.jpg,True,841.694090624967,623.058158714223,.\Image\Alignment\2017\03\31\22.43.09 476\Head2.jpg,True,880.847908451379,602.85755130325,.\Image\Alignment\2017\03\31\22.43.09 476\Head3.jpg,True,859.941036192074,559.459597802021,.\Image\Alignment\2017\03\31\22.43.09 476\Head4.jpg
2017.03.31 22:43:11 288,TFT_SIDE5.46,0,RETRY,-0.0198,0.0675,0.067,-0.0158,-0.012,-0.00298,True,640.017807422155,472.492635536233,.\Image\Alignment\2017\03\31\22.43.11 288\Head1.jpg,True,615.079744203595,477.624615313754,.\Image\Alignment\2017\03\31\22.43.11 288\Head2.jpg,True,615.224483707485,481.366823711447,.\Image\Alignment\2017\03\31\22.43.11 288\Head3.jpg,True,638.951745639611,481.14479136103,.\Image\Alignment\2017\03\31\22.43.11 288\Head4.jpg
2017.03.31 22:43:13 074,TFT_SIDE5.46,0,OK,0.0015,0.0074,0.008,0.0015,0,0,True,639.587388173797,479.933955291382,.\Image\Alignment\2017\03\31\22.43.13 074\Head1.jpg,True,638.021208925343,482.61442899793,.\Image\Alignment\2017\03\31\22.43.13 074\Head2.jpg,True,637.853705835901,483.32818476899,.\Image\Alignment\2017\03\31\22.43.13 074\Head3.jpg,True,639.60053898788,480.127042947717,.\Image\Alignment\2017\03\31\22.43.13 074\Head4.jpg
2017.03.31 22:43:44 735,TFT_SIDE5.46,90,RETRY,-0.6985,-0.5349,-0.68,-0.5519,0.0617,0.02027,True,855.993268200955,530.301894467828,.\Image\Alignment\2017\03\31\22.43.44 735\Head1.jpg,True,799.709947093752,512.248764181912,.\Image\Alignment\2017\03\31\22.43.44 735\Head2.jpg,True,838.06733760506,496.822574241282,.\Image\Alignment\2017\03\31\22.43.44 735\Head3.jpg,True,816.235673646037,474.059253855351,.\Image\Alignment\2017\03\31\22.43.44 735\Head4.jpg
2017.03.31 22:43:46 589,TFT_SIDE5.46,90,RETRY,0.0074,0.0471,0.0479,0.0061,0.0548,0.00142,True,640.081947296663,496.994495172829,.\Image\Alignment\2017\03\31\22.43.46 589\Head1.jpg,True,628.298391105381,498.420258077286,.\Image\Alignment\2017\03\31\22.43.46 589\Head2.jpg,True,628.017091998024,497.641629252463,.\Image\Alignment\2017\03\31\22.43.46 589\Head3.jpg,True,640.375004727673,492.950025132147,.\Image\Alignment\2017\03\31\22.43.46 589\Head4.jpg
2017.03.31 22:43:48 362,TFT_SIDE5.46,90,OK,0.0001,0.0044,0.0042,-0.0002,0,0,True,639.984876817327,480.850538161525,.\Image\Alignment\2017\03\31\22.43.48 362\Head1.jpg,True,638.836874646587,483.773109625291,.\Image\Alignment\2017\03\31\22.43.48 362\Head2.jpg,True,638.891061989018,484.013158783533,.\Image\Alignment\2017\03\31\22.43.48 362\Head3.jpg,True,640.061237115257,480.750727005675,.\Image\Alignment\2017\03\31\22.43.48 362\Head4.jpg
2017.03.31 22:46:27 359,TFT_SIDE5.46,90,RETRY,-0.6917,-0.5539,-0.7,-0.5452,0.076,0.02273,True,857.765377589027,538.242311371697,.\Image\Alignment\2017\03\31\22.46.27 359\Head1.jpg,True,801.317225851404,515.922800057754,.\Image\Alignment\2017\03\31\22.46.27 359\Head2.jpg,True,839.902895337573,503.676358078438,.\Image\Alignment\2017\03\31\22.46.27 359\Head3.jpg,True,818.022243966106,475.073747555535,.\Image\Alignment\2017\03\31\22.46.27 359\Head4.jpg
2017.03.31 22:46:29 213,TFT_SIDE5.46,90,RETRY,-0.0065,0.0678,0.0704,-0.0088,0.0509,-0.00145,True,639.646521456186,491.149429227392,.\Image\Alignment\2017\03\31\22.46.29 213\Head1.jpg,True,621.053888445434,495.824646709449,.\Image\Alignment\2017\03\31\22.46.29 213\Head2.jpg,True,620.314103307859,496.610412330711,.\Image\Alignment\2017\03\31\22.46.29 213\Head3.jpg,True,640.178926931256,495.191662892075,.\Image\Alignment\2017\03\31\22.46.29 213\Head4.jpg
2017.03.31 22:46:30 958,TFT_SIDE5.46,90,RETRY,0.0017,-0.0051,-0.0059,0.0021,-0.0031,0.00037,True,640.072275564269,479.795338508995,.\Image\Alignment\2017\03\31\22.46.30 958\Head1.jpg,True,641.364833786011,482.523800091874,.\Image\Alignment\2017\03\31\22.46.30 958\Head2.jpg,True,641.583967393537,482.512230750138,.\Image\Alignment\2017\03\31\22.46.30 958\Head3.jpg,True,639.974662781004,478.753637217721,.\Image\Alignment\2017\03\31\22.46.30 958\Head4.jpg
2017.03.31 22:46:32 704,TFT_SIDE5.46,90,OK,0.0002,0.004,0.003,-0.0001,0,0,True,639.953281368372,480.124494835607,.\Image\Alignment\2017\03\31\22.46.32 704\Head1.jpg,True,638.944901578505,483.145351813333,.\Image\Alignment\2017\03\31\22.46.32 704\Head2.jpg,True,639.189263429903,483.375796516773,.\Image\Alignment\2017\03\31\22.46.32 704\Head3.jpg,True,640.032962233656,480.366245285673,.\Image\Alignment\2017\03\31\22.46.32 704\Head4.jpg
2017.03.31 22:48:52 508,TFT_SIDE5.46,90,RETRY,-0.6899,-0.5525,-0.6993,-0.5438,0.0776,0.023,True,857.673216377889,539.126890666596,.\Image\Alignment\2017\03\31\22.48.52 508\Head1.jpg,True,801.441244533759,516.151781348962,.\Image\Alignment\2017\03\31\22.48.52 508\Head2.jpg,True,840.210853752045,503.450653349335,.\Image\Alignment\2017\03\31\22.48.52 508\Head3.jpg,True,818.033787027966,475.190729341846,.\Image\Alignment\2017\03\31\22.48.52 508\Head4.jpg
2017.03.31 22:48:54 362,TFT_SIDE5.46,90,RETRY,-0.0083,0.0673,0.0682,-0.0084,0.0491,-0.00155,True,639.966230874566,490.499124234377,.\Image\Alignment\2017\03\31\22.48.54 362\Head1.jpg,True,620.933822879647,495.26111038289,.\Image\Alignment\2017\03\31\22.48.54 362\Head2.jpg,True,620.647673150734,496.275347237867,.\Image\Alignment\2017\03\31\22.48.54 362\Head3.jpg,True,639.915825742419,494.826205031623,.\Image\Alignment\2017\03\31\22.48.54 362\Head4.jpg
2017.03.31 22:48:56 093,TFT_SIDE5.46,90,RETRY,0.0018,-0.0043,-0.0045,0.0005,-0.0036,0.00021,True,639.813884598669,479.395115166297,.\Image\Alignment\2017\03\31\22.48.56 093\Head1.jpg,True,641.051796921469,482.371315580957,.\Image\Alignment\2017\03\31\22.48.56 093\Head2.jpg,True,641.089578847411,482.470893055117,.\Image\Alignment\2017\03\31\22.48.56 093\Head3.jpg,True,640.186611013288,478.805409818211,.\Image\Alignment\2017\03\31\22.48.56 093\Head4.jpg
2017.03.31 22:48:57 907,TFT_SIDE5.46,90,OK,-0.0013,0.0013,0.0016,-0.0004,0,0,True,640.348389719707,480.484430462387,.\Image\Alignment\2017\03\31\22.48.57 907\Head1.jpg,True,639.652245268642,483.442761964394,.\Image\Alignment\2017\03\31\22.48.57 907\Head2.jpg,True,639.564314118387,483.539362947999,.\Image\Alignment\2017\03\31\22.48.57 907\Head3.jpg,True,640.094231725782,480.324177004794,.\Image\Alignment\2017\03\31\22.48.57 907\Head4.jpg
2017.03.31 22:50:27 862,TFT_SIDE5.46,0,RETRY,-0.7713,-0.4979,-0.6452,-0.6298,0.4396,0.03019,True,899.374316826995,641.053314823545,.\Image\Alignment\2017\03\31\22.50.27 862\Head1.jpg,True,842.359319726759,621.325209122854,.\Image\Alignment\2017\03\31\22.50.27 862\Head2.jpg,True,880.937966351312,583.872605377878,.\Image\Alignment\2017\03\31\22.50.27 862\Head3.jpg,True,860.401065681757,554.112147149938,.\Image\Alignment\2017\03\31\22.50.27 862\Head4.jpg
2017.03.31 22:50:29 593,TFT_SIDE5.46,0,RETRY,0.0163,-0.0516,-0.0521,0.0193,-0.0036,0.00223,True,639.589651446915,482.259610672025,.\Image\Alignment\2017\03\31\22.50.29 593\Head1.jpg,True,656.455454071484,482.667597749589,.\Image\Alignment\2017\03\31\22.50.29 593\Head2.jpg,True,656.57327935365,481.222480669138,.\Image\Alignment\2017\03\31\22.50.29 593\Head3.jpg,True,638.795746812209,475.79291899003,.\Image\Alignment\2017\03\31\22.50.29 593\Head4.jpg
2017.03.31 22:50:31 352,TFT_SIDE5.46,0,RETRY,-0.002,-0.0012,-0.003,0.002,0.0013,0.00024,True,640.968302590459,480.688576936167,.\Image\Alignment\2017\03\31\22.50.31 352\Head1.jpg,True,639.307223711023,482.919651490184,.\Image\Alignment\2017\03\31\22.50.31 352\Head2.jpg,True,639.7474158165,483.47949266147,.\Image\Alignment\2017\03\31\22.50.31 352\Head3.jpg,True,639.900243918959,479.977978074252,.\Image\Alignment\2017\03\31\22.50.31 352\Head4.jpg
2017.03.31 22:50:33 152,TFT_SIDE5.46,0,OK,0.0015,0.0041,0.0061,-0.002,0,0,True,639.611007597098,480.026597335242,.\Image\Alignment\2017\03\31\22.50.33 152\Head1.jpg,True,638.900542178682,482.745694625484,.\Image\Alignment\2017\03\31\22.50.33 152\Head2.jpg,True,638.36177065801,483.500623525905,.\Image\Alignment\2017\03\31\22.50.33 152\Head3.jpg,True,640.522501734755,480.307355352657,.\Image\Alignment\2017\03\31\22.50.33 152\Head4.jpg
2017.03.31 22:51:04 047,TFT_SIDE5.46,90,RETRY,-0.6359,-0.5044,-0.6495,-0.4888,0.0609,0.0242,True,844.99690648928,536.702424543073,.\Image\Alignment\2017\03\31\22.51.04 047\Head1.jpg,True,789.008838878877,514.669176450657,.\Image\Alignment\2017\03\31\22.51.04 047\Head2.jpg,True,827.344929446537,501.604054418362,.\Image\Alignment\2017\03\31\22.51.04 047\Head3.jpg,True,805.159071109214,469.340183068265,.\Image\Alignment\2017\03\31\22.51.04 047\Head4.jpg
2017.03.31 22:51:05 901,TFT_SIDE5.46,90,RETRY,-0.0148,0.0694,0.0702,-0.0142,0.0591,-0.00266,True,640.105753877137,491.339459490036,.\Image\Alignment\2017\03\31\22.51.05 901\Head1.jpg,True,619.853432792692,497.530338229088,.\Image\Alignment\2017\03\31\22.51.05 901\Head2.jpg,True,619.595072914723,499.015486548058,.\Image\Alignment\2017\03\31\22.51.05 901\Head3.jpg,True,639.866987052491,498.75548616158,.\Image\Alignment\2017\03\31\22.51.05 901\Head4.jpg
2017.03.31 22:51:07 797,TFT_SIDE5.46,90,RETRY,0.0025,-0.008,-0.0091,0,-0.006,0.00026,True,639.720618945446,478.843201579688,.\Image\Alignment\2017\03\31\22.51.07 797\Head1.jpg,True,642.103658104764,481.795738896137,.\Image\Alignment\2017\03\31\22.51.07 797\Head2.jpg,True,642.381638606426,481.822857153995,.\Image\Alignment\2017\03\31\22.51.07 797\Head3.jpg,True,640.386255490423,478.115074975905,.\Image\Alignment\2017\03\31\22.51.07 797\Head4.jpg
2017.03.31 22:51:09 501,TFT_SIDE5.46,90,OK,-0.0006,0.0015,0.0021,0.0012,0,0,True,640.164463656916,480.440796253658,.\Image\Alignment\2017\03\31\22.51.09 501\Head1.jpg,True,639.597889414115,483.62820966209,.\Image\Alignment\2017\03\31\22.51.09 501\Head2.jpg,True,639.449981207729,483.733254711629,.\Image\Alignment\2017\03\31\22.51.09 501\Head3.jpg,True,639.669894206572,480.248899344035,.\Image\Alignment\2017\03\31\22.51.09 501\Head4.jpg
2017.03.31 22:52:46 003,TFT_SIDE5.46,0,RETRY,-0.7705,-0.5332,-0.6796,-0.6303,0.5477,0.03547,True,908.495658918043,677.57264176722,.\Image\Alignment\2017\03\31\22.52.46 003\Head1.jpg,True,852.186388755343,646.451111109029,.\Image\Alignment\2017\03\31\22.52.46 003\Head2.jpg,True,890.43948963582,608.777676779038,.\Image\Alignment\2017\03\31\22.52.46 003\Head3.jpg,True,869.701373984458,575.237293359346,.\Image\Alignment\2017\03\31\22.52.46 003\Head4.jpg
2017.03.31 22:52:47 856,TFT_SIDE5.46,0,RETRY,-0.0268,-0.0581,-0.0578,-0.0209,-0.0075,-0.00356,True,640.854694326214,472.845980710879,.\Image\Alignment\2017\03\31\22.52.47 856\Head1.jpg,True,648.308703894071,478.943454103683,.\Image\Alignment\2017\03\31\22.52.47 856\Head2.jpg,True,648.208498041159,482.874289528424,.\Image\Alignment\2017\03\31\22.52.47 856\Head3.jpg,True,639.285242777038,483.187405286243,.\Image\Alignment\2017\03\31\22.52.47 856\Head4.jpg
2017.03.31 22:52:49 656,TFT_SIDE5.46,0,OK,0.0004,0.005,0.0016,-0.0002,0,0,True,639.886572523785,480.323636113464,.\Image\Alignment\2017\03\31\22.52.49 656\Head1.jpg,True,638.66917027628,482.910337931557,.\Image\Alignment\2017\03\31\22.52.49 656\Head2.jpg,True,639.568156766105,484.003292794875,.\Image\Alignment\2017\03\31\22.52.49 656\Head3.jpg,True,640.061906127966,480.308675224231,.\Image\Alignment\2017\03\31\22.52.49 656\Head4.jpg
2017.03.31 22:53:08 135,TFT_SIDE5.46,90,RETRY,-0.7463,-0.6233,-0.7665,-0.6016,0.0359,0.02256,True,872.084714974412,527.265839904256,.\Image\Alignment\2017\03\31\22.53.08 135\Head1.jpg,True,817.635065851533,503.709032432501,.\Image\Alignment\2017\03\31\22.53.08 135\Head2.jpg,True,855.500297584384,493.436801489397,.\Image\Alignment\2017\03\31\22.53.08 135\Head3.jpg,True,832.830565032066,464.687693387385,.\Image\Alignment\2017\03\31\22.53.08 135\Head4.jpg
2017.03.31 22:53:09 906,TFT_SIDE5.46,90,RETRY,-0.0135,0.0793,0.0769,-0.0134,0.0478,-0.00189,True,640.871660975359,489.585816101184,.\Image\Alignment\2017\03\31\22.53.09 906\Head1.jpg,True,617.925909138925,494.969561843941,.\Image\Alignment\2017\03\31\22.53.09 906\Head2.jpg,True,618.538393583936,495.81142519869,.\Image\Alignment\2017\03\31\22.53.09 906\Head3.jpg,True,640.776387838286,494.861271476568,.\Image\Alignment\2017\03\31\22.53.09 906\Head4.jpg
2017.03.31 22:53:11 732,TFT_SIDE5.46,90,RETRY,0.0015,-0.0059,-0.006,0.0038,-0.0051,0.00011,True,639.756413206195,478.841281499575,.\Image\Alignment\2017\03\31\22.53.11 732\Head1.jpg,True,641.709608237602,482.184902510844,.\Image\Alignment\2017\03\31\22.53.11 732\Head2.jpg,True,641.737860187125,482.057220362494,.\Image\Alignment\2017\03\31\22.53.11 732\Head3.jpg,True,639.165092915589,478.52170688447,.\Image\Alignment\2017\03\31\22.53.11 732\Head4.jpg
2017.03.31 22:53:13 490,TFT_SIDE5.46,90,RETRY,0.0007,-0.0026,0.0005,-0.0011,0.0013,0.00012,True,639.978806131199,480.52843267748,.\Image\Alignment\2017\03\31\22.53.13 490\Head1.jpg,True,640.625564266356,483.402823670817,.\Image\Alignment\2017\03\31\22.53.13 490\Head2.jpg,True,639.78945197746,483.47151021937,.\Image\Alignment\2017\03\31\22.53.13 490\Head3.jpg,True,640.465417325212,480.20410094687,.\Image\Alignment\2017\03\31\22.53.13 490\Head4.jpg
2017.03.31 22:53:15 181,TFT_SIDE5.46,90,OK,-0.0003,0.0024,-0.0009,-0.0004,0,0,True,640.084504828138,480.145186325667,.\Image\Alignment\2017\03\31\22.53.15 181\Head1.jpg,True,639.347543501115,483.190654749218,.\Image\Alignment\2017\03\31\22.53.15 181\Head2.jpg,True,640.232759187539,483.34898762028,.\Image\Alignment\2017\03\31\22.53.15 181\Head3.jpg,True,640.107779545269,480.214755844064,.\Image\Alignment\2017\03\31\22.53.15 181\Head4.jpg
2017.03.31 22:55:14 324,TFT_SIDE5.46,0,RETRY,-0.8413,-0.4275,-0.5759,-0.702,0.5596,0.01829,True,897.093849243812,655.773200872609,.\Image\Alignment\2017\03\31\22.55.14 324\Head1.jpg,True,840.649662129666,639.589537672027,.\Image\Alignment\2017\03\31\22.55.14 324\Head2.jpg,True,879.510215883028,592.829835298595,.\Image\Alignment\2017\03\31\22.55.14 324\Head3.jpg,True,858.463162671385,603.203616595183,.\Image\Alignment\2017\03\31\22.55.14 324\Head4.jpg
2017.03.31 22:55:16 206,TFT_SIDE5.46,0,RETRY,-0.0043,-0.2231,-0.2238,-0.0019,-0.0221,-0.00056,True,640.153886631827,473.291650248718,.\Image\Alignment\2017\03\31\22.55.16 206\Head1.jpg,True,695.039589699496,475.990824616117,.\Image\Alignment\2017\03\31\22.55.16 206\Head2.jpg,True,695.185643539295,478.503105160191,.\Image\Alignment\2017\03\31\22.55.16 206\Head3.jpg,True,639.552467085509,474.924278131928,.\Image\Alignment\2017\03\31\22.55.16 206\Head4.jpg
2017.03.31 22:55:18 045,TFT_SIDE5.46,0,RETRY,0.001,0.0111,0.01,0.0028,-0.0006,0.00032,True,640.316275528392,480.320521659939,.\Image\Alignment\2017\03\31\22.55.18 045\Head1.jpg,True,636.531041713823,482.766803871218,.\Image\Alignment\2017\03\31\22.55.18 045\Head2.jpg,True,636.808244741071,483.040626671768,.\Image\Alignment\2017\03\31\22.55.18 045\Head3.jpg,True,639.840754059646,479.379368907954,.\Image\Alignment\2017\03\31\22.55.18 045\Head4.jpg
2017.03.31 22:55:19 791,TFT_SIDE5.46,0,OK,0.0005,0.0037,0.0033,0,0,0,True,639.857876939174,480.269811478146,.\Image\Alignment\2017\03\31\22.55.19 791\Head1.jpg,True,639.017655052599,482.831275327525,.\Image\Alignment\2017\03\31\22.55.19 791\Head2.jpg,True,639.126896921,483.519944071915,.\Image\Alignment\2017\03\31\22.55.19 791\Head3.jpg,True,639.988344911544,480.428014962723,.\Image\Alignment\2017\03\31\22.55.19 791\Head4.jpg
2017.03.31 22:55:40 617,TFT_SIDE5.46,90,RETRY,-0.7457,-0.563,-0.708,-0.6012,0.0108,0.00748,True,850.025848767187,495.271442592351,.\Image\Alignment\2017\03\31\22.55.40 617\Head1.jpg,True,794.677095561777,491.334601994589,.\Image\Alignment\2017\03\31\22.55.40 617\Head2.jpg,True,833.035675336492,487.35638751381,.\Image\Alignment\2017\03\31\22.55.40 617\Head3.jpg,True,810.84937909823,475.083670002567,.\Image\Alignment\2017\03\31\22.55.40 617\Head4.jpg
2017.03.31 22:55:42 457,TFT_SIDE5.46,90,RETRY,-0.0061,0.0219,0.021,-0.0057,0.0223,-0.00127,True,639.789561205881,483.82943925099,.\Image\Alignment\2017\03\31\22.55.42 457\Head1.jpg,True,633.550073153274,488.723934927145,.\Image\Alignment\2017\03\31\22.55.42 457\Head2.jpg,True,633.747762007652,489.289807380784,.\Image\Alignment\2017\03\31\22.55.42 457\Head3.jpg,True,639.636337611512,487.382045057236,.\Image\Alignment\2017\03\31\22.55.42 457\Head4.jpg
2017.03.31 22:55:44 310,TFT_SIDE5.46,90,RETRY,0.0024,-0.0051,-0.0049,0.0002,-0.0025,0.00016,True,639.598359859398,479.587144731709,.\Image\Alignment\2017\03\31\22.55.44 310\Head1.jpg,True,641.321304390094,482.806947173527,.\Image\Alignment\2017\03\31\22.55.44 310\Head2.jpg,True,641.257809220926,482.853380769747,.\Image\Alignment\2017\03\31\22.55.44 310\Head3.jpg,True,640.185083266434,479.145116388849,.\Image\Alignment\2017\03\31\22.55.44 310\Head4.jpg
2017.03.31 22:55:46 152,TFT_SIDE5.46,90,RETRY,-0.0012,0.0027,0.002,-0.0009,-0.0003,0.00011,True,640.483397636195,480.104276759479,.\Image\Alignment\2017\03\31\22.55.46 152\Head1.jpg,True,639.352144194012,483.41850991822,.\Image\Alignment\2017\03\31\22.55.46 152\Head2.jpg,True,639.523700913539,483.354752739083,.\Image\Alignment\2017\03\31\22.55.46 152\Head3.jpg,True,640.400571631336,479.804456586273,.\Image\Alignment\2017\03\31\22.55.46 152\Head4.jpg
2017.03.31 22:55:47 829,TFT_SIDE5.46,90,OK,-0.0012,-0.0006,-0.0005,-0.001,0,0,True,640.308141801226,480.048127217738,.\Image\Alignment\2017\03\31\22.55.47 829\Head1.jpg,True,640.158480348523,483.401891221642,.\Image\Alignment\2017\03\31\22.55.47 829\Head2.jpg,True,640.125386932141,483.792161848997,.\Image\Alignment\2017\03\31\22.55.47 829\Head3.jpg,True,640.275881062899,480.228081677088,.\Image\Alignment\2017\03\31\22.55.47 829\Head4.jpg
2017.03.31 22:57:45 393,TFT_SIDE5.46,0,RETRY,-0.806,-0.6587,-0.8091,-0.6633,0.5302,0.02902,True,906.592518754417,663.53394146784,.\Image\Alignment\2017\03\31\22.57.45 393\Head1.jpg,True,849.600064671394,656.508633222726,.\Image\Alignment\2017\03\31\22.57.45 393\Head2.jpg,True,888.80756143044,638.478268616675,.\Image\Alignment\2017\03\31\22.57.45 393\Head3.jpg,True,867.129327584404,579.913270824827,.\Image\Alignment\2017\03\31\22.57.45 393\Head4.jpg
2017.03.31 22:57:47 274,TFT_SIDE5.46,0,RETRY,-0.0049,0.0537,0.0585,-0.0033,0.0743,-0.00103,True,639.495974515583,498.331362858093,.\Image\Alignment\2017\03\31\22.57.47 274\Head1.jpg,True,623.510288546411,502.61251496411,.\Image\Alignment\2017\03\31\22.57.47 274\Head2.jpg,True,622.165638097994,503.766422278442,.\Image\Alignment\2017\03\31\22.57.47 274\Head3.jpg,True,638.972362510148,501.238237408144,.\Image\Alignment\2017\03\31\22.57.47 274\Head4.jpg
2017.03.31 22:57:49 060,TFT_SIDE5.46,0,OK,-0.0004,0.0016,-0.0018,0.0005,0,0,True,640.11915048358,480.076855525891,.\Image\Alignment\2017\03\31\22.57.49 060\Head1.jpg,True,639.58599081018,483.234422370025,.\Image\Alignment\2017\03\31\22.57.49 060\Head2.jpg,True,640.478111342789,483.844628182525,.\Image\Alignment\2017\03\31\22.57.49 060\Head3.jpg,True,639.875727492064,480.291002117643,.\Image\Alignment\2017\03\31\22.57.49 060\Head4.jpg
2017.03.31 22:58:07 428,TFT_SIDE5.46,90,RETRY,-0.8111,-0.6724,-0.8187,-0.6675,0.0265,0.01869,True,883.764497302421,518.258737186907,.\Image\Alignment\2017\03\31\22.58.07 428\Head1.jpg,True,828.242633243141,499.620862048226,.\Image\Alignment\2017\03\31\22.58.07 428\Head2.jpg,True,866.906815065251,491.637714480643,.\Image\Alignment\2017\03\31\22.58.07 428\Head3.jpg,True,844.738430483713,466.665997627791,.\Image\Alignment\2017\03\31\22.58.07 428\Head4.jpg
2017.03.31 22:58:09 254,TFT_SIDE5.46,90,RETRY,-0.0095,0.0607,0.0623,-0.0101,0.0414,-0.00173,True,640.024654232445,488.173741554729,.\Image\Alignment\2017\03\31\22.58.09 254\Head1.jpg,True,622.541830424654,493.601355864536,.\Image\Alignment\2017\03\31\22.58.09 254\Head2.jpg,True,622.080829355166,494.759067846775,.\Image\Alignment\2017\03\31\22.58.09 254\Head3.jpg,True,640.135059365099,492.997527999155,.\Image\Alignment\2017\03\31\22.58.09 254\Head4.jpg
2017.03.31 22:58:10 944,TFT_SIDE5.46,90,RETRY,0.0003,-0.003,-0.0045,0.0011,-0.0034,0.00019,True,640.195770535819,479.403248486369,.\Image\Alignment\2017\03\31\22.58.10 944\Head1.jpg,True,641.062820029724,482.896574855919,.\Image\Alignment\2017\03\31\22.58.10 944\Head2.jpg,True,641.45803652665,482.64866056098,.\Image\Alignment\2017\03\31\22.58.10 944\Head3.jpg,True,639.978408919314,478.87925377291,.\Image\Alignment\2017\03\31\22.58.10 944\Head4.jpg
2017.03.31 22:58:12 675,TFT_SIDE5.46,90,OK,0.0006,0.0007,0.0014,0.0002,0,0,True,639.841152977707,480.083680238097,.\Image\Alignment\2017\03\31\22.58.12 675\Head1.jpg,True,639.813127401257,483.406974527329,.\Image\Alignment\2017\03\31\22.58.12 675\Head2.jpg,True,639.626740792798,483.551125415808,.\Image\Alignment\2017\03\31\22.58.12 675\Head3.jpg,True,639.958129864938,479.999915697889,.\Image\Alignment\2017\03\31\22.58.12 675\Head4.jpg
2017.03.31 23:01:14 366,TFT_SIDE5.46,0,RETRY,-0.7326,-0.3815,-0.5304,-0.5912,0.6058,0.03985,True,906.124919169192,699.458941759671,.\Image\Alignment\2017\03\31\23.01.14 366\Head1.jpg,True,849.288526415564,657.8238191481,.\Image\Alignment\2017\03\31\23.01.14 366\Head2.jpg,True,888.243355408519,599.696002896202,.\Image\Alignment\2017\03\31\23.01.14 366\Head3.jpg,True,866.958809674228,584.312276877202,.\Image\Alignment\2017\03\31\23.01.14 366\Head4.jpg
2017.03.31 23:01:16 220,TFT_SIDE5.46,0,RETRY,-0.0022,-0.1485,-0.1489,-0.0001,-0.0284,-0.00022,True,640.190665621517,472.111293374567,.\Image\Alignment\2017\03\31\23.01.16 220\Head1.jpg,True,677.730596634832,475.080867215794,.\Image\Alignment\2017\03\31\23.01.16 220\Head2.jpg,True,677.824485518921,476.153102491215,.\Image\Alignment\2017\03\31\23.01.16 220\Head3.jpg,True,639.661694115944,472.782549829161,.\Image\Alignment\2017\03\31\23.01.16 220\Head4.jpg
2017.03.31 23:01:17 966,TFT_SIDE5.46,0,OK,-0.0005,0.0041,0.0056,-0.0001,0,0,True,640.125155893312,480.371078980765,.\Image\Alignment\2017\03\31\23.01.17 966\Head1.jpg,True,638.901761566834,482.995720413183,.\Image\Alignment\2017\03\31\23.01.17 966\Head2.jpg,True,638.50264543994,483.793279529659,.\Image\Alignment\2017\03\31\23.01.17 966\Head3.jpg,True,640.032465484024,480.459017175885,.\Image\Alignment\2017\03\31\23.01.17 966\Head4.jpg
2017.03.31 23:01:36 406,TFT_SIDE5.46,90,RETRY,-0.7796,-0.6752,-0.821,-0.6336,0.0782,0.03025,True,892.159020188224,551.457494179787,.\Image\Alignment\2017\03\31\23.01.36 406\Head1.jpg,True,837.06699776846,520.195735568232,.\Image\Alignment\2017\03\31\23.01.36 406\Head2.jpg,True,875.548860051932,504.843055271703,.\Image\Alignment\2017\03\31\23.01.36 406\Head3.jpg,True,852.448078615172,467.271648652402,.\Image\Alignment\2017\03\31\23.01.36 406\Head4.jpg
2017.03.31 23:01:38 246,TFT_SIDE5.46,90,RETRY,-0.0135,0.0967,0.095,-0.0156,0.0663,-0.002,True,640.717013368929,494.336365979183,.\Image\Alignment\2017\03\31\23.01.38 246\Head1.jpg,True,613.200314691701,500.179805662126,.\Image\Alignment\2017\03\31\23.01.38 246\Head2.jpg,True,613.576826372279,501.109751682223,.\Image\Alignment\2017\03\31\23.01.38 246\Head3.jpg,True,641.166123168714,499.914544770004,.\Image\Alignment\2017\03\31\23.01.38 246\Head4.jpg
2017.03.31 23:01:40 099,TFT_SIDE5.46,90,RETRY,0.0024,-0.0083,-0.0065,0.0027,-0.0043,0.00015,True,639.587721984098,479.1106148244,.\Image\Alignment\2017\03\31\23.01.40 099\Head1.jpg,True,642.199231570219,482.56719111572,.\Image\Alignment\2017\03\31\23.01.40 099\Head2.jpg,True,641.707672741826,482.573696273584,.\Image\Alignment\2017\03\31\23.01.40 099\Head3.jpg,True,639.50417264012,478.69111753491,.\Image\Alignment\2017\03\31\23.01.40 099\Head4.jpg
2017.03.31 23:01:41 845,TFT_SIDE5.46,90,OK,-0.001,0.0022,0.0027,-0.0006,0,0,True,640.254733384348,480.344811152073,.\Image\Alignment\2017\03\31\23.01.41 845\Head1.jpg,True,639.40505102728,483.572857412545,.\Image\Alignment\2017\03\31\23.01.41 845\Head2.jpg,True,639.269290832476,483.81894223681,.\Image\Alignment\2017\03\31\23.01.41 845\Head3.jpg,True,640.168416278942,480.518928750219,.\Image\Alignment\2017\03\31\23.01.41 845\Head4.jpg
2017.03.31 23:04:29 903,TFT_SIDE5.46,0,RETRY,-0.8256,-0.6536,-0.8008,-0.6837,0.5737,0.02252,True,900.370515587901,665.696878672774,.\Image\Alignment\2017\03\31\23.04.29 903\Head1.jpg,True,843.898307562606,639.435862021742,.\Image\Alignment\2017\03\31\23.04.29 903\Head2.jpg,True,882.296664227875,623.770608798146,.\Image\Alignment\2017\03\31\23.04.29 903\Head3.jpg,True,861.031449097272,600.842491278525,.\Image\Alignment\2017\03\31\23.04.29 903\Head4.jpg
2017.03.31 23:04:31 879,TFT_SIDE5.46,0,RETRY,-0.0197,0.0122,0.0069,-0.0168,-0.0077,-0.00324,True,639.540918988671,473.270851068201,.\Image\Alignment\2017\03\31\23.04.31 879\Head1.jpg,True,629.469425112537,478.954158733061,.\Image\Alignment\2017\03\31\23.04.31 879\Head2.jpg,True,630.877726336052,482.918437191197,.\Image\Alignment\2017\03\31\23.04.31 879\Head3.jpg,True,638.750314880197,482.672351078488,.\Image\Alignment\2017\03\31\23.04.31 879\Head4.jpg
2017.03.31 23:04:33 626,TFT_SIDE5.46,0,RETRY,0.0019,-0.0017,-0.0009,0.001,0.0021,0.0006,True,640.558522804376,481.41558212116,.\Image\Alignment\2017\03\31\23.04.33 626\Head1.jpg,True,639.395425602506,483.144688595035,.\Image\Alignment\2017\03\31\23.04.33 626\Head2.jpg,True,639.163190718827,483.721686166912,.\Image\Alignment\2017\03\31\23.04.33 626\Head3.jpg,True,640.788932920004,479.675011674371,.\Image\Alignment\2017\03\31\23.04.33 626\Head4.jpg
2017.03.31 23:04:35 465,TFT_SIDE5.46,0,RETRY,-0.0037,-0.0008,0.0001,-0.001,-0.0006,-0.00032,True,640.425825457715,479.375712163831,.\Image\Alignment\2017\03\31\23.04.35 465\Head1.jpg,True,637.880648569635,482.349784247843,.\Image\Alignment\2017\03\31\23.04.35 465\Head2.jpg,True,637.635654794459,483.612168851648,.\Image\Alignment\2017\03\31\23.04.35 465\Head3.jpg,True,639.708241877391,480.298345185477,.\Image\Alignment\2017\03\31\23.04.35 465\Head4.jpg
2017.03.31 23:04:37 252,TFT_SIDE5.46,0,OK,0.0014,0.0068,0.0071,-0.0008,0,0,True,639.616975861149,479.82272909757,.\Image\Alignment\2017\03\31\23.04.37 252\Head1.jpg,True,638.187653798232,482.628559472937,.\Image\Alignment\2017\03\31\23.04.37 252\Head2.jpg,True,638.119971576654,483.385009940162,.\Image\Alignment\2017\03\31\23.04.37 252\Head3.jpg,True,640.210067617035,479.774206897857,.\Image\Alignment\2017\03\31\23.04.37 252\Head4.jpg
2017.03.31 23:04:55 682,TFT_SIDE5.46,90,RETRY,-0.7768,-0.6497,-0.7965,-0.6311,-0.011,0.00889,True,860.381615019396,491.805989941526,.\Image\Alignment\2017\03\31\23.04.55 682\Head1.jpg,True,805.04990626998,478.183524287113,.\Image\Alignment\2017\03\31\23.04.55 682\Head2.jpg,True,843.908303074076,485.817377937156,.\Image\Alignment\2017\03\31\23.04.55 682\Head3.jpg,True,820.882359219567,467.712658346886,.\Image\Alignment\2017\03\31\23.04.55 682\Head4.jpg
2017.03.31 23:04:57 550,TFT_SIDE5.46,90,RETRY,-0.0065,0.079,0.08,-0.0071,0.0427,-0.00113,True,640.092099106116,489.508774992591,.\Image\Alignment\2017\03\31\23.04.57 550\Head1.jpg,True,618.631089990951,494.20304980565,.\Image\Alignment\2017\03\31\23.04.57 550\Head2.jpg,True,618.340220774733,494.473576479888,.\Image\Alignment\2017\03\31\23.04.57 550\Head3.jpg,True,640.199953582247,492.642356740759,.\Image\Alignment\2017\03\31\23.04.57 550\Head4.jpg
2017.03.31 23:04:59 391,TFT_SIDE5.46,90,OK,-0.0001,-0.0059,-0.0051,0.0002,0,0,True,640.029829408373,479.048820167991,.\Image\Alignment\2017\03\31\23.04.59 391\Head1.jpg,True,641.568235660287,482.409481084388,.\Image\Alignment\2017\03\31\23.04.59 391\Head2.jpg,True,641.370135086494,482.25867875356,.\Image\Alignment\2017\03\31\23.04.59 391\Head3.jpg,True,639.934802563016,478.983799014232,.\Image\Alignment\2017\03\31\23.04.59 391\Head4.jpg
2017.03.31 23:07:53 813,TFT_SIDE5.46,0,RETRY,-0.7333,-0.4664,-0.6164,-0.5905,0.6672,0.03438,True,896.645584431571,707.895258336061,.\Image\Alignment\2017\03\31\23.07.53 813\Head1.jpg,True,839.66822576873,676.609658345638,.\Image\Alignment\2017\03\31\23.07.53 813\Head2.jpg,True,878.783539756137,636.03793884391,.\Image\Alignment\2017\03\31\23.07.53 813\Head3.jpg,True,857.022847950595,608.499407027767,.\Image\Alignment\2017\03\31\23.07.53 813\Head4.jpg
2017.03.31 23:07:55 654,TFT_SIDE5.46,0,RETRY,-0.0033,-0.0606,-0.0595,0.0011,-0.0241,-0.00034,True,640.257992103586,473.062909120973,.\Image\Alignment\2017\03\31\23.07.55 654\Head1.jpg,True,655.128081493017,476.250726788924,.\Image\Alignment\2017\03\31\23.07.55 654\Head2.jpg,True,654.856717402083,476.83100829203,.\Image\Alignment\2017\03\31\23.07.55 654\Head3.jpg,True,639.132937465847,474.081972871529,.\Image\Alignment\2017\03\31\23.07.55 654\Head4.jpg
2017.03.31 23:07:57 507,TFT_SIDE5.46,0,OK,0.0009,-0.0001,0.0014,-0.0019,0,0,True,639.755062400506,480.184446439137,.\Image\Alignment\2017\03\31\23.07.57 507\Head1.jpg,True,640.033673508752,482.850388122395,.\Image\Alignment\2017\03\31\23.07.57 507\Head2.jpg,True,639.634210917171,483.588514077314,.\Image\Alignment\2017\03\31\23.07.57 507\Head3.jpg,True,640.499409647895,480.244547068631,.\Image\Alignment\2017\03\31\23.07.57 507\Head4.jpg
2017.03.31 23:08:16 021,TFT_SIDE5.46,90,RETRY,-0.8479,-0.7195,-0.8674,-0.7036,0.0856,0.02411,True,901.476729335579,543.125651330942,.\Image\Alignment\2017\03\31\23.08.16 021\Head1.jpg,True,845.82491300899,520.186624872058,.\Image\Alignment\2017\03\31\23.08.16 021\Head2.jpg,True,884.866067600879,507.609357385422,.\Image\Alignment\2017\03\31\23.08.16 021\Head3.jpg,True,862.146522729369,476.275585086286,.\Image\Alignment\2017\03\31\23.08.16 021\Head4.jpg
2017.03.31 23:08:17 876,TFT_SIDE5.46,90,RETRY,-0.012,0.0711,0.0742,-0.0092,0.0567,-0.00146,True,641.087861296494,492.699910551476,.\Image\Alignment\2017\03\31\23.08.17 876\Head1.jpg,True,620.174659404441,497.705851636825,.\Image\Alignment\2017\03\31\23.08.17 876\Head2.jpg,True,619.297486985915,498.501985505476,.\Image\Alignment\2017\03\31\23.08.17 876\Head3.jpg,True,640.2734917315,496.748214673777,.\Image\Alignment\2017\03\31\23.08.17 876\Head4.jpg
2017.03.31 23:08:19 742,TFT_SIDE5.46,90,RETRY,0.0007,-0.0022,-0.0065,0.0004,-0.0027,0.00012,True,639.989128565623,479.474328815015,.\Image\Alignment\2017\03\31\23.08.19 742\Head1.jpg,True,640.761527792431,482.905661318569,.\Image\Alignment\2017\03\31\23.08.19 742\Head2.jpg,True,641.88224010901,482.761388639222,.\Image\Alignment\2017\03\31\23.08.19 742\Head3.jpg,True,640.077073896248,479.143209372156,.\Image\Alignment\2017\03\31\23.08.19 742\Head4.jpg
2017.03.31 23:08:21 473,TFT_SIDE5.46,90,RETRY,0.0027,-0.0007,0.0042,0.0015,0.0001,0.00011,True,639.431609831536,480.215984696033,.\Image\Alignment\2017\03\31\23.08.21 473\Head1.jpg,True,640.319824267165,483.537546191384,.\Image\Alignment\2017\03\31\23.08.21 473\Head2.jpg,True,639.019858400278,483.400472722176,.\Image\Alignment\2017\03\31\23.08.21 473\Head3.jpg,True,639.763518741048,479.903274525344,.\Image\Alignment\2017\03\31\23.08.21 473\Head4.jpg
2017.03.31 23:08:23 258,TFT_SIDE5.46,90,OK,-0.0011,0.0008,-0.0006,-0.0006,0,0,True,640.295499254121,479.924840175555,.\Image\Alignment\2017\03\31\23.08.23 258\Head1.jpg,True,639.797338177208,483.43274289704,.\Image\Alignment\2017\03\31\23.08.23 258\Head2.jpg,True,640.152032635386,483.701584401156,.\Image\Alignment\2017\03\31\23.08.23 258\Head3.jpg,True,640.153285998965,480.093871614672,.\Image\Alignment\2017\03\31\23.08.23 258\Head4.jpg
2017.03.31 23:11:27 109,TFT_SIDE5.46,0,RETRY,-0.8269,-0.6318,-0.7842,-0.6853,0.5905,0.00901,True,876.881111150548,650.553026038803,.\Image\Alignment\2017\03\31\23.11.27 109\Head1.jpg,True,820.310482946104,646.242456722302,.\Image\Alignment\2017\03\31\23.11.27 109\Head2.jpg,True,860.036669183506,640.22944970028,.\Image\Alignment\2017\03\31\23.11.27 109\Head3.jpg,True,837.606143445288,624.76802804467,.\Image\Alignment\2017\03\31\23.11.27 109\Head4.jpg
2017.03.31 23:11:28 990,TFT_SIDE5.46,0,RETRY,0.0193,0.0246,0.0275,0.0226,-0.0075,0.00339,True,640.840532845371,482.906052998495,.\Image\Alignment\2017\03\31\23.11.28 990\Head1.jpg,True,637.523234242871,482.190000955036,.\Image\Alignment\2017\03\31\23.11.28 990\Head2.jpg,True,636.752646251889,479.960479433526,.\Image\Alignment\2017\03\31\23.11.28 990\Head3.jpg,True,639.973685763738,473.078941642605,.\Image\Alignment\2017\03\31\23.11.28 990\Head4.jpg
2017.03.31 23:11:30 775,TFT_SIDE5.46,0,RETRY,-0.0023,0.0006,0.0008,-0.0035,0.0009,-0.0002,True,640.262172184297,479.970064013942,.\Image\Alignment\2017\03\31\23.11.30 775\Head1.jpg,True,638.313942736902,482.993371381506,.\Image\Alignment\2017\03\31\23.11.30 775\Head2.jpg,True,638.271507952186,483.816512994823,.\Image\Alignment\2017\03\31\23.11.30 775\Head3.jpg,True,640.588587814616,480.538742125659,.\Image\Alignment\2017\03\31\23.11.30 775\Head4.jpg
2017.03.31 23:11:32 411,TFT_SIDE5.46,0,OK,-0.0006,0.0038,0.0043,0.0007,0,0,True,640.168210561232,480.119517699203,.\Image\Alignment\2017\03\31\23.11.32 411\Head1.jpg,True,638.992971028423,482.765278973465,.\Image\Alignment\2017\03\31\23.11.32 411\Head2.jpg,True,638.850700622663,483.469386383684,.\Image\Alignment\2017\03\31\23.11.32 411\Head3.jpg,True,639.808359393064,480.154068833711,.\Image\Alignment\2017\03\31\23.11.32 411\Head4.jpg
2017.03.31 23:11:50 866,TFT_SIDE5.46,90,RETRY,-0.7996,-0.6149,-0.7609,-0.6511,0.0546,0.0008,True,854.715128012785,495.757570931169,.\Image\Alignment\2017\03\31\23.11.50 866\Head1.jpg,True,798.404229977749,494.934927895601,.\Image\Alignment\2017\03\31\23.11.50 866\Head2.jpg,True,836.966162366656,500.18183352845,.\Image\Alignment\2017\03\31\23.11.50 866\Head3.jpg,True,814.37585755906,494.365335912042,.\Image\Alignment\2017\03\31\23.11.50 866\Head4.jpg
2017.03.31 23:11:52 720,TFT_SIDE5.46,90,RETRY,-0.0008,0.0229,0.0239,-0.0034,0.0092,-0.00066,True,639.238397137532,481.34093762653,.\Image\Alignment\2017\03\31\23.11.52 720\Head1.jpg,True,633.3319910905,485.61896770315,.\Image\Alignment\2017\03\31\23.11.52 720\Head2.jpg,True,633.047765242787,486.130438687201,.\Image\Alignment\2017\03\31\23.11.52 720\Head3.jpg,True,639.934102555293,483.200645906494,.\Image\Alignment\2017\03\31\23.11.52 720\Head4.jpg
2017.03.31 23:11:54 575,TFT_SIDE5.46,90,RETRY,0.0008,-0.0025,-0.0031,0.0003,-0.0007,0.00026,True,640.177825440726,480.251346915555,.\Image\Alignment\2017\03\31\23.11.54 575\Head1.jpg,True,640.558359593963,483.413570616006,.\Image\Alignment\2017\03\31\23.11.54 575\Head2.jpg,True,640.713032106486,483.502473193018,.\Image\Alignment\2017\03\31\23.11.54 575\Head3.jpg,True,640.289460638868,479.51930489438,.\Image\Alignment\2017\03\31\23.11.54 575\Head4.jpg
2017.03.31 23:11:56 387,TFT_SIDE5.46,90,RETRY,-0.001,0.0028,0.0011,-0.0003,0.0004,-0.00014,True,640.056803556736,479.866365598112,.\Image\Alignment\2017\03\31\23.11.56 387\Head1.jpg,True,639.194598238411,483.620146904501,.\Image\Alignment\2017\03\31\23.11.56 387\Head2.jpg,True,639.643729192426,483.665124555196,.\Image\Alignment\2017\03\31\23.11.56 387\Head3.jpg,True,639.88813003649,480.250988289208,.\Image\Alignment\2017\03\31\23.11.56 387\Head4.jpg
2017.03.31 23:11:58 227,TFT_SIDE5.46,90,RETRY,0.0008,-0.0016,0.0001,-0.0009,-0.0003,0.00012,True,639.972655091343,480.118540776914,.\Image\Alignment\2017\03\31\23.11.58 227\Head1.jpg,True,640.444983639388,483.447894936902,.\Image\Alignment\2017\03\31\23.11.58 227\Head2.jpg,True,639.964444374748,483.434125290652,.\Image\Alignment\2017\03\31\23.11.58 227\Head3.jpg,True,640.412913106547,479.771282935691,.\Image\Alignment\2017\03\31\23.11.58 227\Head4.jpg
2017.03.31 23:11:59 999,TFT_SIDE5.46,90,OK,-0.0001,0.0011,0.0019,0.0012,0,0,True,640.016491554636,480.103290573591,.\Image\Alignment\2017\03\31\23.11.59 999\Head1.jpg,True,639.71179280702,483.573140337247,.\Image\Alignment\2017\03\31\23.11.59 999\Head2.jpg,True,639.484158951837,483.629029542354,.\Image\Alignment\2017\03\31\23.11.59 999\Head3.jpg,True,639.690374973643,480.212443521934,.\Image\Alignment\2017\03\31\23.11.59 999\Head4.jpg
2017.03.31 23:15:39 899,TFT_SIDE5.46,0,RETRY,-0.7685,-0.5819,-0.7333,-0.6268,0.6137,0.02811,True,894.991285018987,684.501324642943,.\Image\Alignment\2017\03\31\23.15.39 899\Head1.jpg,True,838.29657185781,657.507550932865,.\Image\Alignment\2017\03\31\23.15.39 899\Head2.jpg,True,877.777465699889,634.465089162429,.\Image\Alignment\2017\03\31\23.15.39 899\Head3.jpg,True,855.696067115685,603.36056610681,.\Image\Alignment\2017\03\31\23.15.39 899\Head4.jpg
2017.03.31 23:15:41 751,TFT_SIDE5.46,0,RETRY,-0.0074,0.0143,0.0148,-0.0062,0.0037,-0.00149,True,639.338267087393,478.820066415137,.\Image\Alignment\2017\03\31\23.15.41 751\Head1.jpg,True,633.718563527428,483.010396960187,.\Image\Alignment\2017\03\31\23.15.41 751\Head2.jpg,True,633.556129091489,484.352794719373,.\Image\Alignment\2017\03\31\23.15.41 751\Head3.jpg,True,639.005794417513,483.144533168746,.\Image\Alignment\2017\03\31\23.15.41 751\Head4.jpg
2017.03.31 23:15:43 496,TFT_SIDE5.46,0,RETRY,-0.0011,-0.0118,-0.0108,0.0017,0.0009,-0.00011,True,640.085996911004,480.073487296169,.\Image\Alignment\2017\03\31\23.15.43 496\Head1.jpg,True,640.543271611655,483.086281922603,.\Image\Alignment\2017\03\31\23.15.43 496\Head2.jpg,True,640.248466767115,484.513008369413,.\Image\Alignment\2017\03\31\23.15.43 496\Head3.jpg,True,639.33453434538,480.398529707475,.\Image\Alignment\2017\03\31\23.15.43 496\Head4.jpg
2017.03.31 23:15:45 324,TFT_SIDE5.46,0,RETRY,-0.0013,0.0093,0.0105,-0.0025,0,0,True,640.348093187822,480.074843061043,.\Image\Alignment\2017\03\31\23.15.45 324\Head1.jpg,True,637.510101626294,482.838790432198,.\Image\Alignment\2017\03\31\23.15.45 324\Head2.jpg,True,637.212715881897,483.30109761828,.\Image\Alignment\2017\03\31\23.15.45 324\Head3.jpg,True,640.662733627166,480.138043790597,.\Image\Alignment\2017\03\31\23.15.45 324\Head4.jpg
2017.03.31 23:15:46 754,TFT_SIDE5.46,0,OK,-0.0003,0.0002,-0.0016,0.0017,0,0,True,640.072100202264,480.187495966459,.\Image\Alignment\2017\03\31\23.15.46 754\Head1.jpg,True,639.937660611942,482.692241492878,.\Image\Alignment\2017\03\31\23.15.46 754\Head2.jpg,True,640.431038552224,483.284087616051,.\Image\Alignment\2017\03\31\23.15.46 754\Head3.jpg,True,639.535274896562,479.927062710811,.\Image\Alignment\2017\03\31\23.15.46 754\Head4.jpg
2017.03.31 23:16:05 410,TFT_SIDE5.46,90,RETRY,-0.8301,-0.6388,-0.783,-0.6841,0.0587,0.01637,True,885.490053255072,522.958235302045,.\Image\Alignment\2017\03\31\23.16.05 410\Head1.jpg,True,829.26406169268,509.001272738601,.\Image\Alignment\2017\03\31\23.16.05 410\Head2.jpg,True,867.377073704736,491.890821102715,.\Image\Alignment\2017\03\31\23.16.05 410\Head3.jpg,True,845.762340431965,477.856579896167,.\Image\Alignment\2017\03\31\23.16.05 410\Head4.jpg
2017.03.31 23:16:07 263,TFT_SIDE5.46,90,RETRY,-0.0031,0.015,0.0099,-0.0076,0.0401,-0.0013,True,638.932325893724,488.510358425093,.\Image\Alignment\2017\03\31\23.16.07 263\Head1.jpg,True,635.05045470912,493.284024997683,.\Image\Alignment\2017\03\31\23.16.07 263\Head2.jpg,True,636.347066478883,494.153022968897,.\Image\Alignment\2017\03\31\23.16.07 263\Head3.jpg,True,640.092666250269,492.142117711031,.\Image\Alignment\2017\03\31\23.16.07 263\Head4.jpg
2017.03.31 23:16:09 047,TFT_SIDE5.46,90,RETRY,-0.0012,-0.004,-0.0015,0.0019,-0.0031,0.00013,True,640.502838332162,479.396759460929,.\Image\Alignment\2017\03\31\23.16.09 047\Head1.jpg,True,641.094104097038,482.750769449693,.\Image\Alignment\2017\03\31\23.16.09 047\Head2.jpg,True,640.401491477514,482.729952384578,.\Image\Alignment\2017\03\31\23.16.09 047\Head3.jpg,True,639.705428355539,479.019032218212,.\Image\Alignment\2017\03\31\23.16.09 047\Head4.jpg
2017.03.31 23:16:10 929,TFT_SIDE5.46,90,RETRY,-0.0005,0.0006,0.0024,0.0027,0,0.00015,True,640.363798601107,480.260677159636,.\Image\Alignment\2017\03\31\23.16.10 929\Head1.jpg,True,639.735319033134,483.22312477874,.\Image\Alignment\2017\03\31\23.16.10 929\Head2.jpg,True,639.258504936089,483.307405374884,.\Image\Alignment\2017\03\31\23.16.10 929\Head3.jpg,True,639.510785971737,479.837593542377,.\Image\Alignment\2017\03\31\23.16.10 929\Head4.jpg
2017.03.31 23:16:12 674,TFT_SIDE5.46,90,RETRY,-0.0009,-0.0005,0.0007,-0.003,0.0006,-0.00016,True,640.002154697371,479.872301174187,.\Image\Alignment\2017\03\31\23.16.12 674\Head1.jpg,True,639.939880607493,483.501805523391,.\Image\Alignment\2017\03\31\23.16.12 674\Head2.jpg,True,639.594984549377,483.677116372226,.\Image\Alignment\2017\03\31\23.16.12 674\Head3.jpg,True,640.568775071582,480.337124659395,.\Image\Alignment\2017\03\31\23.16.12 674\Head4.jpg
2017.03.31 23:16:14 420,TFT_SIDE5.46,90,OK,0.0017,0.001,-0.0006,0.0013,0,0,True,639.550765186159,480.069103642395,.\Image\Alignment\2017\03\31\23.16.14 420\Head1.jpg,True,639.729019785342,483.212286811004,.\Image\Alignment\2017\03\31\23.16.14 420\Head2.jpg,True,640.153472957657,483.663504627478,.\Image\Alignment\2017\03\31\23.16.14 420\Head3.jpg,True,639.647097709721,479.994137991213,.\Image\Alignment\2017\03\31\23.16.14 420\Head4.jpg
2017.03.31 23:19:20 864,TFT_SIDE5.46,0,RETRY,-0.7198,-0.4818,-0.6316,-0.58,0.6039,0.02784,True,881.511891841637,681.488755661746,.\Image\Alignment\2017\03\31\23.19.20 864\Head1.jpg,True,825.189887366381,672.243427507852,.\Image\Alignment\2017\03\31\23.19.20 864\Head2.jpg,True,864.239956655791,641.778520983766,.\Image\Alignment\2017\03\31\23.19.20 864\Head3.jpg,True,842.768055253181,601.078638079073,.\Image\Alignment\2017\03\31\23.19.20 864\Head4.jpg
2017.03.31 23:19:22 744,TFT_SIDE5.46,0,RETRY,0.0627,0.0254,0.0245,0.0656,0.0285,0.00894,True,639.016736003092,500.523127365503,.\Image\Alignment\2017\03\31\23.19.22 744\Head1.jpg,True,647.300030153581,494.255958623385,.\Image\Alignment\2017\03\31\23.19.22 744\Head2.jpg,True,647.4919872044,486.587947961541,.\Image\Alignment\2017\03\31\23.19.22 744\Head3.jpg,True,638.27998393879,474.566639091364,.\Image\Alignment\2017\03\31\23.19.22 744\Head4.jpg
2017.03.31 23:19:24 572,TFT_SIDE5.46,0,RETRY,-0.0003,0.0009,0.0005,0.0013,-0.0009,0.00056,True,641.075500228259,480.581520081547,.\Image\Alignment\2017\03\31\23.19.24 572\Head1.jpg,True,638.59995259636,482.30130415878,.\Image\Alignment\2017\03\31\23.19.24 572\Head2.jpg,True,638.69602192818,482.933967822948,.\Image\Alignment\2017\03\31\23.19.24 572\Head3.jpg,True,640.641559562765,478.961654579392,.\Image\Alignment\2017\03\31\23.19.24 572\Head4.jpg
2017.03.31 23:19:26 302,TFT_SIDE5.46,0,RETRY,0.0017,0.0033,0.0028,0.0028,-0.0019,0.00012,True,639.764259900987,479.654473757141,.\Image\Alignment\2017\03\31\23.19.26 302\Head1.jpg,True,637.314937495916,481.944348992462,.\Image\Alignment\2017\03\31\23.19.26 302\Head2.jpg,True,637.427607972235,482.925011913778,.\Image\Alignment\2017\03\31\23.19.26 302\Head3.jpg,True,639.458069192001,479.309768335611,.\Image\Alignment\2017\03\31\23.19.26 302\Head4.jpg
2017.03.31 23:19:28 062,TFT_SIDE5.46,0,OK,0.0027,0.0058,0.0078,-0.0013,0,0,True,639.273939004853,479.553298086848,.\Image\Alignment\2017\03\31\23.19.28 062\Head1.jpg,True,638.45248421366,482.598529755183,.\Image\Alignment\2017\03\31\23.19.28 062\Head2.jpg,True,637.907594100056,483.104193052415,.\Image\Alignment\2017\03\31\23.19.28 062\Head3.jpg,True,640.333956100332,479.711204449913,.\Image\Alignment\2017\03\31\23.19.28 062\Head4.jpg
2017.03.31 23:19:46 483,TFT_SIDE5.46,90,RETRY,-0.8598,-0.7224,-0.8646,-0.7142,0.1376,0.02301,True,903.081523747525,555.138742104436,.\Image\Alignment\2017\03\31\23.19.46 483\Head1.jpg,True,847.960484964685,540.398186879279,.\Image\Alignment\2017\03\31\23.19.46 483\Head2.jpg,True,885.407496030786,526.58306185574,.\Image\Alignment\2017\03\31\23.19.46 483\Head3.jpg,True,863.301470504946,491.340919386995,.\Image\Alignment\2017\03\31\23.19.46 483\Head4.jpg
2017.03.31 23:19:48 365,TFT_SIDE5.46,90,RETRY,0.0139,0.0753,0.0722,0.0131,0.0745,0.00287,True,640.462519400261,504.686289141386,.\Image\Alignment\2017\03\31\23.19.48 365\Head1.jpg,True,621.870902484981,505.003198419981,.\Image\Alignment\2017\03\31\23.19.48 365\Head2.jpg,True,622.633872126326,503.217219546117,.\Image\Alignment\2017\03\31\23.19.48 365\Head3.jpg,True,640.603300324424,496.532428392839,.\Image\Alignment\2017\03\31\23.19.48 365\Head4.jpg
2017.03.31 23:19:50 220,TFT_SIDE5.46,90,RETRY,-0.0007,0.0077,0.0058,-0.0002,0.0054,-0.00018,True,639.920742241779,481.142819972454,.\Image\Alignment\2017\03\31\23.19.50 220\Head1.jpg,True,637.594458471228,484.761006263211,.\Image\Alignment\2017\03\31\23.19.50 220\Head2.jpg,True,638.083951403062,485.07313612773,.\Image\Alignment\2017\03\31\23.19.50 220\Head3.jpg,True,639.775085512733,481.639789491855,.\Image\Alignment\2017\03\31\23.19.50 220\Head4.jpg
2017.03.31 23:19:52 020,TFT_SIDE5.46,90,OK,-0.0006,0.0009,0.0021,0.0004,0,0,True,640.170708875377,479.844486846153,.\Image\Alignment\2017\03\31\23.19.52 020\Head1.jpg,True,639.757381961388,483.154791041381,.\Image\Alignment\2017\03\31\23.19.52 020\Head2.jpg,True,639.427598728901,483.596744417813,.\Image\Alignment\2017\03\31\23.19.52 020\Head3.jpg,True,639.906119957788,479.771019882852,.\Image\Alignment\2017\03\31\23.19.52 020\Head4.jpg
2017.03.31 23:22:44 990,TFT_SIDE5.46,0,RETRY,-0.7615,-0.5069,-0.6571,-0.6214,0.5987,0.01299,True,866.425130421935,658.530439110691,.\Image\Alignment\2017\03\31\23.22.44 990\Head1.jpg,True,810.035437416941,656.868670653003,.\Image\Alignment\2017\03\31\23.22.44 990\Head2.jpg,True,849.205851301837,638.286544340834,.\Image\Alignment\2017\03\31\23.22.44 990\Head3.jpg,True,827.60656624177,621.159986164642,.\Image\Alignment\2017\03\31\23.22.44 990\Head4.jpg
2017.03.31 23:22:46 775,TFT_SIDE5.46,0,RETRY,0.0217,-0.0314,-0.0308,0.0252,0.0005,0.00343,True,640.264095589745,485.081541041469,.\Image\Alignment\2017\03\31\23.22.46 775\Head1.jpg,True,652.853662133018,484.308821112767,.\Image\Alignment\2017\03\31\23.22.46 775\Head2.jpg,True,652.679529327888,481.880177916592,.\Image\Alignment\2017\03\31\23.22.46 775\Head3.jpg,True,639.338530693741,475.136507091763,.\Image\Alignment\2017\03\31\23.22.46 775\Head4.jpg
2017.03.31 23:22:48 616,TFT_SIDE5.46,0,RETRY,-0.0018,0.0019,0.0018,-0.0016,0.0015,-0.00019,True,640.144004770121,480.12993636379,.\Image\Alignment\2017\03\31\23.22.48 616\Head1.jpg,True,638.650678617647,483.401370677939,.\Image\Alignment\2017\03\31\23.22.48 616\Head2.jpg,True,638.664651676635,483.851758918814,.\Image\Alignment\2017\03\31\23.22.48 616\Head3.jpg,True,640.095539522116,480.667644256864,.\Image\Alignment\2017\03\31\23.22.48 616\Head4.jpg
2017.03.31 23:22:50 414,TFT_SIDE5.46,0,RETRY,0.0017,0.001,-0.0001,0.002,-0.0003,0.00024,True,639.954305914614,480.261561037903,.\Image\Alignment\2017\03\31\23.22.50 414\Head1.jpg,True,639.095348057944,482.64636745808,.\Image\Alignment\2017\03\31\23.22.50 414\Head2.jpg,True,639.3526190555,483.000984592889,.\Image\Alignment\2017\03\31\23.22.50 414\Head3.jpg,True,639.878627316964,479.575423132471,.\Image\Alignment\2017\03\31\23.22.50 414\Head4.jpg
2017.03.31 23:22:52 146,TFT_SIDE5.46,0,OK,-0.0003,0.0042,0.0042,0.0006,0,0,True,640.070123043238,479.958623647074,.\Image\Alignment\2017\03\31\23.22.52 146\Head1.jpg,True,638.873633146776,482.745231913163,.\Image\Alignment\2017\03\31\23.22.52 146\Head2.jpg,True,638.867374494015,483.459437979712,.\Image\Alignment\2017\03\31\23.22.52 146\Head3.jpg,True,639.830948162907,480.137074261443,.\Image\Alignment\2017\03\31\23.22.52 146\Head4.jpg
2017.03.31 23:23:10 667,TFT_SIDE5.46,90,RETRY,-0.8113,-0.622,-0.7688,-0.6667,0.1212,0.00531,True,864.403909548195,521.079435738076,.\Image\Alignment\2017\03\31\23.23.10 667\Head1.jpg,True,808.843749795099,518.213328954952,.\Image\Alignment\2017\03\31\23.23.10 667\Head2.jpg,True,847.565741599388,515.656699276863,.\Image\Alignment\2017\03\31\23.23.10 667\Head3.jpg,True,825.012505007302,506.968451168817,.\Image\Alignment\2017\03\31\23.23.10 667\Head4.jpg
2017.03.31 23:23:12 505,TFT_SIDE5.46,90,RETRY,-0.0042,0.0144,0.0179,-0.0044,0.0157,-0.00082,True,639.915857457844,482.825684713365,.\Image\Alignment\2017\03\31\23.23.12 505\Head1.jpg,True,635.512062392746,487.231548171379,.\Image\Alignment\2017\03\31\23.23.12 505\Head2.jpg,True,634.562468989274,487.8266414957,.\Image\Alignment\2017\03\31\23.23.12 505\Head3.jpg,True,639.946992111164,485.130976195616,.\Image\Alignment\2017\03\31\23.23.12 505\Head4.jpg
2017.03.31 23:23:14 345,TFT_SIDE5.46,90,OK,-0.0007,-0.0021,-0.0028,-0.0002,0,0,True,640.186687375438,479.431124085357,.\Image\Alignment\2017\03\31\23.23.14 345\Head1.jpg,True,640.558515471999,482.789809329071,.\Image\Alignment\2017\03\31\23.23.14 345\Head2.jpg,True,640.737154885417,482.868195825741,.\Image\Alignment\2017\03\31\23.23.14 345\Head3.jpg,True,640.064016286608,479.283721603214,.\Image\Alignment\2017\03\31\23.23.14 345\Head4.jpg
2017.03.31 23:26:17 992,TFT_SIDE5.46,0,RETRY,-0.724,-0.5658,-0.7135,-0.5829,0.5407,0.02975,True,885.975730686784,667.384373264428,.\Image\Alignment\2017\03\31\23.26.17 992\Head1.jpg,True,829.230540681933,642.340626097947,.\Image\Alignment\2017\03\31\23.26.17 992\Head2.jpg,True,867.783129055852,621.88944952152,.\Image\Alignment\2017\03\31\23.26.17 992\Head3.jpg,True,847.006760923945,581.536678409316,.\Image\Alignment\2017\03\31\23.26.17 992\Head4.jpg
2017.03.31 23:26:19 873,TFT_SIDE5.46,0,RETRY,-0.0042,0.0461,0.0463,-0.0011,0.0044,-0.00078,True,639.738899639511,480.039251579696,.\Image\Alignment\2017\03\31\23.26.19 873\Head1.jpg,True,626.226061137471,483.930746541185,.\Image\Alignment\2017\03\31\23.26.19 873\Head2.jpg,True,626.186615322732,484.711529135819,.\Image\Alignment\2017\03\31\23.26.19 873\Head3.jpg,True,638.893873347074,482.301652427497,.\Image\Alignment\2017\03\31\23.26.19 873\Head4.jpg
2017.03.31 23:26:21 646,TFT_SIDE5.46,0,OK,-0.0018,0.0012,0.0011,-0.0001,0,0,True,640.485562444225,480.28650513191,.\Image\Alignment\2017\03\31\23.26.21 646\Head1.jpg,True,639.685955040391,483.127647208238,.\Image\Alignment\2017\03\31\23.26.21 646\Head2.jpg,True,639.693700698194,483.993934704263,.\Image\Alignment\2017\03\31\23.26.21 646\Head3.jpg,True,640.026382590113,480.545254014836,.\Image\Alignment\2017\03\31\23.26.21 646\Head4.jpg
2017.03.31 23:26:40 060,TFT_SIDE5.46,90,RETRY,-0.7496,-0.6109,-0.758,-0.6061,0.1015,0.0194,True,868.378275938705,539.469998437448,.\Image\Alignment\2017\03\31\23.26.40 060\Head1.jpg,True,813.130748402191,522.018015498577,.\Image\Alignment\2017\03\31\23.26.40 060\Head2.jpg,True,851.938368022844,512.85416024812,.\Image\Alignment\2017\03\31\23.26.40 060\Head3.jpg,True,829.343380707362,485.702538177699,.\Image\Alignment\2017\03\31\23.26.40 060\Head4.jpg
2017.03.31 23:26:41 790,TFT_SIDE5.46,90,RETRY,-0.0098,0.0604,0.0622,-0.0101,0.049,-0.00159,True,640.317670578691,490.417469564993,.\Image\Alignment\2017\03\31\23.26.41 790\Head1.jpg,True,622.987171187813,495.754557771243,.\Image\Alignment\2017\03\31\23.26.41 790\Head2.jpg,True,622.458413476934,496.589678565742,.\Image\Alignment\2017\03\31\23.26.41 790\Head3.jpg,True,640.307441174681,494.857049098901,.\Image\Alignment\2017\03\31\23.26.41 790\Head4.jpg
2017.03.31 23:26:43 685,TFT_SIDE5.46,90,RETRY,0.0001,-0.005,-0.0062,0.0011,-0.0039,0.00021,True,640.273599894256,479.305318182299,.\Image\Alignment\2017\03\31\23.26.43 685\Head1.jpg,True,641.25192095444,482.695643236669,.\Image\Alignment\2017\03\31\23.26.43 685\Head2.jpg,True,641.572706859577,482.766971356589,.\Image\Alignment\2017\03\31\23.26.43 685\Head3.jpg,True,640.013193755456,478.705570403992,.\Image\Alignment\2017\03\31\23.26.43 685\Head4.jpg
2017.03.31 23:26:45 511,TFT_SIDE5.46,90,RETRY,-0.0008,0.0012,0.0016,-0.001,0.0014,-0.00011,True,640.070091241465,480.201284818564,.\Image\Alignment\2017\03\31\23.26.45 511\Head1.jpg,True,639.380068818999,483.915258124357,.\Image\Alignment\2017\03\31\23.26.45 511\Head2.jpg,True,639.256332599061,484.182140114887,.\Image\Alignment\2017\03\31\23.26.45 511\Head3.jpg,True,640.115802173613,480.501829724386,.\Image\Alignment\2017\03\31\23.26.45 511\Head4.jpg
2017.03.31 23:26:47 200,TFT_SIDE5.46,90,OK,0,0.0011,0.0005,0.0007,0,0,True,640.003267042342,480.187456460503,.\Image\Alignment\2017\03\31\23.26.47 200\Head1.jpg,True,639.716834893031,483.563625566885,.\Image\Alignment\2017\03\31\23.26.47 200\Head2.jpg,True,639.85970541548,483.72640626466,.\Image\Alignment\2017\03\31\23.26.47 200\Head3.jpg,True,639.815673151829,479.962881952802,.\Image\Alignment\2017\03\31\23.26.47 200\Head4.jpg
2017.03.31 23:28:23 352,TFT_SIDE5.46,90,RETRY,-0.7483,-0.6105,-0.7567,-0.6072,0.1084,0.01949,True,868.154560311841,541.444633713458,.\Image\Alignment\2017\03\31\23.28.23 352\Head1.jpg,True,813.476999950106,523.299745734363,.\Image\Alignment\2017\03\31\23.28.23 352\Head2.jpg,True,852.047888729153,513.714995824919,.\Image\Alignment\2017\03\31\23.28.23 352\Head3.jpg,True,829.768198206721,487.43077739291,.\Image\Alignment\2017\03\31\23.28.23 352\Head4.jpg
2017.03.31 23:28:25 231,TFT_SIDE5.46,90,RETRY,-0.0102,0.0619,0.0617,-0.0089,0.0445,-0.00148,True,640.578962900938,489.398760468652,.\Image\Alignment\2017\03\31\23.28.25 231\Head1.jpg,True,622.519548175681,494.476004462138,.\Image\Alignment\2017\03\31\23.28.25 231\Head2.jpg,True,622.538803662422,495.355625034902,.\Image\Alignment\2017\03\31\23.28.25 231\Head3.jpg,True,640.185975255594,493.514086222635,.\Image\Alignment\2017\03\31\23.28.25 231\Head4.jpg
2017.03.31 23:28:26 947,TFT_SIDE5.46,90,OK,-0.0013,-0.0067,-0.0027,-0.0004,0,0,True,640.342270163095,478.616801312558,.\Image\Alignment\2017\03\31\23.28.26 947\Head1.jpg,True,641.774536020438,482.348412008033,.\Image\Alignment\2017\03\31\23.28.26 947\Head2.jpg,True,640.707035292413,482.536623324743,.\Image\Alignment\2017\03\31\23.28.26 947\Head3.jpg,True,640.105135138146,478.801527926732,.\Image\Alignment\2017\03\31\23.28.26 947\Head4.jpg
2017.03.31 23:31:54 759,TFT_SIDE5.46,0,RETRY,-0.8183,-0.6482,-0.7964,-0.6787,0.6088,0.01779,True,890.078255138116,668.178645042283,.\Image\Alignment\2017\03\31\23.31.54 759\Head1.jpg,True,833.375120600109,655.893307746717,.\Image\Alignment\2017\03\31\23.31.54 759\Head2.jpg,True,871.976926127202,645.155783228944,.\Image\Alignment\2017\03\31\23.31.54 759\Head3.jpg,True,851.293432602131,616.970305212706,.\Image\Alignment\2017\03\31\23.31.54 759\Head4.jpg
2017.03.31 23:31:56 708,TFT_SIDE5.46,0,RETRY,0.0018,0.0371,0.034,0.0084,0.0021,0.00045,True,640.313029498762,481.216021707526,.\Image\Alignment\2017\03\31\23.31.56 708\Head1.jpg,True,629.547158164874,483.54697477287,.\Image\Alignment\2017\03\31\23.31.56 708\Head2.jpg,True,630.363414045593,483.837420788772,.\Image\Alignment\2017\03\31\23.31.56 708\Head3.jpg,True,638.537479292468,479.911721590285,.\Image\Alignment\2017\03\31\23.31.56 708\Head4.jpg
2017.03.31 23:31:58 466,TFT_SIDE5.46,0,RETRY,-0.0026,-0.0079,-0.0032,-0.0044,0.0037,-0.00023,True,640.296616212915,480.659570107081,.\Image\Alignment\2017\03\31\23.31.58 466\Head1.jpg,True,639.58600981073,483.272398966244,.\Image\Alignment\2017\03\31\23.31.58 466\Head2.jpg,True,638.340105778774,484.639064266879,.\Image\Alignment\2017\03\31\23.31.58 466\Head3.jpg,True,640.762928245133,481.333803979411,.\Image\Alignment\2017\03\31\23.31.58 466\Head4.jpg
2017.03.31 23:32:00 183,TFT_SIDE5.46,0,OK,0.0004,0.0086,0.0056,0.0004,0,0,True,639.897925293452,479.28947250341,.\Image\Alignment\2017\03\31\23.32.00 183\Head1.jpg,True,637.695349545547,482.160341460867,.\Image\Alignment\2017\03\31\23.32.00 183\Head2.jpg,True,638.495104709824,482.608464753988,.\Image\Alignment\2017\03\31\23.32.00 183\Head3.jpg,True,639.903714693813,479.31379023128,.\Image\Alignment\2017\03\31\23.32.00 183\Head4.jpg
2017.03.31 23:32:18 730,TFT_SIDE5.46,90,RETRY,-0.8216,-0.6371,-0.784,-0.6763,0.0404,0.00748,True,870.293153160228,503.16373504108,.\Image\Alignment\2017\03\31\23.32.18 730\Head1.jpg,True,814.260536053906,498.658119842621,.\Image\Alignment\2017\03\31\23.32.18 730\Head2.jpg,True,853.084054184381,494.839451548932,.\Image\Alignment\2017\03\31\23.32.18 730\Head3.jpg,True,830.800468501745,483.05659379744,.\Image\Alignment\2017\03\31\23.32.18 730\Head4.jpg
2017.03.31 23:32:20 556,TFT_SIDE5.46,90,RETRY,-0.005,0.0185,0.0223,-0.0067,0.0195,-0.00115,True,639.667750967184,483.275624394038,.\Image\Alignment\2017\03\31\23.32.20 556\Head1.jpg,True,633.934616374383,488.07506902342,.\Image\Alignment\2017\03\31\23.32.20 556\Head2.jpg,True,632.905792693326,489.098662212547,.\Image\Alignment\2017\03\31\23.32.20 556\Head3.jpg,True,640.092885715983,486.505253856698,.\Image\Alignment\2017\03\31\23.32.20 556\Head4.jpg
2017.03.31 23:32:22 314,TFT_SIDE5.46,90,RETRY,0.002,-0.0022,-0.0044,0.0025,-0.0027,0.00019,True,639.750454606909,479.616471009466,.\Image\Alignment\2017\03\31\23.32.22 314\Head1.jpg,True,640.322041380241,482.764916273795,.\Image\Alignment\2017\03\31\23.32.22 314\Head2.jpg,True,640.907777004457,483.00391213163,.\Image\Alignment\2017\03\31\23.32.22 314\Head3.jpg,True,639.61510946283,479.070137332337,.\Image\Alignment\2017\03\31\23.32.22 314\Head4.jpg
2017.03.31 23:32:24 060,TFT_SIDE5.46,90,OK,-0.0017,0.0021,0.0014,-0.0012,0,0,True,640.447036002365,480.347502486879,.\Image\Alignment\2017\03\31\23.32.24 060\Head1.jpg,True,639.432005858352,483.708085724247,.\Image\Alignment\2017\03\31\23.32.24 060\Head2.jpg,True,639.620239683405,483.918241458072,.\Image\Alignment\2017\03\31\23.32.24 060\Head3.jpg,True,640.328250863677,480.36674204237,.\Image\Alignment\2017\03\31\23.32.24 060\Head4.jpg
2017.03.31 23:35:11 762,TFT_SIDE5.46,0,RETRY,-0.7045,-0.5269,-0.6754,-0.5603,0.5448,0.03012,True,881.422186800313,669.029657651259,.\Image\Alignment\2017\03\31\23.35.11 762\Head1.jpg,True,824.337583454132,636.502879226298,.\Image\Alignment\2017\03\31\23.35.11 762\Head2.jpg,True,863.142249430462,613.045980966226,.\Image\Alignment\2017\03\31\23.35.11 762\Head3.jpg,True,841.628362301829,582.073503107387,.\Image\Alignment\2017\03\31\23.35.11 762\Head4.jpg
2017.03.31 23:35:13 507,TFT_SIDE5.46,0,RETRY,-0.0202,0.0086,0.0064,-0.0217,-0.0056,-0.00343,True,639.336354712819,473.552403317818,.\Image\Alignment\2017\03\31\23.35.13 507\Head1.jpg,True,631.229735308282,479.791371958693,.\Image\Alignment\2017\03\31\23.35.13 507\Head2.jpg,True,631.807865841067,483.311832022963,.\Image\Alignment\2017\03\31\23.35.13 507\Head3.jpg,True,639.725126877721,483.508858624162,.\Image\Alignment\2017\03\31\23.35.13 507\Head4.jpg
2017.03.31 23:35:15 197,TFT_SIDE5.46,0,OK,-0.0009,0.0025,0.0018,0.0011,0,0,True,640.2288619209,480.141125246993,.\Image\Alignment\2017\03\31\23.35.15 197\Head1.jpg,True,639.337229943002,482.903272919031,.\Image\Alignment\2017\03\31\23.35.15 197\Head2.jpg,True,639.516257258338,483.794809256059,.\Image\Alignment\2017\03\31\23.35.15 197\Head3.jpg,True,639.719216930014,480.10995229161,.\Image\Alignment\2017\03\31\23.35.15 197\Head4.jpg
2017.03.31 23:35:33 625,TFT_SIDE5.46,90,RETRY,-0.7203,-0.6072,-0.7533,-0.573,0.086,0.02186,True,864.133621040328,539.465764158653,.\Image\Alignment\2017\03\31\23.35.33 625\Head1.jpg,True,808.079034640581,509.268297261567,.\Image\Alignment\2017\03\31\23.35.33 625\Head2.jpg,True,846.6747687273,503.800536405756,.\Image\Alignment\2017\03\31\23.35.33 625\Head3.jpg,True,824.137386520672,478.75995477201,.\Image\Alignment\2017\03\31\23.35.33 625\Head4.jpg
2017.03.31 23:35:35 452,TFT_SIDE5.46,90,RETRY,-0.0368,0.0793,0.0775,-0.0369,0.0767,-0.00659,True,640.287270016687,489.466431052489,.\Image\Alignment\2017\03\31\23.35.35 452\Head1.jpg,True,614.71594852717,500.226085284496,.\Image\Alignment\2017\03\31\23.35.35 452\Head2.jpg,True,615.12914975996,504.003055203536,.\Image\Alignment\2017\03\31\23.35.35 452\Head3.jpg,True,640.184772047007,507.928985732098,.\Image\Alignment\2017\03\31\23.35.35 452\Head4.jpg
2017.03.31 23:35:37 321,TFT_SIDE5.46,90,RETRY,0.0038,-0.0214,-0.0194,0.002,-0.0131,0.00031,True,639.424962998681,477.010859317776,.\Image\Alignment\2017\03\31\23.35.37 321\Head1.jpg,True,645.576545937078,480.16395160061,.\Image\Alignment\2017\03\31\23.35.37 321\Head2.jpg,True,645.035122302252,480.284940927821,.\Image\Alignment\2017\03\31\23.35.37 321\Head3.jpg,True,639.924700949555,476.15179853584,.\Image\Alignment\2017\03\31\23.35.37 321\Head4.jpg
2017.03.31 23:35:39 037,TFT_SIDE5.46,90,OK,-0.0005,0.0027,0.0022,-0.0005,0,0,True,640.122538135332,480.193378925406,.\Image\Alignment\2017\03\31\23.35.39 037\Head1.jpg,True,639.267119229004,483.578634269989,.\Image\Alignment\2017\03\31\23.35.39 037\Head2.jpg,True,639.425476990565,483.687566147566,.\Image\Alignment\2017\03\31\23.35.39 037\Head3.jpg,True,640.124524954265,480.049212830685,.\Image\Alignment\2017\03\31\23.35.39 037\Head4.jpg
2017.03.31 23:42:04 635,TFT_SIDE5.46,0,RETRY,-0.7374,-0.5449,-0.6967,-0.596,0.6267,0.03444,True,897.845256839378,697.159585388816,.\Image\Alignment\2017\03\31\23.42.04 635\Head1.jpg,True,840.880215579338,659.184381974717,.\Image\Alignment\2017\03\31\23.42.04 635\Head2.jpg,True,880.500135529934,629.362085117833,.\Image\Alignment\2017\03\31\23.42.04 635\Head3.jpg,True,858.654986991402,597.659262649845,.\Image\Alignment\2017\03\31\23.42.04 635\Head4.jpg
2017.03.31 23:42:06 476,TFT_SIDE5.46,0,RETRY,0.0182,0.0303,0.0308,0.0221,-0.0069,0.00266,True,639.823439136866,481.998288663077,.\Image\Alignment\2017\03\31\23.42.06 476\Head1.jpg,True,635.198455990706,481.965886309416,.\Image\Alignment\2017\03\31\23.42.06 476\Head2.jpg,True,635.063696508445,480.166554978857,.\Image\Alignment\2017\03\31\23.42.06 476\Head3.jpg,True,638.826707816694,474.284819383042,.\Image\Alignment\2017\03\31\23.42.06 476\Head4.jpg
2017.03.31 23:42:08 238,TFT_SIDE5.46,0,RETRY,0,0.0005,-0.0001,0.0004,-0.0001,0.00011,True,640.192533764176,480.126712917339,.\Image\Alignment\2017\03\31\23.42.08 238\Head1.jpg,True,638.447363310041,482.739482575461,.\Image\Alignment\2017\03\31\23.42.08 238\Head2.jpg,True,638.574703051038,483.516503465361,.\Image\Alignment\2017\03\31\23.42.08 238\Head3.jpg,True,640.096614262769,479.809594396993,.\Image\Alignment\2017\03\31\23.42.08 238\Head4.jpg
2017.03.31 23:42:09 979,TFT_SIDE5.46,0,RETRY,0.0008,0.0022,0.0042,0.0008,-0.001,0.00011,True,639.991110056635,479.90348577288,.\Image\Alignment\2017\03\31\23.42.09 979\Head1.jpg,True,638.373877798636,482.329780936807,.\Image\Alignment\2017\03\31\23.42.09 979\Head2.jpg,True,637.843562168075,482.893501844403,.\Image\Alignment\2017\03\31\23.42.09 979\Head3.jpg,True,639.977211625285,479.583273892264,.\Image\Alignment\2017\03\31\23.42.09 979\Head4.jpg
2017.03.31 23:42:11 656,TFT_SIDE5.46,0,OK,0.0018,0.0066,0.0049,0.0016,0,0,True,639.508726082255,479.525069650425,.\Image\Alignment\2017\03\31\23.42.11 656\Head1.jpg,True,638.246044231702,481.893657864206,.\Image\Alignment\2017\03\31\23.42.11 656\Head2.jpg,True,638.689033886981,483.258220470453,.\Image\Alignment\2017\03\31\23.42.11 656\Head3.jpg,True,639.565412544493,479.738240533489,.\Image\Alignment\2017\03\31\23.42.11 656\Head4.jpg
2017.03.31 23:42:32 586,TFT_SIDE5.46,90,RETRY,-0.8236,-0.705,-0.8493,-0.6789,0.0988,0.02737,True,899.713996109674,552.102734219771,.\Image\Alignment\2017\03\31\23.42.32 586\Head1.jpg,True,844.31260185561,525.484045176671,.\Image\Alignment\2017\03\31\23.42.32 586\Head2.jpg,True,882.363230178451,510.759866456671,.\Image\Alignment\2017\03\31\23.42.32 586\Head3.jpg,True,860.29140579069,476.065809078789,.\Image\Alignment\2017\03\31\23.42.32 586\Head4.jpg
2017.03.31 23:42:34 453,TFT_SIDE5.46,90,RETRY,-0.0104,0.0815,0.0803,-0.0111,0.0613,-0.00177,True,640.209419036599,493.405806554319,.\Image\Alignment\2017\03\31\23.42.34 453\Head1.jpg,True,617.116976964638,498.533416481524,.\Image\Alignment\2017\03\31\23.42.34 453\Head2.jpg,True,617.377106891022,499.590690517727,.\Image\Alignment\2017\03\31\23.42.34 453\Head3.jpg,True,640.323090627439,498.324322890875,.\Image\Alignment\2017\03\31\23.42.34 453\Head4.jpg
2017.03.31 23:42:36 308,TFT_SIDE5.46,90,RETRY,0.0009,-0.005,-0.0056,0.0012,-0.0032,0.00014,True,639.972790252068,479.381277562756,.\Image\Alignment\2017\03\31\23.42.36 308\Head1.jpg,True,641.212177704414,482.636798954761,.\Image\Alignment\2017\03\31\23.42.36 308\Head2.jpg,True,641.350384133498,482.757857323158,.\Image\Alignment\2017\03\31\23.42.36 308\Head3.jpg,True,639.897425432653,478.989935811994,.\Image\Alignment\2017\03\31\23.42.36 308\Head4.jpg
2017.03.31 23:42:38 122,TFT_SIDE5.46,90,OK,-0.0003,0.0022,0.0023,0.0004,0,0,True,640.079766959712,480.181934608822,.\Image\Alignment\2017\03\31\23.42.38 122\Head1.jpg,True,639.414365609995,483.476261603601,.\Image\Alignment\2017\03\31\23.42.38 122\Head2.jpg,True,639.375177915718,483.512130565327,.\Image\Alignment\2017\03\31\23.42.38 122\Head3.jpg,True,639.889470322459,480.142092375874,.\Image\Alignment\2017\03\31\23.42.38 122\Head4.jpg
2017.03.31 23:47:47 305,TFT_SIDE5.46,0,RETRY,-0.8713,-0.671,-0.8229,-0.7311,0.3924,0.02073,True,909.394069490804,614.691651819358,.\Image\Alignment\2017\03\31\23.47.47 305\Head1.jpg,True,852.577322691299,597.279622517093,.\Image\Alignment\2017\03\31\23.47.47 305\Head2.jpg,True,892.413116218213,579.417587766706,.\Image\Alignment\2017\03\31\23.47.47 305\Head3.jpg,True,870.716806425457,555.297343558444,.\Image\Alignment\2017\03\31\23.47.47 305\Head4.jpg
2017.03.31 23:47:49 063,TFT_SIDE5.46,0,RETRY,-0.0034,-0.0019,-0.0006,0.0004,0.0108,-0.00054,True,639.938576927919,482.09905094547,.\Image\Alignment\2017\03\31\23.47.49 063\Head1.jpg,True,637.450941718655,485.266758974608,.\Image\Alignment\2017\03\31\23.47.49 063\Head2.jpg,True,637.079779129639,486.929936027566,.\Image\Alignment\2017\03\31\23.47.49 063\Head3.jpg,True,638.919158236675,483.658438358861,.\Image\Alignment\2017\03\31\23.47.49 063\Head4.jpg
2017.03.31 23:47:50 877,TFT_SIDE5.46,0,OK,0.0005,0.0077,0.0063,-0.0004,0,0,True,639.87224113159,480.086271290907,.\Image\Alignment\2017\03\31\23.47.50 877\Head1.jpg,True,637.959595049717,482.942082091479,.\Image\Alignment\2017\03\31\23.47.50 877\Head2.jpg,True,638.316721714353,483.749961332956,.\Image\Alignment\2017\03\31\23.47.50 877\Head3.jpg,True,640.100237088436,480.230137221647,.\Image\Alignment\2017\03\31\23.47.50 877\Head4.jpg
2017.03.31 23:48:09 359,TFT_SIDE5.46,90,RETRY,-0.6156,-0.4491,-0.5956,-0.4692,-0.0846,0.00912,True,817.633206204149,472.595125689806,.\Image\Alignment\2017\03\31\23.48.09 359\Head1.jpg,True,762.089133471448,466.825166631935,.\Image\Alignment\2017\03\31\23.48.09 359\Head2.jpg,True,800.963180604215,464.850750628303,.\Image\Alignment\2017\03\31\23.48.09 359\Head3.jpg,True,778.225304891258,447.719178199702,.\Image\Alignment\2017\03\31\23.48.09 359\Head4.jpg
2017.03.31 23:48:11 213,TFT_SIDE5.46,90,RETRY,-0.0046,0.0391,0.0406,-0.0067,0.0869,-0.00097,True,639.838637353262,501.572560316523,.\Image\Alignment\2017\03\31\23.48.11 213\Head1.jpg,True,628.861770817331,505.725727756522,.\Image\Alignment\2017\03\31\23.48.11 213\Head2.jpg,True,628.382284643152,506.37639735538,.\Image\Alignment\2017\03\31\23.48.11 213\Head3.jpg,True,640.276782623785,504.22370677727,.\Image\Alignment\2017\03\31\23.48.11 213\Head4.jpg
2017.03.31 23:48:12 999,TFT_SIDE5.46,90,OK,0.0013,-0.0024,-0.0037,0.002,0,0,True,639.649182556708,479.45267005969,.\Image\Alignment\2017\03\31\23.48.12 999\Head1.jpg,True,640.629181201291,482.822318742785,.\Image\Alignment\2017\03\31\23.48.12 999\Head2.jpg,True,640.982814772818,483.113407098799,.\Image\Alignment\2017\03\31\23.48.12 999\Head3.jpg,True,639.45923538404,479.178783091042,.\Image\Alignment\2017\03\31\23.48.12 999\Head4.jpg
2017.03.31 23:50:07 127,TFT_SIDE5.46,0,RETRY,-0.6335,-0.4678,-0.6158,-0.4879,0.5799,0.04946,True,896.581804516948,706.505346293468,.\Image\Alignment\2017\03\31\23.50.07 127\Head1.jpg,True,839.262888372539,667.290591648235,.\Image\Alignment\2017\03\31\23.50.07 127\Head2.jpg,True,877.863019522207,627.14577470631,.\Image\Alignment\2017\03\31\23.50.07 127\Head3.jpg,True,856.450130754762,563.466645632332,.\Image\Alignment\2017\03\31\23.50.07 127\Head4.jpg
2017.03.31 23:50:08 978,TFT_SIDE5.46,0,RETRY,-0.0474,-0.0089,-0.0121,-0.0496,0.0136,-0.00763,True,639.203797207309,472.587055587614,.\Image\Alignment\2017\03\31\23.50.08 978\Head1.jpg,True,627.222667085275,482.466816120389,.\Image\Alignment\2017\03\31\23.50.08 978\Head2.jpg,True,628.045872198617,490.710890908836,.\Image\Alignment\2017\03\31\23.50.08 978\Head3.jpg,True,639.724290861566,494.69774630842,.\Image\Alignment\2017\03\31\23.50.08 978\Head4.jpg
2017.03.31 23:50:10 791,TFT_SIDE5.46,0,OK,-0.0012,0.0044,0.0068,0.0021,0,0,True,640.330710467489,479.839939213135,.\Image\Alignment\2017\03\31\23.50.10 791\Head1.jpg,True,638.831491128009,482.566941460377,.\Image\Alignment\2017\03\31\23.50.10 791\Head2.jpg,True,638.186198247448,483.286939850991,.\Image\Alignment\2017\03\31\23.50.10 791\Head3.jpg,True,639.432151611764,479.808071692567,.\Image\Alignment\2017\03\31\23.50.10 791\Head4.jpg
2017.03.31 23:50:29 228,TFT_SIDE5.46,90,RETRY,-0.7939,-0.6967,-0.8411,-0.6489,0.123,0.0325,True,899.222038999763,567.177436470098,.\Image\Alignment\2017\03\31\23.50.29 228\Head1.jpg,True,843.623529872213,534.539740855344,.\Image\Alignment\2017\03\31\23.50.29 228\Head2.jpg,True,881.685042435099,518.435475561312,.\Image\Alignment\2017\03\31\23.50.29 228\Head3.jpg,True,859.705270454502,476.668601575624,.\Image\Alignment\2017\03\31\23.50.29 228\Head4.jpg
2017.03.31 23:50:31 000,TFT_SIDE5.46,90,RETRY,-0.0159,0.1027,0.101,-0.013,0.0745,-0.0021,True,641.219521919072,496.367287198905,.\Image\Alignment\2017\03\31\23.50.31 000\Head1.jpg,True,611.323494475708,502.014421462505,.\Image\Alignment\2017\03\31\23.50.31 000\Head2.jpg,True,611.723582116482,503.188880830913,.\Image\Alignment\2017\03\31\23.50.31 000\Head3.jpg,True,640.323777689113,502.210717829711,.\Image\Alignment\2017\03\31\23.50.31 000\Head4.jpg
2017.03.31 23:50:32 799,TFT_SIDE5.46,90,OK,0.0021,-0.0064,-0.0068,0.001,0,0,True,639.428765379629,478.635701545306,.\Image\Alignment\2017\03\31\23.50.32 799\Head1.jpg,True,641.698355469373,482.123343671469,.\Image\Alignment\2017\03\31\23.50.32 799\Head2.jpg,True,641.825742663092,482.376728057686,.\Image\Alignment\2017\03\31\23.50.32 799\Head3.jpg,True,639.737819140451,478.447150296404,.\Image\Alignment\2017\03\31\23.50.32 799\Head4.jpg
2017.03.31 23:53:24 392,TFT_SIDE5.46,0,RETRY,-0.8305,-0.6225,-0.7731,-0.6885,0.6171,0.02823,True,911.762244198947,685.589358796124,.\Image\Alignment\2017\03\31\23.53.24 392\Head1.jpg,True,855.110335417769,659.530099110254,.\Image\Alignment\2017\03\31\23.53.24 392\Head2.jpg,True,894.388831059826,633.257463301522,.\Image\Alignment\2017\03\31\23.53.24 392\Head3.jpg,True,872.321315644037,604.190440002793,.\Image\Alignment\2017\03\31\23.53.24 392\Head4.jpg
2017.03.31 23:53:26 260,TFT_SIDE5.46,0,RETRY,-0.0031,-0.0103,-0.0099,0.0003,-0.0182,-0.00071,True,639.567398980691,474.11481104038,.\Image\Alignment\2017\03\31\23.53.26 260\Head1.jpg,True,639.422593452931,477.506763630475,.\Image\Alignment\2017\03\31\23.53.26 260\Head2.jpg,True,639.326606891974,479.319632004016,.\Image\Alignment\2017\03\31\23.53.26 260\Head3.jpg,True,638.675312677286,476.197465858598,.\Image\Alignment\2017\03\31\23.53.26 260\Head4.jpg
2017.03.31 23:53:28 086,TFT_SIDE5.46,0,RETRY,-0.0018,-0.0004,-0.0013,-0.0054,0.0004,-0.00021,True,640.100019120853,479.809599781753,.\Image\Alignment\2017\03\31\23.53.28 086\Head1.jpg,True,638.546812195922,482.838689661476,.\Image\Alignment\2017\03\31\23.53.28 086\Head2.jpg,True,638.772472560844,483.691672598489,.\Image\Alignment\2017\03\31\23.53.28 086\Head3.jpg,True,641.067368771399,480.430689375352,.\Image\Alignment\2017\03\31\23.53.28 086\Head4.jpg
2017.03.31 23:53:29 723,TFT_SIDE5.46,0,RETRY,-0.0021,-0.0013,0.0001,0.0016,0.0011,0.00011,True,640.7617459208,480.446535696416,.\Image\Alignment\2017\03\31\23.53.29 723\Head1.jpg,True,638.985912613419,483.162740972997,.\Image\Alignment\2017\03\31\23.53.29 723\Head2.jpg,True,638.602237666249,483.902716202414,.\Image\Alignment\2017\03\31\23.53.29 723\Head3.jpg,True,639.762826323275,480.114357007004,.\Image\Alignment\2017\03\31\23.53.29 723\Head4.jpg
2017.03.31 23:53:31 467,TFT_SIDE5.46,0,RETRY,0.0007,0.0011,0.0007,-0.0002,0.0004,-0.0001,True,639.620557977147,479.961204375254,.\Image\Alignment\2017\03\31\23.53.31 467\Head1.jpg,True,638.253349007385,482.935487766061,.\Image\Alignment\2017\03\31\23.53.31 467\Head2.jpg,True,638.344093679545,483.732628377565,.\Image\Alignment\2017\03\31\23.53.31 467\Head3.jpg,True,639.862002349092,480.257150419703,.\Image\Alignment\2017\03\31\23.53.31 467\Head4.jpg
2017.03.31 23:53:33 157,TFT_SIDE5.46,0,OK,-0.0001,0.0057,0.0058,-0.0002,0,0,True,640.016057136712,479.964390155274,.\Image\Alignment\2017\03\31\23.53.33 157\Head1.jpg,True,638.484116379318,482.7444228906,.\Image\Alignment\2017\03\31\23.53.33 157\Head2.jpg,True,638.455751727441,483.389331847001,.\Image\Alignment\2017\03\31\23.53.33 157\Head3.jpg,True,640.06664562124,479.748645814614,.\Image\Alignment\2017\03\31\23.53.33 157\Head4.jpg
2017.03.31 23:53:51 681,TFT_SIDE5.46,90,RETRY,-0.8057,-0.6581,-0.8047,-0.6603,-0.0001,0.0176,True,880.74608234885,509.323003494756,.\Image\Alignment\2017\03\31\23.53.51 681\Head1.jpg,True,825.260831728635,493.650228598419,.\Image\Alignment\2017\03\31\23.53.51 681\Head2.jpg,True,864.037882164304,484.89516400317,.\Image\Alignment\2017\03\31\23.53.51 681\Head3.jpg,True,841.284125365366,460.792619310744,.\Image\Alignment\2017\03\31\23.53.51 681\Head4.jpg
2017.03.31 23:53:53 507,TFT_SIDE5.46,90,RETRY,-0.0105,0.0536,0.055,-0.0103,0.0417,-0.0015,True,640.624386696625,488.62442963697,.\Image\Alignment\2017\03\31\23.53.53 507\Head1.jpg,True,624.934751753018,493.401267653574,.\Image\Alignment\2017\03\31\23.53.53 507\Head2.jpg,True,624.525888684544,494.092040747693,.\Image\Alignment\2017\03\31\23.53.53 507\Head3.jpg,True,640.522203649434,492.802737918584,.\Image\Alignment\2017\03\31\23.53.53 507\Head4.jpg
2017.03.31 23:53:55 348,TFT_SIDE5.46,90,OK,0.0004,-0.0028,-0.0042,-0.0005,0,0,True,639.89460719736,479.01299781906,.\Image\Alignment\2017\03\31\23.53.55 348\Head1.jpg,True,640.753285156241,482.200727715516,.\Image\Alignment\2017\03\31\23.53.55 348\Head2.jpg,True,641.132937096497,482.074476194058,.\Image\Alignment\2017\03\31\23.53.55 348\Head3.jpg,True,640.134186416018,478.878471072521,.\Image\Alignment\2017\03\31\23.53.55 348\Head4.jpg
2017.03.31 23:56:47 279,TFT_SIDE5.46,0,RETRY,-0.6991,-0.5472,-0.6989,-0.5568,0.635,0.03526,True,889.056833020593,700.57411866089,.\Image\Alignment\2017\03\31\23.56.47 279\Head1.jpg,True,831.850505363921,664.199777679085,.\Image\Alignment\2017\03\31\23.56.47 279\Head2.jpg,True,871.400729887125,639.618887160869,.\Image\Alignment\2017\03\31\23.56.47 279\Head3.jpg,True,849.663547331414,598.629862203115,.\Image\Alignment\2017\03\31\23.56.47 279\Head4.jpg
2017.03.31 23:56:49 105,TFT_SIDE5.46,0,RETRY,-0.0026,0.0498,0.0511,-0.0006,-0.0129,-0.00041,True,639.965831874554,475.955068584386,.\Image\Alignment\2017\03\31\23.56.49 105\Head1.jpg,True,624.846734351434,479.592583817129,.\Image\Alignment\2017\03\31\23.56.49 105\Head2.jpg,True,624.492121616808,480.595089840864,.\Image\Alignment\2017\03\31\23.56.49 105\Head3.jpg,True,639.457985931119,477.161004522583,.\Image\Alignment\2017\03\31\23.56.49 105\Head4.jpg
2017.03.31 23:56:50 878,TFT_SIDE5.46,0,RETRY,0.0001,-0.0028,-0.0058,0.0003,0.0014,0.00014,True,640.231259526937,480.584224125749,.\Image\Alignment\2017\03\31\23.56.50 878\Head1.jpg,True,638.140748418655,482.715777740972,.\Image\Alignment\2017\03\31\23.56.50 878\Head2.jpg,True,638.931938954666,484.138600468791,.\Image\Alignment\2017\03\31\23.56.50 878\Head3.jpg,True,640.158129209719,480.173281503944,.\Image\Alignment\2017\03\31\23.56.50 878\Head4.jpg
2017.03.31 23:56:52 720,TFT_SIDE5.46,0,RETRY,-0.0025,0.0017,0.0045,-0.0019,0.0002,-0.00016,True,640.399875401624,479.820183462979,.\Image\Alignment\2017\03\31\23.56.52 720\Head1.jpg,True,637.59155595596,482.382547837667,.\Image\Alignment\2017\03\31\23.56.52 720\Head2.jpg,True,636.844190491354,483.435938092274,.\Image\Alignment\2017\03\31\23.56.52 720\Head3.jpg,True,640.234507017775,480.276149428125,.\Image\Alignment\2017\03\31\23.56.52 720\Head4.jpg
2017.03.31 23:56:54 465,TFT_SIDE5.46,0,OK,0.0007,0.0066,0.0055,0.0012,0,0,True,639.812450216513,479.87058288725,.\Image\Alignment\2017\03\31\23.56.54 465\Head1.jpg,True,638.240121675375,482.611890490988,.\Image\Alignment\2017\03\31\23.56.54 465\Head2.jpg,True,638.525415018321,483.562239380537,.\Image\Alignment\2017\03\31\23.56.54 465\Head3.jpg,True,639.682062638119,480.018658657799,.\Image\Alignment\2017\03\31\23.56.54 465\Head4.jpg
2017.03.31 23:57:13 003,TFT_SIDE5.46,90,RETRY,-0.8293,-0.707,-0.8523,-0.6832,0.1201,0.02512,True,897.980281697418,554.002781402862,.\Image\Alignment\2017\03\31\23.57.13 003\Head1.jpg,True,842.203362160929,529.446203644024,.\Image\Alignment\2017\03\31\23.57.13 003\Head2.jpg,True,880.494892006936,517.146245244341,.\Image\Alignment\2017\03\31\23.57.13 003\Head3.jpg,True,858.12772644825,484.270234071563,.\Image\Alignment\2017\03\31\23.57.13 003\Head4.jpg
2017.03.31 23:57:14 896,TFT_SIDE5.46,90,RETRY,-0.0101,0.0784,0.0784,-0.0105,0.0602,-0.00186,True,640.018194365832,492.970419743937,.\Image\Alignment\2017\03\31\23.57.14 896\Head1.jpg,True,617.742421662584,498.530357568052,.\Image\Alignment\2017\03\31\23.57.14 896\Head2.jpg,True,617.677703589378,499.758593103855,.\Image\Alignment\2017\03\31\23.57.14 896\Head3.jpg,True,640.03034736449,498.145219600755,.\Image\Alignment\2017\03\31\23.57.14 896\Head4.jpg
2017.03.31 23:57:16 722,TFT_SIDE5.46,90,RETRY,0.0029,-0.0052,-0.006,0.0009,-0.0063,0.00033,True,639.706807106923,478.87689494625,.\Image\Alignment\2017\03\31\23.57.16 722\Head1.jpg,True,641.429623404364,482.209535210757,.\Image\Alignment\2017\03\31\23.57.16 722\Head2.jpg,True,641.613700320276,482.180205957296,.\Image\Alignment\2017\03\31\23.57.16 722\Head3.jpg,True,640.243419943494,477.950797338994,.\Image\Alignment\2017\03\31\23.57.16 722\Head4.jpg
2017.03.31 23:57:18 410,TFT_SIDE5.46,90,OK,-0.0016,0.0026,0.0035,0.0019,0,0,True,640.429538538439,480.174756369093,.\Image\Alignment\2017\03\31\23.57.18 410\Head1.jpg,True,639.295543529007,483.462181059668,.\Image\Alignment\2017\03\31\23.57.18 410\Head2.jpg,True,639.065249225539,483.849843910412,.\Image\Alignment\2017\03\31\23.57.18 410\Head3.jpg,True,639.505978950106,480.316217967582,.\Image\Alignment\2017\03\31\23.57.18 410\Head4.jpg
2017.03.31 23:57:31 736,TFT_SIDE5.46,90,OK,-0.0008,0.0037,0.0044,0.0019,0,0,True,640.21284125001,479.933427887494,.\Image\Alignment\2017\03\31\23.57.31 736\Head1.jpg,True,639.00402167247,483.276520970058,.\Image\Alignment\2017\03\31\23.57.31 736\Head2.jpg,True,638.815003441974,483.433660166021,.\Image\Alignment\2017\03\31\23.57.31 736\Head3.jpg,True,639.483372154799,479.741594853197,.\Image\Alignment\2017\03\31\23.57.31 736\Head4.jpg
2017.03.31 23:58:34 296,TFT_SIDE5.46,90,RETRY,-0.8235,-0.6999,-0.8474,-0.682,0.1221,0.02569,True,897.267636040457,555.520260408931,.\Image\Alignment\2017\03\31\23.58.34 296\Head1.jpg,True,842.265174997985,530.177989645179,.\Image\Alignment\2017\03\31\23.58.34 296\Head2.jpg,True,881.136373903132,516.093213940003,.\Image\Alignment\2017\03\31\23.58.34 296\Head3.jpg,True,858.666551567715,484.160361141258,.\Image\Alignment\2017\03\31\23.58.34 296\Head4.jpg
2017.03.31 23:58:36 149,TFT_SIDE5.46,90,RETRY,-0.0163,0.0747,0.0761,-0.013,0.0568,-0.00219,True,641.175295164838,491.499457306081,.\Image\Alignment\2017\03\31\23.58.36 149\Head1.jpg,True,618.821833000661,497.408715550288,.\Image\Alignment\2017\03\31\23.58.36 149\Head2.jpg,True,618.409490649089,498.544141304637,.\Image\Alignment\2017\03\31\23.58.36 149\Head3.jpg,True,640.210571933225,497.61676109744,.\Image\Alignment\2017\03\31\23.58.36 149\Head4.jpg
2017.03.31 23:58:38 056,TFT_SIDE5.46,90,RETRY,0.0025,-0.0069,-0.0053,0.003,-0.0054,0.00019,True,639.590535952626,478.874729519827,.\Image\Alignment\2017\03\31\23.58.38 056\Head1.jpg,True,641.764167326938,482.158341030442,.\Image\Alignment\2017\03\31\23.58.38 056\Head2.jpg,True,641.326891996104,482.224475953393,.\Image\Alignment\2017\03\31\23.58.38 056\Head3.jpg,True,639.467804915862,478.350297300054,.\Image\Alignment\2017\03\31\23.58.38 056\Head4.jpg
2017.03.31 23:58:39 801,TFT_SIDE5.46,90,OK,-0.0006,0.0014,0.0008,-0.0012,0,0,True,640.149806234229,480.073690057865,.\Image\Alignment\2017\03\31\23.58.39 801\Head1.jpg,True,639.616966284814,483.250265454605,.\Image\Alignment\2017\03\31\23.58.39 801\Head2.jpg,True,639.78254312789,483.598970471078,.\Image\Alignment\2017\03\31\23.58.39 801\Head3.jpg,True,640.327244588873,479.819140529652,.\Image\Alignment\2017\03\31\23.58.39 801\Head4.jpg
